0.16457960644007155
0.17889087656529518
0.17889087656529518
0.17889087656529518
0.18604651162790697
0.18604651162790697
0.17889087656529518
0.17889087656529518
0.18604651162790697
0.18604651162790697
0.18604651162790697
0.18604651162790697
0.18604651162790697
0.18604651162790697
0.18604651162790697
0.18604651162790697
0.18604651162790697
0.18604651162790697
0.18604651162790697
0.18604651162790697
0.18604651162790697
0.18604651162790697
0.18604651162790697
0.18604651162790697
0.18604651162790697
0.18604651162790697
0.18604651162790697
0.18604651162790697
0.18604651162790697
0.18604651162790697
0.18604651162790697
0.18604651162790697
0.18604651162790697
0.18604651162790697
0.18604651162790697
0.18604651162790697
0.18604651162790697
0.18604651162790697
0.18604651162790697
0.18604651162790697
0.18604651162790697
0.18604651162790697
0.18604651162790697
0.18604651162790697
0.18604651162790697
0.18604651162790697
0.18604651162790697
0.18604651162790697
0.18604651162790697
0.18604651162790697
