0.17889087656529518
0.19320214669051877
0.19320214669051877
0.19320214669051877
0.19320214669051877
0.19320214669051877
0.19320214669051877
0.19320214669051877
0.19320214669051877
0.19320214669051877
0.19320214669051877
0.19320214669051877
0.19320214669051877
0.19320214669051877
0.19320214669051877
0.19320214669051877
0.19320214669051877
0.19320214669051877
0.19320214669051877
0.19320214669051877
0.19320214669051877
0.19320214669051877
0.19320214669051877
0.19320214669051877
0.19320214669051877
0.19320214669051877
0.19320214669051877
0.19320214669051877
0.19320214669051877
0.19320214669051877
0.19320214669051877
0.19320214669051877
0.19320214669051877
0.19320214669051877
0.19320214669051877
0.19320214669051877
0.19320214669051877
0.19320214669051877
0.19320214669051877
0.19320214669051877
0.19320214669051877
0.19320214669051877
0.19320214669051877
0.19320214669051877
0.19320214669051877
0.19320214669051877
0.19320214669051877
0.19320214669051877
0.19320214669051877
0.19320214669051877
