2.2540250447227193
2.776386404293381
2.783542039355993
2.7906976744186047
2.7906976744186047
2.7906976744186047
2.7906976744186047
2.7906976744186047
2.7906976744186047
2.7906976744186047
2.7906976744186047
2.7906976744186047
2.7906976744186047
2.7906976744186047
2.7906976744186047
2.7906976744186047
2.7906976744186047
2.7906976744186047
2.7906976744186047
2.7906976744186047
2.7906976744186047
2.7906976744186047
2.7906976744186047
2.7906976744186047
2.7906976744186047
2.7906976744186047
2.7906976744186047
2.7906976744186047
2.7906976744186047
2.7906976744186047
2.7906976744186047
2.7906976744186047
2.7906976744186047
2.7906976744186047
2.7906976744186047
2.7906976744186047
2.7906976744186047
2.7906976744186047
2.7906976744186047
2.7906976744186047
2.7906976744186047
2.7906976744186047
2.7906976744186047
2.7906976744186047
2.7906976744186047
2.7906976744186047
2.7906976744186047
2.7906976744186047
2.7906976744186047
2.7906976744186047
