0.11627906976744186
0.10554561717352415
0.1001788908765653
0.09838998211091235
0.08586762075134168
0.08586762075134168
0.08228980322003578
0.08228980322003578
0.08228980322003578
0.07692307692307693
0.08765652951699464
0.08586762075134168
0.08050089445438283
0.08228980322003578
0.08228980322003578
0.08050089445438283
0.08050089445438283
0.08228980322003578
0.07692307692307693
0.08228980322003578
0.08228980322003578
0.08228980322003578
0.08228980322003578
0.08228980322003578
0.08228980322003578
0.08050089445438283
0.08050089445438283
0.08228980322003578
0.08228980322003578
0.08228980322003578
0.08228980322003578
0.08228980322003578
0.08050089445438283
0.07871198568872988
0.08050089445438283
0.08050089445438283
0.08050089445438283
0.08050089445438283
0.08050089445438283
0.08228980322003578
0.07871198568872988
0.07692307692307693
0.07692307692307693
0.08050089445438283
0.08050089445438283
0.08050089445438283
0.08407871198568873
0.08228980322003578
0.08228980322003578
0.08228980322003578
