0.659846547314578
0.659846547314578
0.659846547314578
0.659846547314578
0.659846547314578
0.659846547314578
0.659846547314578
0.659846547314578
0.659846547314578
0.659846547314578
0.659846547314578
0.659846547314578
0.659846547314578
0.6675191815856778
0.6777493606138107
0.6828644501278772
0.680306905370844
0.6854219948849105
0.7161125319693095
0.7289002557544757
0.7391304347826086
0.7416879795396419
0.7493606138107417
0.7468030690537084
0.7493606138107417
0.7544757033248082
0.7595907928388747
0.7647058823529411
0.7698209718670077
0.7723785166240409
0.7774936061381074
0.7800511508951407
0.7723785166240409
0.7723785166240409
0.7800511508951407
0.7800511508951407
0.7800511508951407
0.7800511508951407
0.7774936061381074
0.7749360613810742
0.7749360613810742
0.7774936061381074
0.782608695652174
0.7774936061381074
0.7800511508951407
0.7800511508951407
0.7800511508951407
0.7774936061381074
0.7800511508951407
0.7800511508951407
0.782608695652174
0.782608695652174
0.782608695652174
0.7851662404092071
0.7851662404092071
0.7851662404092071
0.782608695652174
0.782608695652174
0.782608695652174
0.7851662404092071
0.7851662404092071
0.7851662404092071
0.7877237851662404
0.7877237851662404
0.7877237851662404
0.7877237851662404
0.7902813299232737
0.7902813299232737
0.7928388746803069
0.7928388746803069
0.7928388746803069
0.7928388746803069
0.7953964194373402
0.7953964194373402
0.7953964194373402
0.7953964194373402
0.7953964194373402
0.7953964194373402
0.7953964194373402
0.7953964194373402
0.7953964194373402
0.7953964194373402
0.7953964194373402
0.7953964194373402
0.7953964194373402
0.7953964194373402
0.7953964194373402
0.7953964194373402
0.7953964194373402
0.7953964194373402
0.7953964194373402
0.7953964194373402
0.7953964194373402
0.7953964194373402
0.7953964194373402
0.7953964194373402
0.7979539641943734
0.7979539641943734
0.7979539641943734
0.7979539641943734
0.7979539641943734
0.7979539641943734
0.7979539641943734
0.7979539641943734
0.7979539641943734
0.7979539641943734
0.7979539641943734
0.7979539641943734
0.7979539641943734
0.7979539641943734
0.7979539641943734
0.7979539641943734
0.8005115089514067
0.8005115089514067
0.8005115089514067
0.8005115089514067
0.8005115089514067
0.8005115089514067
0.8005115089514067
0.8005115089514067
0.80306905370844
0.80306905370844
0.80306905370844
0.80306905370844
0.80306905370844
0.80306905370844
0.80306905370844
0.80306905370844
0.80306905370844
0.80306905370844
0.80306905370844
0.80306905370844
0.80306905370844
0.80306905370844
0.80306905370844
0.80306905370844
0.80306905370844
0.80306905370844
0.80306905370844
0.80306905370844
0.80306905370844
0.80306905370844
0.80306905370844
0.80306905370844
0.8005115089514067
0.8005115089514067
0.8005115089514067
0.8005115089514067
0.8005115089514067
0.7979539641943734
0.7979539641943734
0.7979539641943734
0.7979539641943734
0.7979539641943734
0.7979539641943734
0.7979539641943734
0.7979539641943734
0.7979539641943734
0.7979539641943734
0.7979539641943734
0.7979539641943734
0.7979539641943734
0.7979539641943734
0.7979539641943734
0.7979539641943734
0.7979539641943734
0.7979539641943734
0.7979539641943734
0.7979539641943734
0.7979539641943734
0.7979539641943734
0.7979539641943734
0.7979539641943734
0.7979539641943734
0.7979539641943734
0.7979539641943734
0.7979539641943734
0.7979539641943734
0.7979539641943734
0.7979539641943734
0.7979539641943734
0.7979539641943734
0.7979539641943734
0.7979539641943734
0.7979539641943734
0.7979539641943734
0.7979539641943734
0.7979539641943734
0.7979539641943734
0.7979539641943734
0.7979539641943734
0.7979539641943734
0.7979539641943734
0.7979539641943734
0.7979539641943734
0.7979539641943734
0.7979539641943734
0.7953964194373402
0.7953964194373402
0.7953964194373402
0.7953964194373402
0.7953964194373402
0.7953964194373402
0.7953964194373402
0.7953964194373402
0.7953964194373402
0.7953964194373402
0.7953964194373402
0.7953964194373402
0.7953964194373402
0.7953964194373402
0.7953964194373402
0.7953964194373402
0.7953964194373402
0.7928388746803069
0.7928388746803069
0.7928388746803069
0.7928388746803069
0.7928388746803069
0.7928388746803069
0.7928388746803069
0.7928388746803069
0.7928388746803069
0.7928388746803069
0.7928388746803069
0.7928388746803069
0.7928388746803069
0.7928388746803069
0.7928388746803069
0.7928388746803069
0.7928388746803069
0.7928388746803069
0.7928388746803069
0.7928388746803069
0.7928388746803069
0.7928388746803069
0.7928388746803069
0.7928388746803069
0.7928388746803069
0.7928388746803069
0.7928388746803069
0.7928388746803069
0.7928388746803069
0.7928388746803069
0.7928388746803069
0.7928388746803069
0.7928388746803069
0.7928388746803069
0.7928388746803069
0.7928388746803069
0.7928388746803069
0.7928388746803069
0.7928388746803069
0.7928388746803069
0.7928388746803069
0.7928388746803069
0.7902813299232737
0.7902813299232737
0.7902813299232737
0.7902813299232737
0.7902813299232737
0.7902813299232737
0.7902813299232737
0.7902813299232737
0.7902813299232737
0.7902813299232737
0.7902813299232737
0.7902813299232737
0.7902813299232737
0.7902813299232737
0.7902813299232737
0.7902813299232737
0.7902813299232737
0.7902813299232737
0.7902813299232737
0.7902813299232737
0.7902813299232737
0.7902813299232737
0.7902813299232737
0.7902813299232737
0.7902813299232737
0.7902813299232737
0.7902813299232737
0.7902813299232737
0.7902813299232737
0.7902813299232737
0.7902813299232737
0.7902813299232737
0.7902813299232737
0.7902813299232737
0.7902813299232737
0.7902813299232737
0.7902813299232737
0.7902813299232737
0.7928388746803069
0.7928388746803069
0.7902813299232737
0.7902813299232737
0.7902813299232737
0.7902813299232737
0.7928388746803069
0.7928388746803069
0.7928388746803069
0.7928388746803069
0.7928388746803069
0.7928388746803069
0.7928388746803069
0.7928388746803069
0.7928388746803069
0.7928388746803069
0.7928388746803069
0.7928388746803069
0.7928388746803069
0.7928388746803069
0.7953964194373402
0.7953964194373402
0.7953964194373402
0.7953964194373402
0.7953964194373402
0.7953964194373402
0.7953964194373402
0.7953964194373402
0.7953964194373402
0.7953964194373402
0.7953964194373402
0.7953964194373402
0.7953964194373402
0.7953964194373402
0.7953964194373402
0.7953964194373402
0.7953964194373402
0.7953964194373402
0.7953964194373402
0.7953964194373402
0.7953964194373402
0.7953964194373402
0.7953964194373402
0.7953964194373402
0.7953964194373402
0.7953964194373402
0.7953964194373402
0.7953964194373402
0.7953964194373402
0.7953964194373402
0.7953964194373402
0.7953964194373402
0.7953964194373402
0.7953964194373402
0.7953964194373402
0.7953964194373402
0.7953964194373402
0.7953964194373402
0.7953964194373402
0.7953964194373402
0.7953964194373402
0.7953964194373402
0.7953964194373402
0.7953964194373402
0.7953964194373402
0.7953964194373402
0.7953964194373402
0.7953964194373402
0.7953964194373402
0.7953964194373402
0.7953964194373402
0.7953964194373402
0.7953964194373402
0.7953964194373402
0.7953964194373402
0.7953964194373402
0.7953964194373402
0.7953964194373402
0.7953964194373402
0.7953964194373402
0.7953964194373402
0.7953964194373402
0.7953964194373402
0.7953964194373402
0.7953964194373402
0.7953964194373402
0.7953964194373402
0.7953964194373402
0.7953964194373402
0.7953964194373402
0.7953964194373402
0.7953964194373402
0.7953964194373402
0.7953964194373402
0.7953964194373402
0.7953964194373402
0.7953964194373402
0.7953964194373402
0.7953964194373402
0.7953964194373402
0.7953964194373402
0.7953964194373402
0.7953964194373402
0.7953964194373402
0.7953964194373402
0.7953964194373402
0.7953964194373402
0.7953964194373402
0.7953964194373402
0.7953964194373402
0.7953964194373402
0.7928388746803069
0.7928388746803069
0.7928388746803069
0.7928388746803069
0.7928388746803069
0.7928388746803069
0.7928388746803069
0.7928388746803069
0.7928388746803069
0.7928388746803069
0.7928388746803069
0.7928388746803069
0.7928388746803069
0.7928388746803069
0.7928388746803069
0.7928388746803069
0.7928388746803069
0.7928388746803069
0.7928388746803069
0.7928388746803069
0.7928388746803069
0.7928388746803069
0.7928388746803069
0.7928388746803069
0.7928388746803069
0.7928388746803069
0.7928388746803069
0.7928388746803069
0.7928388746803069
0.7902813299232737
0.7877237851662404
0.7877237851662404
0.7877237851662404
0.7877237851662404
0.7877237851662404
0.7877237851662404
0.7877237851662404
0.7877237851662404
0.7877237851662404
0.7877237851662404
0.7877237851662404
0.7877237851662404
0.7877237851662404
0.7877237851662404
0.7877237851662404
0.7877237851662404
0.7877237851662404
0.7877237851662404
0.7877237851662404
0.7877237851662404
0.7877237851662404
0.7877237851662404
0.7877237851662404
0.7877237851662404
0.7877237851662404
0.7877237851662404
0.7877237851662404
0.7877237851662404
0.7877237851662404
0.7877237851662404
0.7877237851662404
0.7877237851662404
0.7877237851662404
0.7877237851662404
0.7877237851662404
0.7877237851662404
0.7877237851662404
0.7877237851662404
0.7877237851662404
0.7877237851662404
0.7877237851662404
0.7877237851662404
0.7877237851662404
0.7877237851662404
0.7877237851662404
0.7877237851662404
0.7877237851662404
0.7877237851662404
0.7877237851662404
0.7877237851662404
0.7877237851662404
0.7877237851662404
0.7877237851662404
0.7877237851662404
0.7877237851662404
0.7877237851662404
0.7877237851662404
0.7877237851662404
0.7877237851662404
0.7877237851662404
0.7877237851662404
0.7877237851662404
0.7877237851662404
0.7877237851662404
0.7877237851662404
0.7877237851662404
0.7877237851662404
0.7877237851662404
0.7877237851662404
0.7877237851662404
0.7877237851662404
0.7877237851662404
0.7877237851662404
0.7877237851662404
0.7877237851662404
0.7877237851662404
0.7877237851662404
0.7877237851662404
0.7877237851662404
0.7877237851662404
0.7877237851662404
0.7877237851662404
0.7877237851662404
0.7877237851662404
0.7877237851662404
0.7877237851662404
0.7877237851662404
0.7877237851662404
0.7877237851662404
0.7877237851662404
0.7877237851662404
0.7877237851662404
0.7877237851662404
0.7877237851662404
0.7877237851662404
0.7877237851662404
0.7877237851662404
0.7877237851662404
0.7902813299232737
0.7902813299232737
0.7902813299232737
0.7902813299232737
0.7902813299232737
0.7902813299232737
0.7902813299232737
0.7902813299232737
0.7902813299232737
0.7902813299232737
0.7902813299232737
0.7902813299232737
0.7902813299232737
0.7902813299232737
0.7902813299232737
0.7902813299232737
0.7902813299232737
0.7902813299232737
0.7902813299232737
0.7902813299232737
0.7902813299232737
0.7877237851662404
0.7877237851662404
0.7877237851662404
0.7877237851662404
0.7902813299232737
0.7902813299232737
0.7902813299232737
0.7902813299232737
0.7902813299232737
0.7902813299232737
0.7902813299232737
0.7902813299232737
0.7902813299232737
0.7902813299232737
0.7902813299232737
0.7902813299232737
0.7902813299232737
0.7877237851662404
0.7877237851662404
0.7877237851662404
0.7877237851662404
0.7877237851662404
0.7877237851662404
0.7851662404092071
0.7851662404092071
0.7851662404092071
0.7851662404092071
0.7851662404092071
0.7851662404092071
0.7851662404092071
0.7851662404092071
0.7851662404092071
0.7851662404092071
0.7851662404092071
0.7851662404092071
0.7851662404092071
0.7851662404092071
0.7851662404092071
0.7851662404092071
0.7851662404092071
0.7851662404092071
0.7877237851662404
0.7877237851662404
0.7877237851662404
0.7877237851662404
0.7877237851662404
0.7877237851662404
0.7877237851662404
0.7902813299232737
0.7902813299232737
0.7902813299232737
0.7902813299232737
0.7902813299232737
0.7902813299232737
0.7902813299232737
0.7902813299232737
0.7902813299232737
0.7902813299232737
0.7902813299232737
0.7902813299232737
0.7902813299232737
0.7902813299232737
0.7902813299232737
0.7902813299232737
0.7902813299232737
0.7902813299232737
0.7902813299232737
0.7902813299232737
0.7902813299232737
0.7902813299232737
0.7902813299232737
0.7902813299232737
0.7902813299232737
0.7902813299232737
0.7902813299232737
0.7902813299232737
0.7902813299232737
0.7902813299232737
0.7902813299232737
0.7902813299232737
0.7902813299232737
0.7902813299232737
0.7902813299232737
0.7902813299232737
0.7902813299232737
0.7902813299232737
0.7902813299232737
0.7902813299232737
0.7902813299232737
0.7902813299232737
0.7902813299232737
0.7902813299232737
0.7902813299232737
0.7902813299232737
0.7902813299232737
0.7902813299232737
0.7902813299232737
0.7902813299232737
0.7902813299232737
0.7902813299232737
0.7902813299232737
0.7902813299232737
0.7902813299232737
0.7902813299232737
0.7902813299232737
0.7902813299232737
0.7902813299232737
0.7902813299232737
0.7902813299232737
0.7902813299232737
0.7902813299232737
0.7902813299232737
0.7902813299232737
0.7902813299232737
0.7928388746803069
0.7928388746803069
0.7928388746803069
0.7928388746803069
0.7928388746803069
0.7928388746803069
0.7928388746803069
0.7928388746803069
0.7928388746803069
0.7928388746803069
0.7928388746803069
0.7928388746803069
0.7953964194373402
0.7953964194373402
0.7953964194373402
0.7953964194373402
0.7953964194373402
0.7953964194373402
0.7953964194373402
0.7953964194373402
0.7953964194373402
0.7953964194373402
0.7953964194373402
0.7953964194373402
0.7953964194373402
0.7953964194373402
0.7953964194373402
0.7953964194373402
0.7953964194373402
0.7953964194373402
0.7953964194373402
0.7953964194373402
0.7953964194373402
0.7953964194373402
0.7953964194373402
0.7953964194373402
0.7953964194373402
0.7953964194373402
0.7953964194373402
0.7953964194373402
0.7953964194373402
0.7953964194373402
0.7953964194373402
0.7953964194373402
0.7953964194373402
0.7953964194373402
0.7953964194373402
0.7953964194373402
0.7953964194373402
0.7953964194373402
0.7953964194373402
0.7953964194373402
0.7953964194373402
0.7953964194373402
0.7953964194373402
0.7953964194373402
0.7953964194373402
0.7953964194373402
0.7953964194373402
0.7953964194373402
0.7953964194373402
0.7953964194373402
0.7953964194373402
0.7953964194373402
0.7953964194373402
0.7953964194373402
0.7953964194373402
0.7953964194373402
0.7953964194373402
0.7953964194373402
0.7953964194373402
0.7953964194373402
0.7953964194373402
0.7979539641943734
0.8005115089514067
0.8005115089514067
0.8005115089514067
0.8005115089514067
0.8005115089514067
0.8005115089514067
0.8005115089514067
0.8005115089514067
0.7979539641943734
0.7979539641943734
0.7979539641943734
0.7979539641943734
0.7979539641943734
0.7979539641943734
0.7979539641943734
0.7979539641943734
0.7979539641943734
0.7979539641943734
0.7979539641943734
0.7979539641943734
0.7979539641943734
0.7979539641943734
0.7979539641943734
0.7979539641943734
0.7979539641943734
0.7979539641943734
0.7979539641943734
0.7979539641943734
0.7979539641943734
0.7979539641943734
0.7979539641943734
0.7979539641943734
0.7979539641943734
0.7979539641943734
0.7979539641943734
0.7979539641943734
0.7979539641943734
0.7979539641943734
0.7979539641943734
0.7979539641943734
0.7979539641943734
0.7979539641943734
0.7979539641943734
0.7979539641943734
0.7979539641943734
0.7953964194373402
0.7953964194373402
0.7979539641943734
0.7979539641943734
0.7979539641943734
0.7979539641943734
0.7979539641943734
0.7979539641943734
0.7979539641943734
0.7979539641943734
0.7979539641943734
0.7979539641943734
0.7979539641943734
0.7953964194373402
0.7953964194373402
0.7953964194373402
0.7953964194373402
0.7953964194373402
0.7953964194373402
0.7953964194373402
0.7953964194373402
0.7928388746803069
0.7928388746803069
0.7928388746803069
0.7928388746803069
0.7928388746803069
0.7902813299232737
0.7902813299232737
0.7902813299232737
0.7902813299232737
0.7902813299232737
0.7902813299232737
0.7902813299232737
0.7902813299232737
0.7902813299232737
0.7902813299232737
0.7902813299232737
0.7902813299232737
0.7902813299232737
0.7902813299232737
0.7902813299232737
0.7902813299232737
0.7902813299232737
0.7902813299232737
0.7902813299232737
0.7902813299232737
0.7902813299232737
0.7902813299232737
0.7902813299232737
0.7902813299232737
0.7902813299232737
0.7902813299232737
0.7902813299232737
0.7902813299232737
0.7902813299232737
0.7902813299232737
0.7902813299232737
0.7902813299232737
0.7902813299232737
0.7902813299232737
0.7902813299232737
0.7902813299232737
0.7902813299232737
0.7902813299232737
0.7902813299232737
0.7902813299232737
0.7902813299232737
0.7902813299232737
0.7902813299232737
0.7902813299232737
0.7902813299232737
0.7902813299232737
0.7902813299232737
0.7877237851662404
0.7877237851662404
0.7877237851662404
0.7877237851662404
0.7877237851662404
0.7877237851662404
0.7877237851662404
0.7877237851662404
0.7877237851662404
0.7877237851662404
0.7877237851662404
0.7877237851662404
0.7877237851662404
0.7877237851662404
0.7877237851662404
0.7877237851662404
0.7877237851662404
0.7877237851662404
0.7877237851662404
0.7877237851662404
0.7877237851662404
0.7877237851662404
0.7877237851662404
0.7877237851662404
0.7877237851662404
0.7877237851662404
0.7877237851662404
0.7877237851662404
0.7877237851662404
0.7877237851662404
0.7877237851662404
0.7877237851662404
0.7877237851662404
0.7877237851662404
0.7877237851662404
0.7877237851662404
0.7877237851662404
0.7877237851662404
0.7877237851662404
0.7877237851662404
0.7877237851662404
0.7877237851662404
0.7877237851662404
0.7877237851662404
0.7877237851662404
0.7877237851662404
0.7877237851662404
0.7877237851662404
0.7877237851662404
0.7877237851662404
0.7877237851662404
0.7877237851662404
0.7877237851662404
0.7877237851662404
0.7877237851662404
0.7877237851662404
0.7877237851662404
0.7877237851662404
0.7877237851662404
0.7877237851662404
0.7877237851662404
0.7877237851662404
0.7877237851662404
0.7877237851662404
0.7877237851662404
0.7877237851662404
0.7877237851662404
0.7877237851662404
0.7877237851662404
0.7877237851662404
0.7877237851662404
0.7902813299232737
0.7902813299232737
0.7902813299232737
0.7902813299232737
0.7902813299232737
0.7902813299232737
0.7902813299232737
0.7902813299232737
0.7902813299232737
0.7902813299232737
0.7902813299232737
0.7902813299232737
0.7928388746803069
0.7928388746803069
0.7928388746803069
0.7928388746803069
0.7928388746803069
0.7928388746803069
0.7928388746803069
0.7928388746803069
0.7928388746803069
0.7928388746803069
0.7928388746803069
0.7928388746803069
0.7928388746803069
0.7928388746803069
0.7928388746803069
0.7928388746803069
0.7928388746803069
0.7928388746803069
0.7928388746803069
0.7928388746803069
0.7928388746803069
0.7928388746803069
0.7928388746803069
0.7928388746803069
0.7928388746803069
0.7928388746803069
0.7928388746803069
0.7928388746803069
0.7928388746803069
0.7928388746803069
0.7928388746803069
0.7928388746803069
0.7928388746803069
0.7928388746803069
0.7928388746803069
0.7928388746803069
0.7928388746803069
0.7928388746803069
0.7928388746803069
0.7928388746803069
0.7928388746803069
0.7928388746803069
0.7928388746803069
0.7928388746803069
0.7877237851662404
0.7877237851662404
0.7877237851662404
0.7877237851662404
0.7877237851662404
0.7877237851662404
0.7877237851662404
0.7877237851662404
0.7877237851662404
0.7877237851662404
0.7877237851662404
0.7877237851662404
0.7877237851662404
