0.6572890025575447
0.6572890025575447
0.6572890025575447
0.6572890025575447
0.6572890025575447
0.6572890025575447
0.6572890025575447
0.6572890025575447
0.6547314578005116
0.6572890025575447
0.670076726342711
0.6726342710997443
0.6751918158567775
0.6930946291560103
0.7033248081841432
0.7186700767263428
0.7237851662404092
0.7263427109974424
0.7340153452685422
0.7340153452685422
0.7391304347826086
0.7493606138107417
0.7544757033248082
0.7723785166240409
0.7723785166240409
0.7723785166240409
0.7774936061381074
0.782608695652174
0.782608695652174
0.7851662404092071
0.7851662404092071
0.7877237851662404
0.7877237851662404
0.7928388746803069
0.7928388746803069
0.7928388746803069
0.7928388746803069
0.7928388746803069
0.7928388746803069
0.7928388746803069
0.7979539641943734
0.7979539641943734
0.7953964194373402
0.7953964194373402
0.7953964194373402
0.7953964194373402
0.7953964194373402
0.7953964194373402
0.7979539641943734
0.7953964194373402
0.7953964194373402
0.7953964194373402
0.7953964194373402
0.7953964194373402
0.7953964194373402
0.7953964194373402
0.7953964194373402
0.7953964194373402
0.7953964194373402
0.7979539641943734
0.8005115089514067
0.80306905370844
0.80306905370844
0.80306905370844
0.80306905370844
0.8056265984654731
0.8056265984654731
0.8056265984654731
0.8056265984654731
0.8056265984654731
0.8056265984654731
0.8056265984654731
0.8056265984654731
0.8056265984654731
0.8056265984654731
0.8056265984654731
0.8056265984654731
0.8056265984654731
0.8056265984654731
0.8056265984654731
0.8056265984654731
0.8056265984654731
0.8005115089514067
0.8005115089514067
0.8005115089514067
0.8005115089514067
0.8005115089514067
0.8005115089514067
0.8005115089514067
0.8005115089514067
0.8005115089514067
0.8005115089514067
0.8005115089514067
0.8005115089514067
0.80306905370844
0.80306905370844
0.80306905370844
0.80306905370844
0.80306905370844
0.80306905370844
0.80306905370844
0.80306905370844
0.80306905370844
0.80306905370844
0.80306905370844
0.80306905370844
0.80306905370844
0.80306905370844
0.80306905370844
0.80306905370844
0.80306905370844
0.80306905370844
0.80306905370844
0.80306905370844
0.80306905370844
0.80306905370844
0.80306905370844
0.80306905370844
0.80306905370844
0.80306905370844
0.80306905370844
0.80306905370844
0.80306905370844
0.80306905370844
0.80306905370844
0.80306905370844
0.80306905370844
0.80306905370844
0.80306905370844
0.80306905370844
0.80306905370844
0.80306905370844
0.80306905370844
0.80306905370844
0.80306905370844
0.80306905370844
0.80306905370844
0.80306905370844
0.80306905370844
0.80306905370844
0.80306905370844
0.80306905370844
0.80306905370844
0.80306905370844
0.80306905370844
0.80306905370844
0.80306905370844
0.80306905370844
0.8005115089514067
0.8005115089514067
0.8005115089514067
0.8005115089514067
0.8005115089514067
0.8005115089514067
0.8005115089514067
0.8005115089514067
0.8005115089514067
0.8005115089514067
0.8005115089514067
0.8005115089514067
0.8005115089514067
0.8005115089514067
0.8005115089514067
0.8005115089514067
0.8005115089514067
0.8005115089514067
0.8005115089514067
0.8005115089514067
0.7979539641943734
0.7979539641943734
0.7979539641943734
0.7979539641943734
0.7979539641943734
0.7979539641943734
0.7953964194373402
0.7953964194373402
0.7953964194373402
0.7953964194373402
0.7953964194373402
0.7953964194373402
0.7953964194373402
0.7953964194373402
0.7953964194373402
0.7953964194373402
0.7953964194373402
0.7953964194373402
0.7953964194373402
0.7953964194373402
0.7953964194373402
0.7953964194373402
0.7953964194373402
0.7953964194373402
0.7953964194373402
0.7953964194373402
0.7953964194373402
0.7953964194373402
0.7953964194373402
0.7953964194373402
0.7953964194373402
0.7953964194373402
0.7953964194373402
0.7953964194373402
0.7953964194373402
0.7953964194373402
0.7953964194373402
0.7953964194373402
0.7953964194373402
0.7953964194373402
0.7953964194373402
0.7953964194373402
0.7953964194373402
0.7953964194373402
0.7953964194373402
0.7953964194373402
0.7953964194373402
0.7953964194373402
0.7953964194373402
0.7953964194373402
0.7953964194373402
0.7928388746803069
0.7928388746803069
0.7928388746803069
0.7928388746803069
0.7928388746803069
0.7928388746803069
0.7928388746803069
0.7928388746803069
0.7928388746803069
0.7928388746803069
0.7902813299232737
0.7902813299232737
0.7902813299232737
0.7902813299232737
0.7902813299232737
0.7902813299232737
0.7902813299232737
0.7902813299232737
0.7902813299232737
0.7902813299232737
0.7902813299232737
0.7902813299232737
0.7902813299232737
0.7902813299232737
0.7902813299232737
0.7902813299232737
0.7902813299232737
0.7902813299232737
0.7902813299232737
0.7902813299232737
0.7902813299232737
0.7902813299232737
0.7902813299232737
0.7902813299232737
0.7928388746803069
0.7928388746803069
0.7928388746803069
0.7928388746803069
0.7928388746803069
0.7928388746803069
0.7928388746803069
0.7928388746803069
0.7928388746803069
0.7928388746803069
0.7928388746803069
0.7928388746803069
0.7928388746803069
0.7928388746803069
0.7928388746803069
0.7928388746803069
0.7928388746803069
0.7928388746803069
0.7928388746803069
0.7928388746803069
0.7928388746803069
0.7928388746803069
0.7928388746803069
0.7928388746803069
0.7928388746803069
0.7928388746803069
0.7928388746803069
0.7928388746803069
0.7928388746803069
0.7928388746803069
0.7928388746803069
0.7928388746803069
0.7928388746803069
0.7928388746803069
0.7928388746803069
0.7928388746803069
0.7928388746803069
0.7928388746803069
0.7928388746803069
0.7928388746803069
0.7928388746803069
0.7928388746803069
0.7928388746803069
0.7928388746803069
0.7953964194373402
0.7953964194373402
0.7953964194373402
0.7953964194373402
0.7953964194373402
0.7953964194373402
0.7953964194373402
0.7953964194373402
0.7953964194373402
0.7953964194373402
0.7953964194373402
0.7953964194373402
0.7953964194373402
0.7953964194373402
0.7953964194373402
0.7953964194373402
0.7953964194373402
0.7953964194373402
0.7953964194373402
0.7953964194373402
0.7953964194373402
0.7953964194373402
0.7953964194373402
0.7953964194373402
0.7953964194373402
0.7953964194373402
0.7953964194373402
0.7953964194373402
0.7953964194373402
0.7953964194373402
0.7953964194373402
0.7953964194373402
0.7953964194373402
0.7953964194373402
0.7953964194373402
0.7953964194373402
0.7953964194373402
0.7953964194373402
0.7953964194373402
0.7953964194373402
0.7953964194373402
0.7953964194373402
0.7953964194373402
0.7928388746803069
0.7928388746803069
0.7928388746803069
0.7928388746803069
0.7902813299232737
0.7902813299232737
0.7902813299232737
0.7902813299232737
0.7902813299232737
0.7902813299232737
0.7902813299232737
0.7902813299232737
0.7902813299232737
0.7902813299232737
0.7902813299232737
0.7902813299232737
0.7902813299232737
0.7902813299232737
0.7928388746803069
0.7928388746803069
0.7928388746803069
0.7928388746803069
0.7928388746803069
0.7928388746803069
0.7928388746803069
0.7928388746803069
0.7928388746803069
0.7928388746803069
0.7928388746803069
0.7928388746803069
0.7928388746803069
0.7928388746803069
0.7928388746803069
0.7928388746803069
0.7928388746803069
0.7928388746803069
0.7928388746803069
0.7928388746803069
0.7928388746803069
0.7928388746803069
0.7928388746803069
0.7928388746803069
0.7928388746803069
0.7928388746803069
0.7928388746803069
0.7928388746803069
0.7928388746803069
0.7928388746803069
0.7928388746803069
0.7928388746803069
0.7928388746803069
0.7928388746803069
0.7928388746803069
0.7928388746803069
0.7928388746803069
0.7928388746803069
0.7928388746803069
0.7928388746803069
0.7928388746803069
0.7928388746803069
0.7928388746803069
0.7928388746803069
0.7928388746803069
0.7928388746803069
0.7928388746803069
0.7928388746803069
0.7928388746803069
0.7928388746803069
0.7928388746803069
0.7928388746803069
0.7928388746803069
0.7953964194373402
0.7953964194373402
0.7953964194373402
0.7953964194373402
0.7953964194373402
0.7953964194373402
0.7953964194373402
0.7953964194373402
0.7953964194373402
0.7979539641943734
0.7979539641943734
0.7979539641943734
0.7979539641943734
0.7979539641943734
0.7979539641943734
0.7979539641943734
0.7979539641943734
0.7979539641943734
0.7979539641943734
0.7979539641943734
0.7979539641943734
0.7979539641943734
0.7979539641943734
0.7979539641943734
0.7979539641943734
0.7979539641943734
0.7979539641943734
0.7979539641943734
0.7979539641943734
0.7979539641943734
0.7979539641943734
0.7979539641943734
0.7979539641943734
0.7979539641943734
0.7979539641943734
0.7979539641943734
0.7953964194373402
0.7928388746803069
0.7928388746803069
0.7928388746803069
0.7928388746803069
0.7928388746803069
0.7928388746803069
0.7928388746803069
0.7928388746803069
0.7928388746803069
0.7928388746803069
0.7928388746803069
0.7928388746803069
0.7928388746803069
0.7928388746803069
0.7928388746803069
0.7928388746803069
0.7928388746803069
0.7928388746803069
0.7902813299232737
0.7902813299232737
0.7902813299232737
0.7902813299232737
0.7928388746803069
0.7928388746803069
0.7953964194373402
0.7953964194373402
0.7953964194373402
0.7953964194373402
0.7953964194373402
0.7953964194373402
0.7953964194373402
0.7953964194373402
0.7953964194373402
0.7953964194373402
0.7953964194373402
0.7953964194373402
0.7953964194373402
0.7953964194373402
0.7953964194373402
0.7953964194373402
0.7953964194373402
0.7953964194373402
0.7953964194373402
0.7953964194373402
0.7953964194373402
0.7953964194373402
0.7979539641943734
0.7979539641943734
0.7979539641943734
0.7979539641943734
0.7979539641943734
0.7979539641943734
