0.6470588235294118
0.6470588235294118
0.6470588235294118
0.6470588235294118
0.6470588235294118
0.6470588235294118
0.6470588235294118
0.6470588235294118
0.6470588235294118
0.6470588235294118
0.6521739130434783
0.6726342710997443
0.690537084398977
0.7007672634271099
0.7161125319693095
0.7289002557544757
0.7468030690537084
0.7595907928388747
0.7672634271099744
0.7698209718670077
0.7672634271099744
0.7749360613810742
0.7774936061381074
0.7800511508951407
0.7723785166240409
0.7749360613810742
0.7800511508951407
0.7800511508951407
0.7749360613810742
0.7749360613810742
0.7749360613810742
0.7749360613810742
0.7723785166240409
0.7723785166240409
0.7749360613810742
0.7749360613810742
0.7774936061381074
0.7774936061381074
0.7774936061381074
0.7774936061381074
0.7800511508951407
0.7851662404092071
0.7851662404092071
0.7851662404092071
0.7877237851662404
0.7877237851662404
0.7877237851662404
0.7902813299232737
0.7902813299232737
0.7902813299232737
0.7902813299232737
0.7902813299232737
0.7902813299232737
0.7902813299232737
0.7902813299232737
0.7902813299232737
0.7902813299232737
0.7902813299232737
0.7902813299232737
0.7928388746803069
0.7928388746803069
0.7928388746803069
0.7928388746803069
0.7953964194373402
0.7979539641943734
0.7979539641943734
0.7979539641943734
0.7979539641943734
0.7979539641943734
0.7979539641943734
0.7979539641943734
0.7979539641943734
0.8005115089514067
0.7979539641943734
0.8005115089514067
0.80306905370844
0.80306905370844
0.80306905370844
0.80306905370844
0.80306905370844
0.80306905370844
0.80306905370844
0.80306905370844
0.80306905370844
0.80306905370844
0.80306905370844
0.8005115089514067
0.8005115089514067
0.8005115089514067
0.8005115089514067
0.8005115089514067
0.8005115089514067
0.8005115089514067
0.8005115089514067
0.8005115089514067
0.8005115089514067
0.7979539641943734
0.7979539641943734
0.7979539641943734
0.7953964194373402
0.7953964194373402
0.7953964194373402
0.7953964194373402
0.7953964194373402
0.7953964194373402
0.7953964194373402
0.7953964194373402
0.7953964194373402
0.7953964194373402
0.7953964194373402
0.7953964194373402
0.7953964194373402
0.7953964194373402
0.7953964194373402
0.7953964194373402
0.7953964194373402
0.7953964194373402
0.7953964194373402
0.7953964194373402
0.7953964194373402
0.7953964194373402
0.7953964194373402
0.7953964194373402
0.7953964194373402
0.7953964194373402
0.7953964194373402
0.7953964194373402
0.7953964194373402
0.7953964194373402
0.7953964194373402
0.7953964194373402
0.7953964194373402
0.7953964194373402
0.7953964194373402
0.7953964194373402
0.7953964194373402
0.7953964194373402
0.7953964194373402
0.7953964194373402
0.7953964194373402
0.7953964194373402
0.7953964194373402
0.7953964194373402
0.7953964194373402
0.7953964194373402
0.7953964194373402
0.7953964194373402
0.7953964194373402
0.7928388746803069
0.7928388746803069
0.7928388746803069
0.7953964194373402
0.7953964194373402
0.7953964194373402
0.7953964194373402
0.7953964194373402
0.7953964194373402
0.7953964194373402
0.7953964194373402
0.7953964194373402
0.7953964194373402
0.7953964194373402
0.7953964194373402
0.7953964194373402
0.7953964194373402
0.7953964194373402
0.7953964194373402
0.7953964194373402
0.7953964194373402
0.7953964194373402
0.7953964194373402
0.7953964194373402
0.7953964194373402
0.7953964194373402
0.7953964194373402
0.7953964194373402
0.7953964194373402
0.7953964194373402
0.7953964194373402
0.7953964194373402
0.7953964194373402
0.7953964194373402
0.7953964194373402
0.7953964194373402
0.7953964194373402
0.7953964194373402
0.7953964194373402
0.7953964194373402
0.7953964194373402
0.7953964194373402
0.7953964194373402
0.7953964194373402
0.7953964194373402
0.7953964194373402
0.7953964194373402
0.7953964194373402
0.7953964194373402
0.7953964194373402
0.7953964194373402
0.7953964194373402
0.7953964194373402
0.7953964194373402
0.7953964194373402
0.7953964194373402
0.7953964194373402
0.7953964194373402
0.7953964194373402
0.7953964194373402
0.7953964194373402
0.7953964194373402
0.7953964194373402
0.7953964194373402
0.7953964194373402
0.7953964194373402
0.7953964194373402
0.7953964194373402
0.7928388746803069
0.7928388746803069
0.7928388746803069
0.7928388746803069
0.7928388746803069
0.7928388746803069
0.7902813299232737
0.7902813299232737
0.7902813299232737
0.7902813299232737
0.7902813299232737
0.7902813299232737
0.7902813299232737
0.7877237851662404
0.7902813299232737
0.7902813299232737
0.7928388746803069
0.7928388746803069
0.7928388746803069
0.7928388746803069
0.7928388746803069
0.7928388746803069
0.7928388746803069
0.7928388746803069
0.7928388746803069
0.7928388746803069
0.7928388746803069
0.7928388746803069
0.7928388746803069
0.7928388746803069
0.7928388746803069
0.7902813299232737
0.7928388746803069
0.7928388746803069
0.7928388746803069
0.7928388746803069
0.7928388746803069
0.7928388746803069
0.7928388746803069
0.7928388746803069
0.7928388746803069
0.7928388746803069
0.7928388746803069
0.7928388746803069
0.7928388746803069
0.7928388746803069
0.7928388746803069
0.7928388746803069
0.7928388746803069
0.7928388746803069
0.7928388746803069
0.7928388746803069
0.7928388746803069
0.7928388746803069
0.7902813299232737
0.7902813299232737
0.7902813299232737
0.7902813299232737
0.7902813299232737
0.7902813299232737
0.7902813299232737
0.7902813299232737
0.7902813299232737
0.7877237851662404
0.7877237851662404
0.7877237851662404
0.7877237851662404
0.7877237851662404
0.7877237851662404
0.7877237851662404
0.7877237851662404
0.7877237851662404
0.7877237851662404
0.7877237851662404
0.7877237851662404
0.7877237851662404
0.7877237851662404
0.7877237851662404
0.7877237851662404
0.7877237851662404
0.7902813299232737
0.7902813299232737
0.7928388746803069
0.7928388746803069
0.7928388746803069
0.7928388746803069
0.7928388746803069
0.7928388746803069
0.7928388746803069
0.7928388746803069
0.7928388746803069
0.7928388746803069
0.7928388746803069
0.7928388746803069
0.7928388746803069
0.7928388746803069
0.7928388746803069
0.7928388746803069
0.7928388746803069
0.7928388746803069
0.7902813299232737
0.7902813299232737
0.7902813299232737
0.7902813299232737
0.7902813299232737
0.7902813299232737
0.7902813299232737
0.7902813299232737
0.7902813299232737
0.7902813299232737
0.7902813299232737
0.7902813299232737
0.7928388746803069
0.7928388746803069
0.7928388746803069
0.7928388746803069
0.7928388746803069
0.7928388746803069
0.7928388746803069
0.7928388746803069
0.7928388746803069
0.7928388746803069
0.7928388746803069
0.7928388746803069
0.7928388746803069
0.7928388746803069
0.7928388746803069
0.7928388746803069
0.7902813299232737
0.7902813299232737
0.7902813299232737
0.7902813299232737
0.7902813299232737
0.7902813299232737
0.7902813299232737
0.7902813299232737
0.7902813299232737
0.7902813299232737
0.7902813299232737
0.7902813299232737
0.7902813299232737
0.7902813299232737
0.7902813299232737
0.7902813299232737
0.7902813299232737
0.7902813299232737
0.7902813299232737
0.7902813299232737
0.7902813299232737
0.7902813299232737
0.7902813299232737
0.7902813299232737
0.7902813299232737
0.7902813299232737
0.7902813299232737
0.7902813299232737
0.7902813299232737
0.7902813299232737
0.7902813299232737
0.7902813299232737
0.7902813299232737
0.7902813299232737
0.7902813299232737
0.7902813299232737
0.7928388746803069
0.7928388746803069
0.7928388746803069
0.7928388746803069
0.7902813299232737
0.7902813299232737
0.7902813299232737
0.7902813299232737
0.7902813299232737
0.7902813299232737
0.7902813299232737
0.7902813299232737
0.7902813299232737
0.7902813299232737
0.7902813299232737
0.7902813299232737
0.7902813299232737
0.7902813299232737
0.7902813299232737
0.7902813299232737
0.7877237851662404
0.7877237851662404
0.7877237851662404
0.7877237851662404
0.7877237851662404
0.7877237851662404
0.7877237851662404
0.7877237851662404
0.7877237851662404
0.7877237851662404
0.7877237851662404
0.7877237851662404
0.7877237851662404
0.7877237851662404
0.7877237851662404
0.7877237851662404
0.7877237851662404
0.7877237851662404
0.782608695652174
0.782608695652174
0.782608695652174
0.782608695652174
0.782608695652174
0.782608695652174
0.782608695652174
0.782608695652174
0.782608695652174
0.7851662404092071
0.7851662404092071
0.7851662404092071
0.7851662404092071
0.7851662404092071
0.7851662404092071
0.7851662404092071
0.7851662404092071
0.7877237851662404
0.7877237851662404
0.7877237851662404
0.7877237851662404
0.7877237851662404
0.7877237851662404
0.7877237851662404
0.7877237851662404
0.7877237851662404
0.7877237851662404
0.7877237851662404
0.7877237851662404
0.7877237851662404
0.7877237851662404
0.7877237851662404
0.7877237851662404
0.7877237851662404
0.7877237851662404
0.7877237851662404
0.7877237851662404
0.7877237851662404
0.7877237851662404
0.7877237851662404
0.7877237851662404
0.7877237851662404
0.7877237851662404
0.7877237851662404
0.7877237851662404
0.7877237851662404
0.7902813299232737
0.7902813299232737
0.7902813299232737
0.7928388746803069
0.7928388746803069
0.7928388746803069
0.7928388746803069
0.7928388746803069
0.7928388746803069
0.7928388746803069
0.7928388746803069
0.7928388746803069
0.7928388746803069
0.7928388746803069
0.7928388746803069
0.7928388746803069
0.7928388746803069
0.7928388746803069
0.7928388746803069
0.7928388746803069
0.7928388746803069
0.7928388746803069
0.7953964194373402
0.7953964194373402
0.7953964194373402
0.7953964194373402
0.7953964194373402
0.7953964194373402
0.7953964194373402
0.7979539641943734
0.7979539641943734
0.7979539641943734
0.7979539641943734
0.7979539641943734
0.7979539641943734
0.7979539641943734
