0.670076726342711
0.670076726342711
0.670076726342711
0.670076726342711
0.670076726342711
0.670076726342711
0.670076726342711
0.670076726342711
0.670076726342711
0.670076726342711
0.670076726342711
0.670076726342711
0.670076726342711
0.670076726342711
0.670076726342711
0.670076726342711
0.670076726342711
0.670076726342711
0.670076726342711
0.670076726342711
0.670076726342711
0.6828644501278772
0.6828644501278772
0.6930946291560103
0.7058823529411765
0.731457800511509
0.7416879795396419
0.7442455242966752
0.7570332480818415
0.7672634271099744
0.7672634271099744
0.7800511508951407
0.7851662404092071
0.7902813299232737
0.7953964194373402
0.7979539641943734
0.80306905370844
0.8005115089514067
0.80306905370844
0.80306905370844
0.7979539641943734
0.7953964194373402
0.7979539641943734
0.7979539641943734
0.7979539641943734
0.7953964194373402
0.7953964194373402
0.7953964194373402
0.7953964194373402
0.7928388746803069
0.7928388746803069
0.7928388746803069
0.7928388746803069
0.7953964194373402
0.7953964194373402
0.7953964194373402
0.7953964194373402
0.7979539641943734
0.8005115089514067
0.80306905370844
0.80306905370844
0.80306905370844
0.8056265984654731
0.8056265984654731
0.8056265984654731
0.8056265984654731
0.8056265984654731
0.8056265984654731
0.8056265984654731
0.8056265984654731
0.80306905370844
0.80306905370844
0.80306905370844
0.80306905370844
0.80306905370844
0.80306905370844
0.80306905370844
0.8005115089514067
0.8005115089514067
0.8005115089514067
0.80306905370844
0.80306905370844
0.80306905370844
0.80306905370844
0.80306905370844
0.80306905370844
0.80306905370844
0.80306905370844
0.80306905370844
0.80306905370844
0.80306905370844
0.80306905370844
0.8056265984654731
0.8056265984654731
0.8081841432225064
0.8081841432225064
0.8081841432225064
0.8081841432225064
0.8081841432225064
0.8081841432225064
0.8107416879795396
0.8107416879795396
0.8107416879795396
0.8081841432225064
0.8081841432225064
0.8081841432225064
0.8107416879795396
0.8107416879795396
0.8107416879795396
0.8107416879795396
0.8107416879795396
0.8107416879795396
0.8107416879795396
0.8107416879795396
0.8107416879795396
0.8107416879795396
0.8107416879795396
0.8107416879795396
0.8107416879795396
0.8107416879795396
0.8107416879795396
0.8107416879795396
0.8132992327365729
0.8132992327365729
0.8132992327365729
0.8132992327365729
0.8132992327365729
0.8132992327365729
0.8132992327365729
0.8132992327365729
0.8132992327365729
0.8132992327365729
0.8132992327365729
0.8132992327365729
0.8132992327365729
0.8132992327365729
0.8132992327365729
0.8132992327365729
0.8132992327365729
0.8132992327365729
0.8132992327365729
0.8132992327365729
0.8132992327365729
0.8132992327365729
0.8132992327365729
0.8132992327365729
0.8132992327365729
0.8132992327365729
0.8132992327365729
0.8132992327365729
0.8132992327365729
0.8132992327365729
0.8132992327365729
0.8132992327365729
0.8132992327365729
0.8132992327365729
0.8132992327365729
0.8132992327365729
0.8132992327365729
0.8132992327365729
0.8132992327365729
0.8132992327365729
0.8132992327365729
0.8132992327365729
0.8132992327365729
0.8132992327365729
0.8132992327365729
0.8132992327365729
0.8132992327365729
0.8132992327365729
0.8132992327365729
0.8132992327365729
0.8132992327365729
0.8132992327365729
0.8132992327365729
0.8132992327365729
0.8132992327365729
0.8132992327365729
0.8132992327365729
0.8132992327365729
0.8132992327365729
0.8132992327365729
0.8132992327365729
0.8132992327365729
0.8132992327365729
0.8132992327365729
0.8132992327365729
0.8132992327365729
0.8132992327365729
0.8132992327365729
0.8132992327365729
0.8132992327365729
0.8132992327365729
0.8132992327365729
0.8132992327365729
0.8132992327365729
0.8132992327365729
0.8132992327365729
0.8132992327365729
0.8132992327365729
0.8132992327365729
0.8132992327365729
0.8132992327365729
0.8132992327365729
0.8132992327365729
0.8132992327365729
0.8132992327365729
0.8132992327365729
0.8132992327365729
0.8132992327365729
0.8132992327365729
0.8132992327365729
0.8132992327365729
0.8132992327365729
0.8107416879795396
0.8107416879795396
0.8107416879795396
0.8107416879795396
0.8107416879795396
0.8107416879795396
0.8107416879795396
0.8107416879795396
0.8107416879795396
0.8107416879795396
0.8107416879795396
0.8107416879795396
0.8107416879795396
0.8107416879795396
0.8107416879795396
0.8107416879795396
0.8107416879795396
0.8107416879795396
0.8107416879795396
0.8107416879795396
0.8107416879795396
0.8107416879795396
0.8107416879795396
0.8107416879795396
0.8107416879795396
0.8107416879795396
0.8107416879795396
0.8107416879795396
0.8107416879795396
0.8107416879795396
0.8107416879795396
0.8107416879795396
0.8107416879795396
0.8107416879795396
0.8107416879795396
0.8107416879795396
0.8107416879795396
0.8107416879795396
0.8107416879795396
0.8132992327365729
0.8132992327365729
0.8132992327365729
0.8132992327365729
0.8132992327365729
0.8132992327365729
0.8132992327365729
0.8132992327365729
0.8132992327365729
0.8132992327365729
0.8132992327365729
0.8132992327365729
0.8158567774936062
0.8158567774936062
0.8158567774936062
0.8158567774936062
0.8158567774936062
0.8158567774936062
0.8158567774936062
0.8158567774936062
0.8158567774936062
0.8158567774936062
0.8158567774936062
0.8158567774936062
0.8158567774936062
0.8158567774936062
0.8158567774936062
0.8158567774936062
0.8158567774936062
0.8158567774936062
0.8158567774936062
0.8158567774936062
0.8158567774936062
0.8158567774936062
0.8158567774936062
0.8158567774936062
0.8158567774936062
0.8158567774936062
0.8158567774936062
0.8158567774936062
0.8158567774936062
0.8158567774936062
0.8158567774936062
0.8158567774936062
0.8158567774936062
0.8158567774936062
0.8158567774936062
0.8158567774936062
0.8158567774936062
0.8158567774936062
0.8158567774936062
0.8158567774936062
0.8158567774936062
0.8158567774936062
0.8158567774936062
0.8158567774936062
0.8158567774936062
0.8158567774936062
0.8158567774936062
0.8158567774936062
0.8158567774936062
0.8158567774936062
0.8158567774936062
0.8158567774936062
0.8158567774936062
0.8158567774936062
0.8158567774936062
0.8158567774936062
0.8158567774936062
0.8158567774936062
0.8158567774936062
0.8158567774936062
0.8158567774936062
0.8158567774936062
0.8158567774936062
0.8158567774936062
0.8158567774936062
0.8158567774936062
0.8158567774936062
0.8158567774936062
0.8158567774936062
0.8158567774936062
0.8158567774936062
0.8158567774936062
0.8158567774936062
0.8158567774936062
0.8158567774936062
0.8158567774936062
0.8158567774936062
0.8158567774936062
0.8158567774936062
0.8158567774936062
0.8158567774936062
0.8158567774936062
0.8158567774936062
0.8158567774936062
0.8184143222506394
0.8184143222506394
0.8184143222506394
0.8184143222506394
0.8184143222506394
0.8184143222506394
0.8184143222506394
0.8184143222506394
0.8184143222506394
0.8184143222506394
0.8184143222506394
0.8184143222506394
0.8184143222506394
0.8184143222506394
0.8184143222506394
0.8184143222506394
0.8184143222506394
0.8184143222506394
0.8184143222506394
0.8184143222506394
0.8184143222506394
0.8184143222506394
0.8184143222506394
0.8184143222506394
0.8184143222506394
0.8184143222506394
0.8184143222506394
0.8184143222506394
0.8184143222506394
0.8184143222506394
0.8184143222506394
0.8184143222506394
0.8184143222506394
0.8184143222506394
0.8184143222506394
0.8184143222506394
0.8184143222506394
0.8184143222506394
0.8184143222506394
0.8184143222506394
0.8184143222506394
0.8184143222506394
0.8184143222506394
0.8184143222506394
0.8184143222506394
0.8184143222506394
0.8184143222506394
0.8184143222506394
0.8184143222506394
0.8184143222506394
0.8184143222506394
0.8184143222506394
0.8184143222506394
0.8184143222506394
0.8184143222506394
0.8184143222506394
0.8184143222506394
0.8184143222506394
0.8184143222506394
0.8184143222506394
0.8184143222506394
0.8184143222506394
0.8184143222506394
0.8184143222506394
0.8184143222506394
0.8184143222506394
0.8184143222506394
0.8184143222506394
0.8184143222506394
0.8184143222506394
0.8184143222506394
0.8184143222506394
0.8184143222506394
0.8184143222506394
0.8184143222506394
0.8184143222506394
0.8184143222506394
0.8184143222506394
0.8209718670076727
0.8209718670076727
0.8209718670076727
0.8209718670076727
0.8209718670076727
0.8209718670076727
0.8209718670076727
0.8209718670076727
0.8209718670076727
0.8209718670076727
0.8209718670076727
0.8209718670076727
0.8209718670076727
0.8209718670076727
0.8209718670076727
0.8209718670076727
0.8209718670076727
0.8209718670076727
0.8209718670076727
0.8209718670076727
0.8209718670076727
0.8209718670076727
0.8209718670076727
0.8209718670076727
0.8209718670076727
0.8209718670076727
0.8209718670076727
0.8209718670076727
0.8209718670076727
0.8209718670076727
0.8209718670076727
0.8209718670076727
0.8209718670076727
0.8209718670076727
0.8209718670076727
0.8209718670076727
0.8209718670076727
0.8209718670076727
0.8209718670076727
0.8209718670076727
0.8209718670076727
0.8209718670076727
0.8209718670076727
0.8209718670076727
0.8209718670076727
0.8209718670076727
0.8209718670076727
0.8209718670076727
0.8209718670076727
0.8209718670076727
0.8209718670076727
0.8209718670076727
0.8209718670076727
0.8209718670076727
0.8209718670076727
0.8209718670076727
0.8209718670076727
0.8209718670076727
0.8209718670076727
0.8209718670076727
0.8209718670076727
0.8209718670076727
0.8209718670076727
0.8209718670076727
0.8209718670076727
0.8209718670076727
0.8209718670076727
0.8209718670076727
0.8209718670076727
0.8209718670076727
0.8209718670076727
0.8209718670076727
0.8209718670076727
