0.6930946291560103
0.6930946291560103
0.6930946291560103
0.6930946291560103
0.6930946291560103
0.6930946291560103
0.6930946291560103
0.6930946291560103
0.6930946291560103
0.6930946291560103
0.6930946291560103
0.6930946291560103
0.6930946291560103
0.6930946291560103
0.6930946291560103
0.6930946291560103
0.6930946291560103
0.6930946291560103
0.6930946291560103
0.6930946291560103
0.6930946291560103
0.6930946291560103
0.6930946291560103
0.6930946291560103
0.6930946291560103
0.6930946291560103
0.6930946291560103
0.6930946291560103
0.6930946291560103
0.6930946291560103
0.6930946291560103
0.6930946291560103
0.6930946291560103
0.6930946291560103
0.6930946291560103
0.6930946291560103
0.6930946291560103
0.6930946291560103
0.6930946291560103
0.6930946291560103
0.6930946291560103
0.6930946291560103
0.6930946291560103
0.6930946291560103
0.6930946291560103
0.6930946291560103
0.6930946291560103
0.6930946291560103
0.6930946291560103
0.6930946291560103
0.6930946291560103
0.6930946291560103
0.6930946291560103
0.6930946291560103
0.6930946291560103
0.6930946291560103
0.6930946291560103
0.6930946291560103
0.6930946291560103
0.6930946291560103
0.6930946291560103
0.6956521739130435
0.6982097186700768
0.6982097186700768
0.7033248081841432
0.710997442455243
0.7033248081841432
0.7135549872122762
0.7289002557544757
0.731457800511509
0.731457800511509
0.7442455242966752
0.7442455242966752
0.7442455242966752
0.7468030690537084
0.7493606138107417
0.7442455242966752
0.7442455242966752
0.7493606138107417
0.7493606138107417
0.7519181585677749
0.7519181585677749
0.7468030690537084
0.7519181585677749
0.7519181585677749
0.7570332480818415
0.7570332480818415
0.7595907928388747
0.7595907928388747
0.7595907928388747
0.7621483375959079
0.7621483375959079
0.7723785166240409
0.7723785166240409
0.7749360613810742
0.7749360613810742
0.7749360613810742
0.7774936061381074
0.7800511508951407
0.7749360613810742
0.7723785166240409
0.7723785166240409
0.7723785166240409
0.7749360613810742
0.7749360613810742
0.7749360613810742
0.7749360613810742
0.7774936061381074
0.7774936061381074
0.7749360613810742
0.7749360613810742
0.7749360613810742
0.7749360613810742
0.7749360613810742
0.7749360613810742
0.7723785166240409
0.7698209718670077
0.7698209718670077
0.7723785166240409
0.7723785166240409
0.7723785166240409
0.7723785166240409
0.7749360613810742
0.7749360613810742
0.7774936061381074
0.7774936061381074
0.7774936061381074
0.7774936061381074
0.7774936061381074
0.7774936061381074
0.7774936061381074
0.7774936061381074
0.7749360613810742
0.7749360613810742
0.7749360613810742
0.7749360613810742
0.7749360613810742
0.7774936061381074
0.7774936061381074
0.782608695652174
0.782608695652174
0.782608695652174
0.782608695652174
0.7851662404092071
0.7851662404092071
0.7851662404092071
0.7851662404092071
0.7851662404092071
0.7851662404092071
0.7851662404092071
0.7851662404092071
0.7851662404092071
0.7851662404092071
0.7851662404092071
0.782608695652174
0.7851662404092071
0.7851662404092071
0.7851662404092071
0.7851662404092071
0.7851662404092071
0.7851662404092071
0.7851662404092071
0.7851662404092071
0.7851662404092071
0.7851662404092071
0.7851662404092071
0.7851662404092071
0.7851662404092071
0.7851662404092071
0.7851662404092071
0.7851662404092071
0.7851662404092071
0.7851662404092071
0.7851662404092071
0.7851662404092071
0.7877237851662404
0.7877237851662404
0.7877237851662404
0.7877237851662404
0.7877237851662404
0.7877237851662404
0.7877237851662404
0.7877237851662404
0.7877237851662404
0.7877237851662404
0.7877237851662404
0.7877237851662404
0.7877237851662404
0.7877237851662404
0.7877237851662404
0.7877237851662404
0.7877237851662404
0.7877237851662404
0.7877237851662404
0.7877237851662404
0.7877237851662404
0.7877237851662404
0.7877237851662404
0.7877237851662404
0.7877237851662404
0.7877237851662404
0.7877237851662404
0.7877237851662404
0.7851662404092071
0.7851662404092071
0.7851662404092071
0.7851662404092071
0.7851662404092071
0.7851662404092071
0.7851662404092071
0.7851662404092071
0.7851662404092071
0.7851662404092071
0.7851662404092071
0.7851662404092071
0.7851662404092071
0.7851662404092071
0.7851662404092071
0.7851662404092071
0.7851662404092071
0.7851662404092071
0.7851662404092071
0.7851662404092071
0.7851662404092071
0.7851662404092071
0.7851662404092071
0.7851662404092071
0.7851662404092071
0.7851662404092071
0.7851662404092071
0.7851662404092071
0.7877237851662404
0.7877237851662404
0.7877237851662404
0.7877237851662404
0.7877237851662404
0.7877237851662404
0.7877237851662404
0.7877237851662404
0.7877237851662404
0.7877237851662404
0.7877237851662404
0.7877237851662404
0.7877237851662404
0.7877237851662404
0.7877237851662404
0.7877237851662404
0.7877237851662404
0.7877237851662404
0.7877237851662404
0.7877237851662404
0.7877237851662404
0.7877237851662404
0.7928388746803069
0.7928388746803069
0.7928388746803069
0.7928388746803069
0.7928388746803069
0.7928388746803069
0.7928388746803069
0.7928388746803069
0.7928388746803069
0.7928388746803069
0.7928388746803069
0.7928388746803069
0.7928388746803069
0.7928388746803069
0.7928388746803069
0.7928388746803069
0.7928388746803069
0.7928388746803069
0.7928388746803069
0.7928388746803069
0.7928388746803069
0.7928388746803069
0.7928388746803069
0.7928388746803069
0.7928388746803069
0.7928388746803069
0.7928388746803069
0.7928388746803069
0.7928388746803069
0.7928388746803069
0.7928388746803069
0.7928388746803069
0.7928388746803069
0.7928388746803069
0.7902813299232737
0.7902813299232737
0.7902813299232737
0.7902813299232737
0.7902813299232737
0.7902813299232737
0.7902813299232737
0.7902813299232737
0.7902813299232737
0.7902813299232737
0.7902813299232737
0.7902813299232737
0.7902813299232737
0.7902813299232737
0.7902813299232737
0.7902813299232737
0.7902813299232737
0.7902813299232737
0.7902813299232737
0.7902813299232737
0.7902813299232737
0.7902813299232737
0.7902813299232737
0.7902813299232737
0.7902813299232737
0.7902813299232737
0.7902813299232737
0.7902813299232737
0.7902813299232737
0.7902813299232737
0.7902813299232737
0.7902813299232737
0.7902813299232737
0.7902813299232737
0.7902813299232737
0.7902813299232737
0.7902813299232737
0.7902813299232737
0.7902813299232737
0.7902813299232737
0.7902813299232737
0.7902813299232737
0.7902813299232737
0.7902813299232737
0.7902813299232737
0.7902813299232737
0.7902813299232737
0.7902813299232737
0.7902813299232737
0.7902813299232737
0.7902813299232737
0.7902813299232737
0.7902813299232737
0.7902813299232737
0.7928388746803069
0.7928388746803069
0.7928388746803069
0.7928388746803069
0.7928388746803069
0.7928388746803069
0.7928388746803069
0.7928388746803069
0.7928388746803069
0.7928388746803069
0.7902813299232737
0.7902813299232737
0.7902813299232737
0.7902813299232737
0.7902813299232737
0.7902813299232737
0.7902813299232737
0.7902813299232737
0.7902813299232737
0.7902813299232737
0.7902813299232737
0.7877237851662404
0.7877237851662404
0.7877237851662404
0.7877237851662404
0.7877237851662404
0.7877237851662404
0.7877237851662404
0.7877237851662404
0.7877237851662404
0.7877237851662404
0.7877237851662404
0.7877237851662404
0.7877237851662404
0.7877237851662404
0.7877237851662404
0.7877237851662404
0.7877237851662404
0.7877237851662404
0.7877237851662404
0.7877237851662404
0.7877237851662404
0.7877237851662404
0.7877237851662404
0.7902813299232737
0.7902813299232737
0.7902813299232737
0.7902813299232737
0.7928388746803069
0.7928388746803069
0.7928388746803069
0.7928388746803069
0.7928388746803069
0.7928388746803069
0.7928388746803069
0.7928388746803069
0.7928388746803069
0.7928388746803069
0.7928388746803069
0.7928388746803069
0.7902813299232737
0.7902813299232737
0.7902813299232737
0.7902813299232737
0.7902813299232737
0.7902813299232737
0.7902813299232737
0.7902813299232737
0.7902813299232737
0.7902813299232737
0.7902813299232737
0.7902813299232737
0.7902813299232737
0.7928388746803069
0.7928388746803069
0.7928388746803069
0.7928388746803069
0.7928388746803069
0.7928388746803069
0.7928388746803069
0.7953964194373402
0.7953964194373402
0.7953964194373402
0.7953964194373402
0.7953964194373402
0.7953964194373402
0.7953964194373402
0.7953964194373402
0.7953964194373402
0.7953964194373402
0.7953964194373402
0.7953964194373402
0.7979539641943734
0.7979539641943734
0.7979539641943734
0.7979539641943734
0.7979539641943734
0.7979539641943734
0.7979539641943734
0.7979539641943734
0.7979539641943734
0.7979539641943734
0.7979539641943734
0.7979539641943734
0.7979539641943734
0.7979539641943734
0.7979539641943734
0.7953964194373402
0.7953964194373402
0.7953964194373402
0.7953964194373402
0.7953964194373402
0.7953964194373402
0.7953964194373402
0.7953964194373402
0.7953964194373402
0.7953964194373402
0.7953964194373402
0.7953964194373402
0.7953964194373402
0.7953964194373402
0.7953964194373402
0.8005115089514067
0.80306905370844
0.80306905370844
0.80306905370844
0.80306905370844
0.80306905370844
0.80306905370844
0.80306905370844
0.80306905370844
0.8005115089514067
0.8005115089514067
0.8005115089514067
0.8005115089514067
0.8005115089514067
0.8005115089514067
0.8005115089514067
0.8005115089514067
0.8005115089514067
0.8005115089514067
0.8005115089514067
0.80306905370844
0.80306905370844
0.80306905370844
0.80306905370844
0.80306905370844
0.80306905370844
0.80306905370844
0.80306905370844
0.80306905370844
0.80306905370844
0.80306905370844
0.8005115089514067
0.8005115089514067
0.80306905370844
0.80306905370844
0.80306905370844
0.80306905370844
