0.9068427792227791
0.8915754927442935
0.8883540866549984
0.8865508678470244
0.8849760591789906
0.883415390607902
0.881774898433423
0.8799747448220998
0.8779336252127421
0.875566140880856
0.8727828287330537
0.8694911388127028
0.865596669751363
0.8610041278584329
0.8556178710756903
0.849342643017291
0.8420858497697994
0.8337629837656172
0.8243072708747164
0.8136833750033964
0.8019033223473919
0.7890411190384151
0.7752414584322089
0.7607182465465522
0.7457409167299599
0.7306101787295458
0.7156283615380307
0.7010710715377864
0.6871658226758853
0.6740804747870756
0.6619213137449093
0.6507385661911126
0.6405363570699191
0.6312843128032188
0.622928738325504
0.6154021577206674
0.6086307458602817
0.602539679150419
0.5970566989776677
0.592114272872323
0.5876507274151997
0.5836106694001563
0.5799449420112355
0.576610297839676
0.5735689168713876
0.5707878560811314
0.5682384866242247
0.5658959527692902
0.5637386716334702
0.5617478827147703
0.559907249759656
0.5582025135766904
0.5566211922027732
0.5551523237620958
0.5537862470148641
0.552514414686527
0.5513292350061855
0.550223937339001
0.5491924582927691
0.5482293451658374
0.5473296740560822
0.54648898035601
0.5457031997131172
0.5449686178384119
0.5442818278031563
0.5436396936795873
0.5430393195610916
0.5424780231465811
0.541953313197647
0.5414628702800066
0.5410045302866716
0.5405762703125326
0.5401761965112195
0.5398025336175238
0.5394536158638632
0.5391278790587073
0.5388238536293739
0.5385401584620344
0.538275495398498
0.5380286442728762
0.5377984583918176
0.537583860379858
0.5373838383268082
0.5371974421871735
0.537023780392554
0.5368620166470462
0.5367113668830035
0.5365710963603969
0.5364405168975636
0.5363189842246048
0.5362058954532566
0.5361006866588283
0.5360028305710461
0.5359118343713497
0.5358272375946066
0.5357486101333199
0.5356755503423998
0.5356076832423822
0.5355446588187878
0.5354861504150694
0.5354318532163346
0.5353814828208271
0.5353347738959511
0.5352914789154528
0.5352513669742754
0.5352142226775196
0.5351798450999071
0.5351480468121356
0.5351186529705658
0.5350915004667081
0.5350664371330901
0.5350433210021681
0.5350220196150534
0.5350024093769835
0.5349843749565542
0.534967808725918
0.534952610239254
0.5349386857469894
0.534925947743366
0.5349143145451145
0.5349037098990974
0.5348940626169519
0.5348853062348584
0.5348773786967
0.5348702220589798
0.5348637822159883
0.5348580086437876
0.5348528541617177
0.5348482747101797
0.5348442291435598
0.5348406790372373
0.5348375885076839
0.5348349240447395
0.5348326543552211
0.5348307502170568
0.5348291843432328
0.5348279312548516
0.5348269671626854
0.534826269856624
0.5348258186024789
0.534825594045639
0.5348255781211025
0.5348257539694456
0.5348261058583351
0.5348266191091972
0.5348272800286894
0.5348280758446651
0.5348289946463112
0.5348300253281911
0.5348311575379241
0.5348323816272552
0.5348336886063054
0.5348350701007638
0.5348365183118567
0.5348380259788886
0.534839586344193
0.5348411931203378
0.5348428404594304
0.5348445229243933
0.5348462354620735
0.5348479733780755
0.5348497323131965
0.5348515082213664
0.5348532973489968
0.5348550962156394
0.5348569015958866
0.5348587105024082
0.5348605201700799
0.5348623280411167
0.5348641317511489
0.5348659291161907
0.5348677181204234
0.534869496904774
0.5348712637562039
0.5348730170976881
0.5348747554788313
0.5348764775670756
0.5348781821394799
0.5348798680750129
0.5348815343473454
0.534883180018101
0.5348848042305373
0.5348864062036354
0.5348879852265692
0.5348895406535261
0.534891071898868
0.5348925784325971
0.5348940597761238
0.5348955154983023
0.5348969452117284
0.5348983485692724
0.5348997252608518
0.5349010750103992
0.5349023975730421
0.5349036927324634
0.5349049602984405
0.5349062001045409
0.5349074120059831
0.5349085958776315
0.5349097516121275
0.5349108791181539
0.5349119783188117
0.5349130491501052
0.5349140915595425
0.5349151055048209
0.534916090952609
0.5349170478774136
0.5349179762605315
0.5349188760890684
0.5349197473550273
0.534920590054473
0.5349214041867473
0.5349221897537458
0.5349229467592483
0.5349236752083012
0.534924375106639
0.534925046460163
0.5349256892744476
0.5349263035542923
0.5349268893033097
0.534927446523541
0.5349279752151077
0.5349284753758928
0.5349289470012459
0.5349293900837151
0.5349298046127989
0.5349301905747283
0.53493054795226
0.5349308767244945
0.5349311768667081
0.5349314483502036
0.5349316911421745
0.5349319052055839
0.5349320904990579
0.5349322469767879
0.5349323745884467
0.5349324732791106
0.5349325429891995
0.5349325836544161
0.5349325952056988
0.5349325775691801
0.5349325306661524
0.5349324544130399
0.5349323487213766
0.5349322134977865
0.5349320486439747
0.5349318540567155
0.5349316296278517
0.5349313752442867
0.5349310907879952
0.5349307761360214
0.5349304311604908
0.5349300557286167
0.5349296497027134
0.5349292129402092
0.5349287452936611
0.5349282466107702
0.5349277167344002
0.5349271555025943
0.5349265627485934
0.5349259383008559
0.5349252819830803
0.5349245936142176
0.5349238730085005
0.534923119975456
0.5349223343199304
0.5349215158421052
0.5349206643375207
0.5349197795970919
0.5349188614071283
0.5349179095493539
0.5349169238009222
0.5349159039344344
0.534914849717957
0.5349137609150383
0.5349126372847173
0.5349114785815456
0.5349102845555971
0.5349090549524811
0.5349077895133512
0.5349064879749224
0.5349051500694731
0.5349037755248618
0.5349023640645262
0.5349009154074981
0.5348994292684023
0.5348979053574703
0.5348963433805329
0.5348947430390323
0.5348931040300177
0.534891426046151
0.5348897087757012
0.5348879519025485
0.5348861551061783
0.5348843180616769
0.5348824404397311
0.5348805219066194
0.5348785621242051
0.5348765607499332
0.5348745174368165
0.534872431833429
0.534870303583894
0.5348681323278744
0.5348659177005586
0.5348636593326476
0.5348613568503404
0.5348590098753182
0.5348566180247294
0.5348541809111719
0.5348516981426717
0.5348491693226712
0.5348465940500015
0.5348439719188657
0.5348413025188165
0.5348385854347321
0.5348358202467969
0.5348330065304719
0.5348301438564724
0.5348272317907423
0.5348242698944269
0.5348212577238453
0.5348181948304629
0.5348150807608602
0.5348119150567062
0.5348086972547252
0.5348054268866674
0.5348021034792755
0.5347987265542538
0.534795295628233
0.534791810212737
0.5347882698141506
0.5347846739336795
0.5347810220673187
0.5347773137058122
0.5347735483346218
0.5347697254338818
0.534765844478367
0.5347619049374519
0.5347579062750677
0.5347538479496706
0.5347497294141926
0.5347455501160064
0.5347413094968824
0.5347370069929465
0.5347326420346378
0.534728214046667
0.5347237224479713
0.5347191666516729
0.5347145460650353
0.5347098600894153
0.534705108120224
0.5347002895468767
0.5346954037527513
0.53469045011514
0.5346854280052056
0.5346803367879329
0.5346751758220866
0.5346699444601574
0.5346646420483236
0.5346592679263976
0.5346538214277818
0.5346483018794196
0.5346427086017496
0.5346370409086554
0.5346312981074217
0.5346254794986823
0.5346195843763735
0.5346136120276879
0.5346075617330249
0.5346014327659425
0.5345952243931091
0.5345889358742576
0.5345825664621348
0.534576115402455
0.5345695819338537
0.5345629652878393
0.5345562646887417
0.5345494793536721
0.53454260849247
0.5345356513076627
0.53452860699441
0.5345214747404686
0.5345142537261374
0.5345069431242182
0.5344995420999656
0.534492049811045
0.53448446540749
0.534476788031654
0.5344690168181723
0.534461150893913
0.53445318937794
0.5344451313814709
0.5344369760078307
0.534428722352419
0.5344203695026646
0.5344119165379866
0.5344033625297615
0.5343947065412782
0.5343859476277092
0.5343770848360668
0.5343681172051722
0.5343590437656228
0.5343498635397571
0.534340575541623
0.5343311787769457
0.5343216722430987
0.5343120549290757
0.5343023258154621
0.5342924838744074
0.5342825280696014
0.5342724573562477
0.5342622706810473
0.5342519669821674
0.5342415451892294
0.5342310042232863
0.5342203429968089
0.5342095604136659
0.5341986553691116
0.534187626749777
0.5341764734336522
0.534165194290084
0.5341537881797634
0.5341422539547248
0.534130590458336
0.5341187965253046
0.5341068709816675
0.5340948126448062
0.5340826203234377
0.5340702928176285
0.5340578289188024
0.5340452274097462
0.5340324870646274
0.534019606649007
0.5340065849198555
0.5339934206255739
0.5339801125060151
0.5339666592925085
0.5339530597078855
0.5339393124665103
0.533925416274313
0.5339113698288185
0.5338971718191916
0.5338828209262693
0.5338683158226101
0.533853655172535
0.5338388376321785
0.5338238618495361
0.5338087264645236
0.5337934301090315
0.5337779714069842
0.5337623489744073
0.5337465614194896
0.5337306073426547
0.5337144853366347
0.5336981939865443
0.5336817318699636
0.5336650975570176
0.5336482896104622
0.5336313065857758
0.5336141470312521
0.5335968094880965
0.5335792924905228
0.5335615945658635
0.5335437142346691
0.5335256500108267
0.5335074004016682
0.5334889639080915
0.5334703390246835
0.5334515242398409
0.5334325180359045
0.5334133188892926
0.5333939252706336
0.5333743356449111
0.5333545484716051
0.5333345622048457
0.5333143752935605
0.5332939861816326
0.5332733933080637
0.5332525951071352
0.533231590008577
0.5332103764377423
0.5331889528157812
0.533167317559822
0.5331454690831561
0.5331234057954222
0.5331011261028076
0.5330786284082327
0.5330559111115621
0.5330329726098002
0.5330098112973055
0.5329864255659972
0.5329628138055775
0.5329389744037475
0.5329149057464291
0.5328906062179983
0.5328660742015133
0.5328413080789495
0.5328163062314407
0.5327910670395221
0.5327655888833742
