0.9216352179906779
0.9120185768874541
0.9066496346162778
0.9012115521449781
0.8951574724401916
0.8882780044645776
0.8804372169033832
0.8715498432083999
0.8615893041194975
0.8505953208484439
0.8386748819024737
0.8259961588779027
0.812776258418218
0.7992638545983675
0.7857183363560741
0.7723881530035759
0.7594917263526075
0.7472039411588095
0.735649812309544
0.7249050780018279
0.7150019881210314
0.7059379321504521
0.6976847570966629
0.690197300328753
0.6834204044781208
0.6772942469394293
0.6717581407925162
0.6667530928636725
0.6622234160198243
0.6581176516290187
0.6543890037543307
0.6509954370306654
0.6478995505671451
0.6450683102047577
0.6424726989680608
0.640087328579126
0.6378900419857462
0.635861527015376
0.6339849538414731
0.6322456434576402
0.6306307704112413
0.6291291003245959
0.6277307609475967
0.6264270444033839
0.6252102377137184
0.6240734784684157
0.6230106325149182
0.6220161907018126
0.6210851819506531
0.6202131002101364
0.6193958431364683
0.6186296606253529
0.61791111158365
0.617237027566954
0.6166044821209434
0.6160107648495095
0.6154533593927499
0.6149299246349674
0.6144382785792489
0.6139763844235081
0.6135423384553338
0.6131343594518471
0.6127507793280049
0.6123900348241413
0.6120506600625405
0.6117312798348747
0.6114306035084922
0.6111474194608513
0.6108805899686705
0.6106290464923203
0.6103917853071718
0.6101678634426397
0.6099563948967918
0.6097565471001252
0.6095675376065868
0.6093886309934954
0.6092191359548234
0.609058402574477
0.6089058197679517
0.6087608128820775
0.6086228414436381
0.6084913970484692
0.6083660013833089
0.60824620437319
0.6081315824476066
0.6080217369190036
0.6079162924674678
0.6078148957257006
0.6077172139586073
0.6076229338319948
0.6075317602650662
0.6074434153615369
0.6073576374143784
0.6072741799793102
0.6071928110123327
0.6071133120667259
0.6070354775450914
0.6069591140021672
0.6068840394943202
0.6068100829717655
0.606737083709768
0.6066648907752665
0.6065933625255536
0.6065223661358702
0.6064517771530218
0.6063814790723009
0.6063113629353365
0.6062413269466564
0.6061712761070756
0.6061011218622362
0.6060307817649051
0.6059601791498639
0.6058892428204791
0.6058179067462396
0.6057461097707552
0.605673795329887
0.6056009111798352
0.6055274091351042
0.6054532448163988
0.6053783774085434
0.6053027694285499
0.6052263865039961
0.6051491971618495
0.6050711726278318
0.6049922866364054
0.6049125152513687
0.6048318366970135
0.604750231199699
0.6046676808396675
0.6045841694128141
0.6044996823021136
0.6044142063583042
0.6043277297894439
0.6042402420588697
0.6041517337910978
0.6040621966851992
0.6039716234351554
0.6038800076567239
0.6037873438203623
0.6036936271897616
0.603598853765571
0.6035030202339285
0.6034061239194265
0.6033081627421834
0.6032091351787039
0.6031090402262499
0.6030078773704713
0.6029056465560397
0.6028023481600882
0.6026979829682546
0.6025925521531321
0.6024860572549731
0.602378500164468
0.602269883107468
0.6021602086314868
0.6020494795938612
0.6019376991514295
0.6018248707516017
0.6017109981247062
0.6015960852774817
0.6014801364876151
0.6013631562991973
0.6012451495190109
0.6011261212135263
0.6010060767065147
0.600885021577202
0.6007629616588354
0.6006399030376153
0.6005158520518904
0.6003908152915458
0.6002647995975111
0.6001378120613341
0.6000098600247344
0.5998809510791119
0.5997510930649339
0.5996202940709664
0.5994885624333071
0.5993559067341799
0.5992223358004609
0.5990878587019054
0.5989524847490535
0.5988162234907944
0.598679084711573
0.598541078428222
0.5984022148864181
0.5982625045567502
0.598121958130395
0.5979805865144141
0.5978384008266506
0.5976954123902584
0.5975516327278534
0.5974070735552983
0.5972617467751455
0.5971156644697359
0.5969688388939818
0.596821282467841
0.5966730077685153
0.5965240275223688
0.5963743545966163
0.5962240019907838
0.5960729828279647
0.5959213103459055
0.5957689978879358
0.595616058893765
0.5954625068901873
0.5953083554816891
0.5951536183410129
0.5949983091996918
0.5948424418385646
0.5946860300783215
0.5945290877700877
0.5943716287860663
0.5942136670102797
0.5940552163294135
0.5938962906237975
0.593736903758535
0.5935770695748249
0.593416801881455
0.5932561144465308
0.5930950209894275
0.592933535172996
0.5927716705960466
0.5926094407861038
0.5924468591924759
0.5922839391796328
0.5921206940209193
0.591957136892608
0.5917932808683084
0.5916291389137437
0.5914647238818986
0.5913000485085624
0.5911351254082544
0.5909699670705564
0.5908045858568459
0.5906389939974518
0.5904732035892077
0.590307226593434
0.5901410748343318
0.5899747599978025
0.589808293630673
0.5896416871403427
0.5894749517948409
0.589308098723281
0.5891411389167232
0.5889740832294246
0.5888069423804649
0.5886397269557515
0.5884724474103792
0.5883051140713373
0.5881377371405467
0.5879703266982167
0.5878028927064924
0.5876354450133946
0.5874679933570102
0.5873005473699288
0.587133116583895
0.5869657104346612
0.5867983382670099
0.5866310093399209
0.5864637328318709
0.5862965178462158
0.5861293734166596
0.5859623085127488
0.5857953320453936
0.5856284528723715
0.5854616798037885
0.5852950216074781
0.585128487014289
0.5849620847232594
0.584795823406634
0.584629711714696
0.5844637582803959
0.5842979717237452
0.5841323606559483
0.5839669336832564
0.5838016994105092
0.5836366664443516
0.5834718433960978
0.5833072388842322
0.5831428615365171
0.5829787199917035
0.5828148229008238
0.5826511789280581
0.5824877967511557
0.5823246850614175
0.5821618525632175
0.5819993079730724
0.5818370600182494
0.5816751174349117
0.5815134889658146
0.581352183357541
0.5811912093572998
0.5810305757092826
0.5808702911505974
0.5807103644067896
0.5805508041869716
0.5803916191785635
0.5802328180416866
0.5800744094032061
0.5799164018504641
0.5797588039247181
0.5796016241143096
0.5794448708475975
0.5792885524856721
0.5791326773148902
0.5789772535392499
0.578822289272645
0.5786677925310185
0.5785137712244617
0.5783602331492682
0.5782071859799972
0.5780546372615516
0.5779025944013301
0.5777510646614554
0.5776000551511192
0.5774495728190826
0.5772996244463361
0.577150216638966
0.5770013558212416
0.5768530482289466
0.5767052999029875
0.576558116683276
0.5764115042029422
0.5762654678828528
0.5761200129264842
0.5759751443151503
0.5758308668035929
0.575687184915962
0.5755441029421725
0.5754016249346686
0.5752597547055782
0.5751184958242829
0.5749778516153844
0.5748378251570851
0.5746984192799773
0.5745596365662293
0.5744214793491706
0.574283949713286
0.5741470494945762
0.5740107802813154
0.5738751434151721
0.5737401399926904
0.5736057708671243
0.5734720366506086
0.5733389377166497
0.5732064742029427
0.5730746460144668
0.5729434528268799
0.5728128940901762
0.5726829690325963
0.5725536766647735
0.57242501578411
0.5722969849793511
0.5721695826353539
0.5720428069380319
0.5719166558794573
0.5717911272631034
0.5716662187092276
0.5715419276603493
0.5714182513868402
0.5712951869925992
0.5711727314207831
0.5710508814596099
0.5709296337481965
0.5708089847824274
0.5706889309208437
0.5705694683905345
0.5704505932930309
0.5703323016101737
0.5702145892099638
0.570097451852372
0.5699808851951106
0.5698648847993416
0.5697494461353318
0.5696345645880366
0.5695202354626102
0.5694064539898261
0.5692932153314205
0.5691805145853365
0.5690683467908655
0.568956706933698
0.5688455899508496
0.568734990735498
0.5686249041416889
0.5685153249889321
0.5684062480666793
0.5682976681386841
0.56818957994723
0.568081978217248
0.5679748576602968
0.5678682129784316
0.5677620388679316
0.5676563300229176
0.5675510811388309
0.5674462869158033
0.5673419420618806
0.5672380412961459
0.5671345793517041
0.5670315509785543
0.5669289509463394
0.5668267740469759
0.5667250150971683
0.5666236689408142
0.5665227304512871
0.5664221945336172
0.5663220561265555
0.5662223102045405
0.5661229517795521
0.5660239759028699
0.5659253776667293
0.5658271522058789
0.5657292946990489
0.5656318003703192
0.5655346644904075
0.5654378823778581
0.5653414494001615
0.5652453609747737
0.5651496125700757
0.5650541997062367
0.564959117956015
0.5648643629454873
0.5647699303546968
0.5646758159182451
0.5645820154258194
0.5644885247226458
0.5643953397098944
0.564302456345021
0.5642098706420552
0.5641175786718319
0.5640255765621754
0.5639338604980301
0.5638424267215513
0.5637512715321392
0.5636603912864446
0.5635697823983222
0.5634794413387466
0.5633893646356963
0.5632995488739986
0.5632099906951391
0.5631206867970421
0.5630316339338217
0.5629428289154976
0.5628542686076923
0.5627659499312978
0.5626778698621179
0.5625900254304894
0.5625024137208838
0.5624150318714803
0.5623278770737336
0.5622409465719137
0.5621542376626312
0.5620677476943508
0.5619814740668905
0.561895414230902
0.5618095656873477
0.5617239259869596
0.5616384927296943
0.5615532635641713
0.5614682361871124
0.5613834083427667
0.5612987778223313
0.5612143424633681
0.5611301001492139
0.5610460488083829
0.560962186413974
0.5608785109830653
0.5607950205761171
0.5607117132963606
0.5606285872891973
0.5605456407415885
0.5604628718814512
0.5603802789770498
0.5602978603363937
0.5602156143066278
0.5601335392734331
0.5600516336604281
0.559969895928563
0.5598883245755318
0.5598069181351751
0.5597256751768909
0.5596445943050505
0.5595636741584165
0.559482913409563
0.5594023107643035
0.5593218649611224
0.55924157477061
0.5591614389949036
0.5590814564671327
0.559001626050873
0.5589219466395999
0.5588424171561511
0.5587630365521971
0.5586838038077114
0.5586047179304514
0.5585257779554462
0.5584469829444845
0.5583683319856141
0.5582898241926447
0.5582114587046603
0.5581332346855327
