0.909227739211028
0.8998764180638237
0.890176450414823
0.8803326683556258
0.8701860600276953
0.8595661485580481
0.8483583160955342
0.836514013680401
0.824052948749659
0.8110599605726563
0.7976752722533472
0.7840781962124315
0.7704665809181843
0.7570359141969817
0.743962117464852
0.7313905974512317
0.7194319175717595
0.7081626512361071
0.6976292433928429
0.6878529586106907
0.6788347264138755
0.6705594089354059
0.6629994598880035
0.6561181048955086
0.6498721590989692
0.644214525685399
0.6390963611298308
0.6344688732234541
0.6302847298754121
0.6264990835406427
0.6230702433723806
0.619960046629157
0.6171339901265547
0.6145611828794085
0.6122141752962439
0.6100687112266617
0.6081034391012791
0.6062996088475834
0.6046407730273385
0.6031125040249251
0.6017021341001997
0.6003985215108587
0.5991918434466124
0.5980734149360015
0.5970355319509532
0.5960713364513809
0.5951747009332173
0.5943401300580843
0.5935626770732617
0.5928378729232597
0.5921616661739272
0.5915303720944908
0.5909406294589441
0.5903893638285566
0.5898737562584419
0.589391216532186
0.5889393601697201
0.5885159885761706
0.5881190718048404
0.5877467334974592
0.5873972376411312
0.5870689768455652
0.5867604618979133
0.5864703123970573
0.5861972483059914
0.585940082291039
0.5856977127411693
0.5854691173804839
0.5852533474028512
0.5850495220703864
0.5848568237275651
0.5846744931907163
0.584501825478956
0.5843381658575635
0.5841829061686796
0.5840354814273025
0.5838953666629735
0.5837620739895353
0.583635149886905
0.5835141726801402
0.5833987502021902
0.5832885176276673
0.5831831354658317
0.5830822877017346
0.5829856800751677
0.5828930384876922
0.5828041075286459
0.582718649111582
0.5826364412131378
0.5825572767068518
0.5824809622849223
0.5824073174613885
0.5823361736506363
0.5822673733155687
0.5822007691801645
0.5821362235015358
0.5820736073969427
0.5820128002215609
0.5819536889931038
0.5818961678596891
0.5818401376076432
0.5817855052061316
0.5817321833858076
0.5816800902488323
0.5816291489078659
0.5815792871517858
0.5815304371360821
0.5814825350960292
0.5814355210808955
0.5813893387075607
0.5813439349320706
0.5812992598377503
0.5812552664386124
0.581211910496892
0.5811691503536335
0.5811269467713309
0.5810852627877053
0.58104406357977
0.58100331633739
0.5809629901456258
0.5809230558751712
0.5808834860802745
0.5808442549035586
0.5808053379872137
0.5807667123900576
0.5807283565100191
0.5806902500115957
0.5806523737579203
0.5806147097470452
0.5805772410521207
0.5805399517651458
0.5805028269440091
0.5804658525625408
0.5804290154633331
0.5803923033131082
0.5803557045604033
0.5803192083954037
0.5802828047117266
0.5802464840700041
0.5802102376631169
0.5801740572829487
0.5801379352885195
0.5801018645754327
0.5800658385464865
0.5800298510834082
0.5799938965196088
0.579957969613904
0.5799220655251429
0.5798861797876911
0.5798503082877348
0.5798144472403645
0.5797785931674174
0.5797427428760533
0.5797068934380453
0.5796710421697806
0.5796351866129541
0.5795993245159605
0.579563453815967
0.5795275726216857
0.5794916791968326
0.5794557719442778
0.5794198493908983
0.5793839101731242
0.5793479530231893
0.5793119767560866
0.5792759802572239
0.5792399624707837
0.5792039223887887
0.579167859040858
0.5791317714846544
0.5790956587970187
0.5790595200657693
0.5790233543821666
0.5789871608340155
0.5789509384994036
0.5789146864410385
0.578878403701183
0.5788420892971468
0.5788057422173286
0.5787693614177678
0.5787329458191884
0.5786964943045109
0.5786600057167914
0.5786234788575713
0.5785869124856029
0.5785503053159283
0.5785136560192682
0.5784769632217179
0.578440225504688
0.5784034414050987
0.5783666094157777
0.5783297279860377
0.5782927955224223
0.5782558103895906
0.5782187709113054
0.5781816753715295
0.578144522015593
0.5781073090514158
0.5780700346507732
0.5780326969505921
0.5779952940542525
0.5779578240328951
0.5779202849267179
0.5778826747462487
0.5778449914735934
0.5778072330636468
0.5777693974452579
0.5777314825223566
0.5776934861750154
0.5776554062604713
0.5776172406140778
0.5775789870502079
0.5775406433630859
0.5775022073275708
0.5774636766998709
0.5774250492182014
0.5773863226033812
0.5773474945593777
0.5773085627737895
0.5772695249182778
0.5772303786489459
0.5771911216066707
0.5771517514173856
0.577112265692319
0.5770726620281905
0.5770329380073702
0.5769930911979961
0.5769531191540659
0.5769130194154864
0.5768727895081058
0.5768324269437041
0.5767919292199776
0.5767512938204857
0.5767105182145851
0.576669599857343
0.5766285361894404
0.5765873246370528
0.576545962611724
0.5765044475102268
0.5764627767144167
0.5764209475910762
0.576378957491754
0.5763368037525913
0.576294483694162
0.5762519946212877
0.5762093338228655
0.5761664985716917
0.5761234861242795
0.5760802937206837
0.5760369185843228
0.5759933579218037
0.5759496089227465
0.5759056687596162
0.5758615345875505
0.5758172035442001
0.5757726727495655
0.5757279393058378
0.5756830002972508
0.5756378527899308
0.5755924938317551
0.5755469204522122
0.5755011296622721
0.5754551184542597
0.5754088838017314
0.5753624226593658
0.5753157319628476
0.5752688086287723
0.5752216495545456
0.575174251618298
0.5751266116788007
0.575078726575387
0.5750305931278918
0.574982208136586
0.5749335683821217
0.5748846706254921
0.5748355116079894
0.5747860880511796
0.5747363966568766
0.5746864341071344
0.5746361970642423
0.5745856821707312
0.5745348860493863
0.5744838053032738
0.5744324365157771
0.5743807762506372
0.574328821052013
0.574276567444544
0.5742240119334296
0.574171151004519
0.5741179811244066
0.5740644987405529
0.5740107002814034
0.5739565821565338
0.5739021407567939
0.5738473724544789
0.5737922736035098
0.573736840539625
0.5736810695805911
0.5736249570264301
0.5735684991596557
0.5735116922455359
0.573454532532366
0.5733970162517578
0.5733391396189519
0.5732808988331458
0.5732222900778378
0.5731633095211968
0.5731039533164449
0.5730442176022678
0.5729840985032372
0.5729235921302623
0.5728626945810595
0.5728014019406461
0.5727397102818553
0.5726776156658755
0.5726151141428142
0.572552201752287
0.572488874524028
0.5724251284785309
0.5723609596277145
0.5722963639756119
0.5722313375190895
0.5721658762485982
0.5720999761489417
0.5720336332000847
0.5719668433779846
0.571899602655455
0.5718319070030536
0.571763752390018
0.5716951347852057
0.5716260501580938
0.571556494479789
0.5714864637240856
0.5714159538685457
0.5713449608956196
0.5712734807937984
0.5712015095587972
0.5711290431947792
0.5710560777156101
0.5709826091461498
0.5709086335235801
0.5708341468987649
0.5707591453376514
0.5706836249227056
0.5706075817543834
0.5705310119526413
0.5704539116584781
0.570376277035525
0.5702981042716586
0.5702193895806651
0.5701401292039308
0.5700603194121787
0.5699799565072351
0.569899036823838
0.569817556731485
0.5697355126363107
0.5696529009830054
0.5695697182567744
0.5694859609853264
0.5694016257409031
0.5693167091423404
0.5692312078571742
0.5691451186037644
0.5690584381534703
0.568971163332853
0.5688832910259076
0.5687948181763338
0.5687057417898346
0.5686160589364472
0.568525766752909
0.5684348624450399
0.5683433432901689
0.5682512066395773
0.5681584499209732
0.5680650706409865
0.5679710663876963
0.5678764348331707
0.5677811737360334
0.5676852809440531
0.5675887543967458
0.5674915921279932
0.5673937922686844
0.567295353049363
0.5671962728028904
0.5670965499671144
0.5669961830875547
0.5668951708200839
0.5667935119336202
0.5666912053128199
0.5665882499607674
0.5664846450016633
0.5663803896835123
0.5662754833807996
0.5661699255971538
0.5660637159680076
0.5659568542632342
0.5658493403897744
0.5657411743942308
0.5656323564654554
0.5655228869371014
0.5654127662901409
0.5653019951553656
0.5651905743158407
0.5650785047093291
0.5649657874306601
0.5648524237340785
0.5647384150355188
0.5646237629148514
0.5645084691180573
0.5643925355593629
0.5642759643232941
0.5641587576666889
0.5640409180206186
0.5639224479922617
0.5638033503666866
0.5636836281085649
0.5635632843637974
0.5634423224610673
0.5633207459132918
0.5631985584189916
0.563075763863564
0.5629523663204521
0.5628283700522254
0.5627037795115422
0.5625785993420142
0.5624528343789532
0.562326489650011
0.562199570375695
0.5620720819697689
0.5619440300395275
0.5618154203859488
0.5616862590037122
0.561556552081094
0.5614263059997207
0.5612955273341903
0.5611642228515545
0.561032399510663
0.5609000644613614
0.5607672250435436
0.560633888786064
0.5605000634054965
0.5603657568047465
0.5602309770715089
0.5600957324765822
0.559960031472018
0.5598238826891294
0.5596872949363376
0.559550277196865
0.5594128386262759
0.5592749885498609
0.559136736459866
0.5589980920125724
0.558859065025215
0.5587196654727564
0.5585799034845033
0.5584397893405751
0.5582993334682251
0.5581585464380134
0.55801743895983
0.5578760218787873
0.5577343061709589
0.5575923029389865
0.5574500234075522
0.5573074789187202
0.5571646809271443
0.5570216409951557
0.5568783707877256
0.5567348820673165
0.556591186688612
0.5564472965931447
0.5563032238038131
0.55615898041931
0.5560145786084449
0.5558700306043799
0.5557253486987898
0.5555805452359309
0.5554356326066483
0.5552906232423093
0.5551455296086767
0.5550003641997338
0.5548551395314476
0.5547098681355052
0.5545645625530022
0.5544192353281082
0.554273899001708
0.5541285661050266
0.5539832491532447
0.5538379606391152
0.5536927130265802
0.5535475187444007
0.5534023901798072
0.5532573396721722
0.5531123795067173
0.5529675219082617
0.5528227790350094
0.5526781629723944
0.5525336857269899
0.5523893592204757
0.5522451952836795
0.5521012056507036
