0.9048295731220978
0.8924895668404229
0.8888651678726758
0.885829710711062
0.8823182052262053
0.8781257727388849
0.8731669368698507
0.8673845263521756
0.860738388687731
0.8532024515134901
0.8447645001426629
0.8354299985768558
0.8252294366116955
0.8142266163589832
0.8025245953184609
0.7902665402093664
0.7776301209244195
0.7648158923378034
0.7520318389105721
0.739477269609508
0.7273291486225532
0.7157328485839956
0.7047978161728402
0.6945974345838966
0.685171816666744
0.6765322933069496
0.6686666695406073
0.6615446376270123
0.6551229512544532
0.6493500916083412
0.6441702452859102
0.6395264984069735
0.6353632343287186
0.6316277930786217
0.6282714986021578
0.6252501822837391
0.622524331912654
0.6200589815976776
0.617823437381819
0.6157909110354527
0.6139381141218273
0.6122448475300608
0.6106936086250622
0.6092692286528432
0.6079585464501476
0.6067501201690271
0.6056339760345225
0.6046013916125637
0.6036447102979396
0.6027571834632531
0.6019328367462634
0.6011663571640615
0.6004529980420936
0.5997884990798485
0.5991690192099726
0.5985910802248633
0.5980515194348187
0.5975474498806178
0.5970762268504737
0.5966354196482226
0.5962227877287202
0.5958362604607574
0.5954739199003016
0.5951339860603674
0.5948148042509878
0.5945148341359364
0.5942326402141112
0.5939668834846473
0.5937163140974806
0.5934797648264902
0.5932561452317445
0.5930444364016512
0.5928436861858859
0.5926530048464049
0.5924715610673897
0.5922985782760014
0.5921333312347752
0.5919751428738134
0.5918233813367374
0.5916774572191587
0.5915368209821015
0.591400960525895
0.5912693989123159
0.5911416922246958
0.5910174275570967
0.5908962211247827
0.5907777164890716
0.590661582890302
0.5905475136831329
0.5904352248687625
0.5903244537189511
0.5902149574868939
0.590106512200219
0.5899989115314416
0.5898919657413696
0.5897855006910063
0.589679356917603
0.5895733887706124
0.5894674636033505
0.5893614610163178
0.5892552721482132
0.589148799010807
0.5890419538639678
0.5889346586273112
0.588826844325074
0.5887184505610141
0.5886094250203346
0.5884997229958125
0.5883893069355706
0.5882781460101094
0.5881662156965184
0.5880534973779501
0.5879399779567722
0.5878256494799909
0.5877105087758488
0.5875945571006655
0.587477799795319
0.5873602459509017
0.5872419080833247
0.5871228018168608
0.5870029455767256
0.5868823602909872
0.5867610691021893
0.5866390970891814
0.5865164709996974
0.5863932189942711
0.5862693704020961
0.5861449554893974
0.5860200052408829
0.5858945511547378
0.5857686250515887
0.5856422588977401
0.5855154846428919
0.5853883340724502
0.5852608386743755
0.5851330295204611
0.5850049371617477
0.5848765915377312
0.5847480218988503
0.5846192567417121
0.5844903237563783
0.5843612497849884
0.5842320607909431
0.5841027818378135
0.5839734370771275
0.5838440497441661
0.5837146421608992
0.5835852357452078
0.5834558510255528
0.5833265076602894
0.5831972244608654
0.5830680194181811
0.5829389097314387
0.5828099118388791
0.5826810414498382
0.5825523135776224
0.582423742572768
0.5822953421562859
0.5821671254525629
0.5820391050216406
0.5819112928906289
0.5817837005840696
0.5816563391531011
0.5815292192033055
0.5814023509211689
0.5812757440991014
0.5811494081589834
0.5810233521742453
0.5808975848905008
0.5807721147447438
0.5806469498831768
0.5805220981777018
0.5803975672411529
0.5802733644413189
0.5801494969138336
0.5800259715740032
0.5799027951276425
0.5797799740809867
0.5796575147497504
0.5795354232674039
0.5794137055927212
0.5792923675166747
0.5791714146687242
0.5790508525225564
0.5789306864013268
0.5788109214824547
0.5786915628020068
0.5785726152587127
0.5784540836176522
0.578335972513643
0.5782182864543608
0.5781010298232171
0.5779842068820237
0.5778678217734611
0.5777518785233731
0.5776363810429037
0.5775213331304941
0.5774067384737563
0.5772926006512228
0.5771789231340063
0.5770657092873545
0.5769529623721271
0.5768406855461966
0.5767288818657735
0.5766175542866745
0.5765067056655299
0.5763963387609388
0.5762864562345748
0.5761770606522473
0.5760681544849227
0.575959740109711
0.5758518198108068
0.5757443957804167
0.5756374701196351
0.575531044839318
0.5754251218609069
0.5753197030172539
0.5752147900534081
0.575110384627394
0.5750064883109696
0.5749031025903707
0.574800228867043
0.5746978684583592
0.574596022598334
0.5744946924383204
0.5743938790477102
0.5742935834146223
0.5741938064465887
0.5740945489712425
0.5739958117370008
0.5738975954137484
0.573799900593523
0.5737027277912117
0.5736060774452368
0.5735099499182584
0.5734143454978813
0.5733192643973667
0.5732247067563534
0.5731306726415895
0.5730371620476703
0.5729441748977969
0.5728517110445286
0.5727597702705675
0.572668352289539
0.5725774567467974
0.5724870832202353
0.5723972312211144
0.5723079001949034
0.572219089522139
0.5721307985192889
0.5720430264396392
0.571955772474192
0.5718690357525755
0.57178281534397
0.5716971102580486
0.5716119194459273
0.5715272418011305
0.5714430761605698
0.5713594213055307
0.5712762759626787
0.5711936388050618
0.5711115084531437
0.5710298834758276
0.5709487623914977
0.5708681436690716
0.5707880257290507
0.570708406944589
0.5706292856425585
0.5705506601046235
0.570472528568317
0.5703948892281259
0.5703177402365726
0.5702410797052994
0.5701649057061595
0.5700892162723014
0.5700140093992523
0.5699392830460075
0.5698650351361084
0.5697912635587227
0.5697179661697209
0.5696451407927423
0.5695727852202603
0.5695008972146437
0.5694294745092029
0.5693585148092356
0.5692880157930613
0.5692179751130461
0.5691483903966185
0.5690792592472748
0.5690105792455782
0.5689423479501341
0.5688745628985682
0.5688072216084838
0.5687403215784069
0.5686738602887202
0.5686078352025834
0.5685422437668379
0.5684770834128976
0.5684123515576263
0.5683480456042003
0.5682841629429514
0.5682207009522043
0.5681576569990856
0.5680950284403282
0.5680328126230568
0.5679710068855511
0.5679096085580042
0.5678486149632541
0.5677880234175067
0.567727831231039
0.5676680357088871
0.5676086341515187
0.5675496238554877
0.567491002114075
0.5674327662179104
0.5673749134555834
0.5673174411142351
0.5672603464801305
0.5672036268392245
0.5671472794777068
0.5670913016825282
0.567035690741923
0.5669804439459017
0.5669255585867428
0.5668710319594619
0.5668168613622682
0.5667630440970071
0.5667095774695936
0.566656458790419
0.5666036853747624
0.5665512545431703
0.5664991636218402
0.5664474099429789
0.5663959908451526
0.566344903673626
0.5662941457806877
0.5662437145259666
0.566193607276729
0.5661438214081737
0.566094354303712
0.5660452033552344
0.5659963659633704
0.565947839537734
0.5658996214971647
0.5658517092699531
0.5658041002940598
0.5657567920173214
0.5657097818976522
0.5656630674032334
0.5656166460126926
0.5655705152152798
0.5655246725110258
0.5654791154109036
0.5654338414369734
0.5653888481225217
0.5653441330121953
0.5652996936621253
0.5652555276400452
0.5652116325253999
0.5651680059094536
0.5651246453953794
0.5650815485983574
0.5650387131456547
0.564996136676704
0.5649538168431762
0.5649117513090466
0.5648699377506559
0.5648283738567623
0.5647870573285955
0.5647459858798994
0.5647051572369697
0.5646645691386908
0.5646242193365655
0.5645841055947369
0.5645442256900155
0.5645045774118879
0.5644651585625358
0.5644259669568373
0.564387000422375
0.5643482567994391
0.5643097339410132
0.5642714297127792
0.5642333419930977
0.5641954686729984
0.5641578076561624
0.5641203568588969
0.564083114210116
0.5640460776513139
0.5640092451365322
0.5639726146323264
0.5639361841177372
0.5638999515842444
0.5638639150357306
0.5638280724884389
0.5637924219709248
0.5637569615240074
0.5637216892007271
0.5636866030662826
0.5636517011979831
0.5636169816851931
0.5635824426292696
0.5635480821435049
0.5635138983530635
0.5634798893949202
0.563446053417791
0.5634123885820718
0.5633788930597636
0.563345565034406
0.5633124027010066
0.5632794042659631
0.5632465679469942
0.5632138919730624
0.5631813745842947
0.5631490140319084
0.5631168085781281
0.5630847564961087
0.5630528560698509
0.5630211055941199
0.5629895033743635
0.5629580477266253
0.5629267369774618
0.5628955694638514
0.5628645435331141
0.5628336575428197
0.5628029098606974
0.562772298864552
0.5627418229421682
0.5627114804912233
0.5626812699191944
0.5626511896432682
0.5626212380902449
0.5625914136964492
0.5625617149076335
0.5625321401788865
0.5625026879745337
0.5624733567680499
0.5624441450419563
0.5624150512877287
0.5623860740057002
0.5623572117049634
0.5623284629032754
0.5622998261269575
0.5622712999108005
0.5622428827979654
0.5622145733398844
0.5621863700961631
0.5621582716344805
0.5621302765304924
0.5621023833677287
0.5620745907374964
0.5620468972387794
0.5620193014781373
0.5619918020696079
0.5619643976346036
0.5619370868018124
0.5619098682071001
0.561882740493403
0.5618557023106346
0.5618287523155793
0.5618018891717933
0.5617751115495049
0.5617484181255087
0.56172180758307
0.5616952786118172
0.5616688299076479
0.5616424601726193
0.5616161681148524
0.5615899524484271
0.5615638118932809
0.56153774517511
0.5615117510252633
0.5614858281806433
0.5614599753836026
0.5614341913818434
0.5614084749283137
0.5613828247811072
0.5613572397033606
0.5613317184631513
0.5613062598333944
0.5612808625917436
0.5612555255204866
0.5612302474064428
0.5612050270408651
0.5611798632193309
0.5611547547416474
0.5611297004117451
0.5611046990375784
0.5610797494310206
0.5610548504077648
0.5610300007872201
0.5610051993924118
0.5609804450498769
0.5609557365895654
0.5609310728447351
0.5609064526518528
0.5608818748504913
0.5608573382832287
0.5608328417955458
0.560808384235725
0.5607839644547509
0.5607595813062037
0.5607352336461684
0.560710920333121
0.5606866402278387
0.5606623921932906
0.5606381750945456
0.5606139877986628
0.5605898291746001
0.5605656980931094
0.5605415934266353
0.5605175140492209
0.560493458836403
0.5604694266651183
0.5604454164135998
0.5604214269612805
0.5603974571886979
0.56037350597739
0.5603495722098034
0.5603256547691954
0.5603017525395344
0.5602778644054086
0.560253989251925
0.5602301259646199
0.5602062734293601
0.5601824305322506
0.5601585961595434
0.5601347691975408
0.5601109485325074
0.5600871330505777
0.5600633216376648
0.5600395131793732
0.56001570656091
0.5599919006669963
0.559968094381782
0.5599442865887613
0.5599204761706863
0.5598966620094865
0.5598728429861898
0.559849017980835
0.5598251858724013
0.5598013455387284
0.5597774958564391
0.5597536357008713
0.5597297639459994
0.559705879464373
0.5596819811270415
0.5596580678034936
0.559634138361593
0.559610191667519
0.5595862265857049
0.5595622419787881
0.5595382367075517
0.55951420963088
0.5594901596057092
0.5594660854869855
0.5594419861276223
0.5594178603784699
0.5593937070882766
0.5593695251036663
0.5593453132691074
0.5593210704269014
0.5592967954171572
0.559272487077791
0.5592481442445117
0.559223765750827
0.5591993504280425
0.5591748971052765
0.5591504046094744
0.5591258717654325
0.559101297395825
0.5590766803212415
0.5590520193602301
0.5590273133293445
0.5590025610432051
0.558977761314562
0.5589529129543681
0.5589280147718642
0.5589030655746681
0.5588780641688735
0.5588530093591609
0.55882789994892
0.5588027347403742
0.5587775125347257
0.5587522321323055
0.558726892332735
0.5587014919351039
0.5586760297381566
0.5586505045404899
0.5586249151407693
0.5585992603379518
0.5585735389315326
0.5585477497217909
0.5585218915100701
0.5584959630990541
0.5584699632930752
0.5584438908984258
0.5584177447236973
0.5583915235801279
0.5583652262819724
0.5583388516468911
0.5583123984963527
0.5582858656560613
0.5582592519563985
0.5582325562328904
0.5582057773266909
0.5581789140850876
0.5581519653620277
0.558124930018668
0.5580978069239484
0.5580705949551787
0.558043292998662
0.5580158999503338
0.5579884147164192
0.5579608362141264
0.5579331633723597
0.5579053951324484
0.5578775304489163
0.5578495682902624
0.5578215076397741
0.5577933474963634
0.5577650868754287
0.5577367248097406
0.5577082603503585
0.5576796925675629
0.5576510205518228
0.5576222434147816
0.5575933602902705
0.5575643703353448
0.557535272731346
0.557506066684988
0.557476751429459
0.5574473262255608
0.5574177903628542
0.5573881431608324
0.5573583839701174
0.5573285121736703
0.5572985271880215
0.5572684284645161
0.5572382154905822
0.5572078877910006
0.5571774449292005
0.5571468865085574
0.5571162121737029
0.5570854216118455
0.5570545145540904
0.5570234907767702
0.5569923501027715
0.5569610924028633
0.5569297175970198
0.556898225655743
0.5568666166013695
0.5568348905093711
0.556803047509638
0.5567710877877518
0.556739011586227
0.5567068192057407
0.5566745110063305
0.5566420874085594
0.5566095488946592
0.5565768960096186
0.5565441293622523
0.5565112496262093
0.5564782575409413
0.5564451539126243
0.5564119396150119
0.5563786155902471
0.556345182849598
0.5563116424741358
0.5562779956153413
0.5562442434956363
0.5562103874088453
0.5561764287205688
0.5561423688684782
0.5561082093625294
0.5560739517850735
0.5560395977908893
0.5560051491071167
0.5559706075330868
0.5559359749400611
0.5559012532708627
0.5558664445394073
0.5558315508301265
0.555796574297287
0.5557615171642002
0.5557263817223249
0.5556911703302598
0.555655885412625
0.5556205294588423
0.5555851050217999
0.5555496147164083
0.5555140612180618
0.5554784472609788
0.5554427756364565
0.5554070491910069
0.5553712708244154
0.5553354434876892
0.5552995701809188
0.5552636539510575
0.5552276978896061
0.555191705130232
0.5551556788463
0.5551196222483445
0.5550835385814681
0.5550474311226917
0.5550113031782383
0.5549751580807772
0.5549389991866293
0.5549028298729262
0.5548666535347516
0.5548304735822528
0.5547942934377387
0.5547581165327645
0.554721946305224
0.5546857861964292
0.5546496396482132
0.5546135101000432
0.5545774009861582
0.5545413157327334
0.5545052577550809
0.554469230454894
0.5544332372175321
0.554397281409365
0.5543613663751649
0.554325495435571
0.5542896718846141
0.554253898987312
0.5542181799773487
0.5541825180548205
0.5541469163840753
0.5541113780916296
0.5540759062641827
0.5540405039467083
0.5540051741406583
0.5539699198022402
0.553934743840806
0.5538996491173321
0.5538646384429955
0.5538297145778515
0.5537948802296098
0.5537601380525021
0.5537254906462589
0.5536909405551681
0.5536564902672447
0.5536221422134789
0.5535878987671911
0.5535537622434661
0.5535197348986871
0.553485818930143
0.553452016475734
0.5534183296137457
0.5533847603627174
0.5533513106813674
0.5533179824686134
0.5532847775636444
0.5532516977460733
0.5532187447361469
0.5531859201950217
0.5531532257250952
0.5531206628703949
0.5530882331170154
0.5530559378936084
0.5530237785719221
0.5529917564673723
0.5529598728396665
0.5529281288934565
0.5528965257790294
0.5528650645930266
0.5528337463791994
0.5528025721291793
0.552771542783281
0.552740659231327
0.5527099223134799
0.5526793328211087
0.552648891497654
0.5526185990395135
0.5525884560969365
0.5525584632749285
0.5525286211341561
0.5524989301918671
0.5524693909228043
0.5524400037601285
0.5524107690963375
0.5523816872841883
0.5523527586376107
0.5523239834326273
0.5522953619082609
0.5522668942674408
0.5522385806779022
0.55221042127308
0.5521824161529901
0.5521545653851078
0.5521268690052356
0.5520993270183602
0.5520719393994991
0.5520447060945338
0.5520176270210448
0.5519907020691148
0.5519639311021367
0.5519373139576016
0.5519108504478771
0.5518845403609721
0.5518583834612888
0.5518323794903595
0.5518065281675771
0.5517808291909035
0.5517552822375738
0.5517298869647767
0.5517046430103344
0.551679549993357
0.5516546075148916
0.5516298151585516
0.5516051724911469
0.551580679063276
0.5515563344099318
0.5515321380510775
0.5515080894922151
0.551484188224938
0.5514604337274817
0.5514368254652436
0.5514133628913083
0.5513900454469486
0.551366872562123
0.5513438436559523
0.5513209581371931
0.5512982154046954
0.5512756148478478
0.5512531558470134
0.5512308377739555
0.5512086599922511
0.5511866218576893
0.5511647227186693
0.5511429619165794
0.5511213387861679
0.5510998526559057
0.5510785028483376
0.5510572886804245
0.5510362094638768
0.5510152645054749
0.5509944531073858
0.5509737745674679
0.5509532281795656
0.5509328132338012
0.5509125290168486
0.5508923748122085
0.5508723499004705
0.5508524535595679
0.5508326850650256
0.550813043690198
0.5507935287065054
0.5507741393836566
0.550754874989866
0.5507357347920665
0.5507167180561158
0.5506978240469907
0.5506790520289799
0.5506604012658726
0.5506418710211307
0.5506234605580671
0.5506051691400148
0.5505869960304797
0.5505689404933072
0.550551001792825
0.5505331791939934
0.5505154719625415
0.5504978793651052
0.5504804006693577
0.5504630351441313
0.5504457820595432
0.5504286406871091
0.5504116102998556
0.5503946901724283
0.5503778795811952
0.5503611778043472
0.5503445841219914
0.5503280978162474
0.5503117181713281
0.5502954444736337
0.5502792760118236
0.5502632120769007
0.5502472519622836
0.5502313949638747
0.5502156403801342
0.5501999875121386
0.550184435663649
0.5501689841411646
0.5501536322539838
0.5501383793142549
0.5501232246370295
0.5501081675403084
0.5500932073450917
0.5500783433754184
0.5500635749584117
0.5500489014243156
0.5500343221065339
0.5500198363416636
0.5500054434695312
0.5499911428332198
0.549976933779102
0.5499628156568634
0.5499487878195323
0.549934849623503
0.5499210004285535
0.5499072395978734
0.5498935664980785
0.5498799804992283
0.5498664809748429
0.5498530673019222
0.5498397388609535
0.5498264950359225
0.5498133352143333
0.5498002587872085
0.5497872651491028
0.5497743536981102
0.5497615238358677
0.5497487749675647
0.5497361065019422
0.549723517851302
0.549711008431504
0.5496985776619697
0.5496862249656844
0.5496739497691927
0.5496617515026039
0.5496496295995822
0.5496375834973501
0.5496256126366849
0.549613716461911
0.549601894420899
0.5495901459650555
0.549578470549325
0.5495668676321755
0.5495553366755956
0.5495438771450863
0.5495324885096535
0.5495211702417966
0.5495099218175024
0.5494987427162329
0.5494876324209189
0.5494765904179453
0.549465616197144
0.549454709251778
0.5494438690785365
0.5494330951775157
0.5494223870522111
0.5494117442095049
0.5494011661596485
0.5493906524162552
0.5493802024962832
0.5493698159200222
0.5493594922110786
0.5493492308963646
0.5493390315060805
0.5493288935736994
0.5493188166359532
0.5493088002328215
0.5492988439075072
0.5492889472064328
0.5492791096792115
0.5492693308786419
0.5492596103606884
0.5492499476844629
0.549240342412212
0.5492307941092979
0.5492213023441843
0.5492118666884173
0.5492024867166119
0.54919316200643
0.54918389213857
0.5491746766967452
0.5491655152676665
0.5491564074410309
0.5491473528094966
0.549138350968671
0.5491294015170914
0.5491205040562095
0.5491116581903709
0.5491028635268013
0.5490941196755869
0.5490854262496564
0.5490767828647648
0.5490681891394769
0.5490596446951473
0.5490511491559051
0.5490427021486346
0.549034303302959
0.5490259522512229
0.549017648628474
0.5490093920724465
0.5490011822235439
0.5489930187248184
0.5489849012219592
0.5489768293632693
0.5489688027996521
0.5489608211845926
0.5489528841741403
0.5489449914268903
0.548937142603969
0.5489293373690155
0.5489215753881624
0.5489138563300231
0.5489061798656724
