0.881521365963578
0.8583633643486528
0.8552233481226698
0.8544531797422082
0.8539820284169204
0.8535641320558969
0.8531852039608929
0.8528506966991597
0.8525614582801287
0.8523143108068302
0.8521043046880276
0.8519260558745344
0.8517743648469795
0.8516444555053632
0.851532032873599
0.8514332584828538
0.8513446901357118
0.8512632077069544
0.851185934850092
0.8511101609195892
0.8510332647844114
0.8509526409829297
0.8508656281572272
0.8507694395839075
0.8506610957349231
0.8505373590759675
0.8503946716885561
0.8502290967335534
0.8500362651898695
0.8498113296060702
0.8495489266635263
0.8492431500074972
0.8488875338883993
0.8484750465352893
0.8479980898218805
0.8474484988218421
0.8468175316625292
0.8460958373035232
0.8452733872964188
0.84433935804343
0.8432819531656575
0.8420881615031891
0.8407434547048056
0.839231438682295
0.8375334846891175
0.8356283779239895
0.8334920341254226
0.831097347418972
0.8284142450192821
0.8254100344974784
0.8220501339832242
0.8182992704039498
0.8141232106649973
0.809491050912856
0.8043780260682896
0.7987687136523443
0.7926603942762793
0.7860662065106753
0.7790176216636383
0.7715657062204798
0.7637806852809703
0.755749504449724
0.7475714067196205
0.7393519358647201
0.7311961394979593
0.7232019492694304
0.7154546798368107
0.7080233166698958
0.7009588508129914
0.6942945069531021
0.6880474187263201
0.6822211842391062
0.6768087668677345
0.6717953318401274
0.6671607632775054
0.6628817433586003
0.6589333739697105
0.6552903797883941
0.6519279585171166
0.6488223499030261
0.6459511897280079
0.6432937047174948
0.6408307931645282
0.6385450258925246
0.6364205936779762
0.6344432204872885
0.632600056646001
0.6308795620733075
0.6292713867119462
0.6277662530374666
0.6263558438629893
0.625032697427912
0.6237901108661661
0.6226220525108501
0.6215230830454495
0.6204882852096397
0.619513201573093
0.6185937797754436
0.6177263245727445
0.616907456013891
0.6161340730818909
0.6154033221650637
0.6147125697653426
0.6140593788994513
0.613441488700354
0.6128567967781519
0.6123033439499569
0.61177930099577
0.6112829571415455
0.6108127100108443
0.6103670568227432
0.6099445866459581
0.609543973547624
0.6091639705000466
0.6088034039303413
0.6084611688164343
0.6081362242487762
0.6078275893905853
0.6075343397808393
0.6072556039337149
0.6069905601961993
0.6067384338321394
0.6064984943064904
0.6062700527479721
0.6060524595720125
0.6058451022488536
0.6056474032040865
0.6054588178408685
0.6052788326746252
0.6051069635723316
0.6049427540894692
0.6047857738985882
0.6046356173040586
0.6044919018381233
0.6043542669338067
0.6042223726705884
0.6040958985890282
0.6039745425707966
0.6038580197807601
0.6037460616679624
0.6036384150224818
0.6035348410853264
0.603435114708611
0.6033390235634366
0.6032463673929545
0.6031569573082454
0.6030706151247426
0.6029871727369909
0.6029064715296982
0.6028283618230666
0.6027527023505188
0.6026793597670178
0.6026082081862498
0.6025391287450479
0.6024720091934949
0.6024067435092363
0.6023432315345982
0.6022813786351884
0.6022210953787225
0.6021622972328933
0.6021049042811483
0.6020488409553287
0.6019940357841581
0.6019404211566306
0.6018879330994304
0.6018365110675135
0.6017860977470745
0.6017366388701595
0.6016880830402082
0.6016403815678759
0.6015934883165125
0.6015473595567152
0.6015019538294044
0.601457231816908
0.6014131562215737
0.6013696916514462
0.6013268045126002
0.6012844629076978
0.601242636540428
0.6012012966254519
0.6011604158035314
0.6011199680615227
0.6010799286569575
0.6010402740469188
0.6010009818209704
0.6009620306378833
0.6009234001659502
0.6008850710266593
0.6008470247415364
0.6008092436819613
0.6007717110218024
0.6007344106926639
0.6006973273416386
0.6006604462913868
0.6006237535024171
0.6005872355374384
0.6005508795276648
0.6005146731409564
0.6004786045516951
0.6004426624122864
0.6004068358261982
0.6003711143224539
0.6003354878314853
0.6002999466622732
0.6002644814806999
0.6002290832890554
0.6001937434066031
0.6001584534511849
0.6001232053217685
0.6000879911819108
0.600052803444067
0.6000176347547168
0.5999824779802354
0.5999473261934991
0.5999121726611529
0.59987701083153
0.5998418343231644
0.5998066369138808
0.5997714125304155
0.5997361552385544
0.5997008592337407
0.5996655188321406
0.5996301284621366
0.5995946826562227
0.5995591760432849
0.599523603341234
0.5994879593499923
0.5994522389447908
0.5994164370697683
0.5993805487318726
0.5993445689950206
0.5993084929745139
0.5992723158317101
0.599236032768907
0.5991996390244576
0.5991631298680824
0.5991265005963752
0.5990897465285018
0.5990528630020592
0.5990158453691102
0.5989786889923655
0.5989413892415253
0.5989039414897404
0.5988663411102312
0.5988285834730064
0.5987906639417224
0.598752577870642
0.598714320601703
0.5986758874616948
0.598637273759521
0.5985984747835619
0.598559485799122
0.5985203020459611
0.5984809187358993
0.5984413310505053
0.5984015341388498
0.5983615231153324
0.5983212930575706
0.5982808390043525
0.5982401559536445
0.5981992388606687
0.5981580826360194
0.5981166821438448
0.5980750322000699
0.5980331275706732
0.5979909629700134
0.5979485330591904
0.59790583244446
0.5978628556756868
0.5978195972448352
0.5977760515845086
0.597732213066516
0.5976880760004818
0.5976436346324973
0.5975988831437954
0.597553815649471
0.5975084261972309
0.5974627087661808
0.5974166572656415
0.5973702655339995
0.5973235273375924
0.5972764363696248
0.5972289862491147
0.5971811705198802
0.5971329826495425
0.5970844160285783
0.5970354639693964
0.5969861197054449
0.5969363763903542
0.5968862270971188
0.5968356648172961
0.5967846824602658
0.5967332728524941
0.596681428736858
0.5966291427719959
0.5965764075316891
0.5965232155042973
0.5964695590922221
0.5964154306114096
0.5963608222909025
0.5963057262724308
0.5962501346100462
0.5961940392698056
0.5961374321294974
0.5960803049784223
0.5960226495172193
0.5959644573577536
0.5959057200230458
0.5958464289472765
0.5957865754758305
0.5957261508654215
0.5956651462842645
0.5956035528123276
0.5955413614416524
0.595478563076736
0.5954151485350043
0.5953511085473517
0.5952864337587727
0.5952211147290698
0.5951551419336627
0.5950885057644785
0.5950211965309466
0.5949532044610948
0.594884519702745
0.5948151323248275
0.5947450323188064
0.5946742096002136
0.5946026540103324
0.5945303553179812
0.5944573032214553
0.5943834873505953
0.5943088972690045
0.5942335224764231
0.5941573524112537
0.5940803764532526
0.5940025839263908
0.5939239641018976
0.5938445062014767
0.5937641994007238
0.5936830328327337
0.5936009955919148
0.5935180767380183
0.5934342653003811
0.5933495502824008
0.593263920666246
0.5931773654177999
0.5930898734918697
0.5930014338376434
0.5929120354044163
0.5928216671475949
0.5927303180349827
0.5926379770533547
0.5925446332153393
0.5924502755665962
0.5923548931933227
0.5922584752300742
0.5921610108679259
0.5920624893629605
0.5919629000451139
0.5918622323273712
0.5917604757153222
0.5916576198170819
0.5915536543535878
0.5914485691692734
0.5913423542431228
0.5912349997001152
0.5911264958230565
0.5910168330648129
0.590906002060924
0.5907939936426307
0.5906807988502866
0.5905664089471637
0.5904508154336637
0.5903340100619012
0.5902159848506855
0.5900967321008679
0.5899762444110707
0.5898545146937645
0.5897315361916987
0.5896073024946692
0.589481807556605
0.5893550457129543
0.5892270116983556
0.589097700664575
0.588967108198675
0.5888352303414016
0.5887020636057501
0.5885676049956913
0.5884318520250075
0.588294802736226
0.5881564557195881
0.588016810132026
0.5878758657161066
0.5877336228188926
0.5875900824106616
0.5874452461034602
0.587299116169414
0.5871516955587486
0.5870029879174746
0.5868529976046604
0.5867017297092408
0.586549190066311
0.5863953852728152
0.5862403227025942
0.5860840105207148
0.5859264576970012
0.5857676740187379
0.5856076701024309
0.5854464574046114
0.5852840482315737
0.5851204557480064
0.5849556939844559
0.5847897778435421
0.5846227231048828
0.5844545464286738
0.5842852653578466
0.5841148983187864
0.583943464620526
0.5837709844524112
0.5835974788801632
0.5834229698403257
0.5832474801330588
0.5830710334132556
0.5828936541799636
0.5827153677640906
0.5825362003144083
0.5823561787818174
0.5821753309019186
0.5819936851758654
0.5818112708495407
0.5816281178910744
0.5814442569667219
0.581259719415163
0.58107453722024
0.5808887429822077
0.5807023698875299
0.5805154516773058
0.5803280226143798
0.5801401174492093
0.5799517713845749
0.5797630200392131
0.5795738994104589
0.5793844458359878
0.5791946959547603
0.579004686667257
0.5788144550951142
0.5786240385402597
0.5784334744436512
0.5782428003437343
0.5780520538347165
0.5778612725247606
0.5776704939942301
0.5774797557540604
0.5772890952043839
0.5770985495935044
0.5769081559773235
0.5767179511793149
0.5765279717511498
0.5763382539340626
0.5761488336210361
0.5759597463199153
0.5757710271175006
0.5755827106447196
0.5753948310429369
0.5752074219314742
0.5750205163763923
0.5748341468606033
0.574648345255354
0.5744631427931235
0.5742785700419824
0.5740946568814415
0.5739114324798151
0.5737289252731271
0.5735471629455732
0.5733661724115484
0.5731859797992565
0.5730066104358822
0.5728280888343439
0.5726504386816116
0.5724736828285639
0.5722978432813874
0.5721229411944793
0.5719489968648417
0.571776029727932
0.571604058354929
0.5714331004514034
0.5712631728573252
0.5710942915483889
0.5709264716386028
0.5707597273841052
0.5705940721881485
0.5704295186072161
0.5702660783582163
0.5701037623267033
0.5699425805760657
0.5697825423576506
0.5696236561217479
0.5694659295294004
0.5693093694649716
0.5691539820494323
