0.6666666666666666
0.6666666666666666
0.6666666666666666
0.6666666666666666
0.6666666666666666
0.6666666666666666
0.6666666666666666
0.6761904761904762
0.6857142857142857
0.6857142857142857
0.7047619047619048
0.7142857142857143
0.7238095238095238
0.7523809523809524
0.7904761904761904
0.8095238095238095
0.8285714285714286
0.8380952380952381
0.8476190476190476
0.8571428571428571
0.8761904761904762
0.9142857142857143
0.9238095238095239
0.9238095238095239
0.9238095238095239
0.9333333333333333
0.9523809523809523
0.9523809523809523
0.9523809523809523
0.9523809523809523
0.9523809523809523
0.9523809523809523
0.9523809523809523
0.9523809523809523
0.9619047619047619
0.9714285714285714
0.9714285714285714
0.9714285714285714
0.9714285714285714
0.9714285714285714
0.9714285714285714
0.9714285714285714
0.9714285714285714
0.9714285714285714
0.9714285714285714
0.9714285714285714
0.9714285714285714
0.9809523809523809
0.9809523809523809
0.9904761904761905
0.9904761904761905
0.9904761904761905
0.9904761904761905
0.9904761904761905
0.9904761904761905
0.9904761904761905
0.9904761904761905
0.9904761904761905
0.9904761904761905
0.9904761904761905
0.9904761904761905
0.9904761904761905
0.9904761904761905
0.9904761904761905
0.9904761904761905
0.9904761904761905
0.9904761904761905
0.9904761904761905
0.9904761904761905
0.9904761904761905
0.9904761904761905
0.9904761904761905
0.9904761904761905
0.9904761904761905
0.9904761904761905
0.9904761904761905
0.9904761904761905
0.9904761904761905
0.9904761904761905
0.9904761904761905
0.9904761904761905
0.9904761904761905
0.9904761904761905
0.9904761904761905
0.9904761904761905
0.9904761904761905
0.9904761904761905
0.9904761904761905
0.9904761904761905
0.9904761904761905
0.9904761904761905
0.9904761904761905
0.9904761904761905
0.9904761904761905
0.9904761904761905
0.9904761904761905
0.9904761904761905
0.9904761904761905
0.9904761904761905
0.9904761904761905
0.9904761904761905
0.9904761904761905
0.9904761904761905
0.9904761904761905
0.9904761904761905
0.9904761904761905
0.9904761904761905
0.9904761904761905
0.9904761904761905
0.9904761904761905
0.9904761904761905
0.9904761904761905
0.9904761904761905
0.9904761904761905
0.9904761904761905
0.9904761904761905
0.9904761904761905
0.9904761904761905
0.9904761904761905
0.9904761904761905
0.9904761904761905
0.9904761904761905
0.9904761904761905
0.9904761904761905
0.9904761904761905
0.9904761904761905
0.9904761904761905
0.9904761904761905
0.9904761904761905
0.9904761904761905
0.9904761904761905
0.9904761904761905
0.9904761904761905
0.9904761904761905
0.9904761904761905
0.9904761904761905
0.9904761904761905
0.9904761904761905
0.9904761904761905
0.9904761904761905
0.9904761904761905
0.9904761904761905
0.9904761904761905
0.9904761904761905
0.9904761904761905
0.9904761904761905
0.9904761904761905
0.9904761904761905
0.9904761904761905
0.9904761904761905
0.9904761904761905
0.9904761904761905
0.9904761904761905
0.9904761904761905
0.9904761904761905
0.9904761904761905
0.9904761904761905
0.9904761904761905
0.9904761904761905
0.9904761904761905
0.9904761904761905
0.9904761904761905
0.9904761904761905
0.9904761904761905
0.9904761904761905
0.9904761904761905
0.9904761904761905
0.9904761904761905
0.9904761904761905
0.9904761904761905
0.9904761904761905
0.9904761904761905
0.9904761904761905
0.9904761904761905
0.9904761904761905
0.9904761904761905
0.9904761904761905
0.9904761904761905
0.9904761904761905
0.9904761904761905
0.9904761904761905
0.9904761904761905
0.9904761904761905
0.9904761904761905
0.9904761904761905
0.9904761904761905
0.9904761904761905
0.9904761904761905
0.9904761904761905
0.9904761904761905
0.9904761904761905
0.9904761904761905
0.9904761904761905
0.9904761904761905
0.9904761904761905
0.9904761904761905
0.9904761904761905
0.9904761904761905
0.9904761904761905
0.9904761904761905
0.9904761904761905
0.9904761904761905
0.9904761904761905
0.9904761904761905
0.9904761904761905
0.9904761904761905
0.9904761904761905
0.9904761904761905
0.9904761904761905
0.9904761904761905
0.9904761904761905
0.9904761904761905
0.9904761904761905
0.9904761904761905
0.9904761904761905
0.9904761904761905
0.9904761904761905
0.9904761904761905
0.9904761904761905
0.9904761904761905
0.9904761904761905
0.9904761904761905
0.9904761904761905
0.9904761904761905
0.9904761904761905
0.9904761904761905
0.9904761904761905
0.9904761904761905
0.9904761904761905
0.9904761904761905
0.9904761904761905
0.9904761904761905
0.9904761904761905
0.9904761904761905
0.9904761904761905
0.9904761904761905
0.9904761904761905
0.9904761904761905
0.9904761904761905
0.9904761904761905
0.9904761904761905
0.9904761904761905
0.9904761904761905
0.9904761904761905
0.9904761904761905
0.9904761904761905
0.9904761904761905
0.9904761904761905
0.9904761904761905
0.9904761904761905
0.9904761904761905
0.9904761904761905
0.9904761904761905
0.9904761904761905
0.9904761904761905
0.9904761904761905
0.9904761904761905
0.9904761904761905
0.9904761904761905
0.9904761904761905
0.9904761904761905
0.9904761904761905
0.9904761904761905
0.9904761904761905
0.9904761904761905
0.9904761904761905
0.9904761904761905
0.9904761904761905
0.9904761904761905
0.9904761904761905
0.9904761904761905
0.9904761904761905
0.9904761904761905
0.9904761904761905
0.9904761904761905
0.9904761904761905
0.9904761904761905
0.9904761904761905
0.9904761904761905
0.9904761904761905
0.9904761904761905
0.9904761904761905
0.9904761904761905
0.9904761904761905
0.9904761904761905
0.9904761904761905
0.9904761904761905
0.9904761904761905
0.9904761904761905
0.9904761904761905
0.9904761904761905
0.9904761904761905
0.9904761904761905
0.9904761904761905
0.9904761904761905
0.9904761904761905
0.9904761904761905
0.9904761904761905
0.9904761904761905
0.9904761904761905
0.9904761904761905
0.9904761904761905
0.9904761904761905
0.9904761904761905
0.9904761904761905
0.9904761904761905
0.9904761904761905
0.9904761904761905
0.9904761904761905
0.9904761904761905
0.9904761904761905
0.9904761904761905
0.9904761904761905
0.9904761904761905
0.9904761904761905
0.9904761904761905
0.9904761904761905
0.9904761904761905
0.9904761904761905
0.9904761904761905
0.9904761904761905
0.9904761904761905
0.9904761904761905
0.9904761904761905
0.9904761904761905
0.9904761904761905
0.9904761904761905
0.9904761904761905
0.9904761904761905
0.9904761904761905
0.9904761904761905
0.9904761904761905
0.9904761904761905
0.9904761904761905
0.9904761904761905
0.9904761904761905
0.9904761904761905
0.9904761904761905
0.9904761904761905
0.9904761904761905
0.9904761904761905
0.9904761904761905
0.9904761904761905
0.9904761904761905
0.9904761904761905
0.9904761904761905
0.9904761904761905
0.9904761904761905
0.9904761904761905
0.9904761904761905
0.9904761904761905
0.9904761904761905
0.9904761904761905
0.9904761904761905
0.9904761904761905
0.9904761904761905
0.9904761904761905
0.9904761904761905
0.9904761904761905
0.9904761904761905
0.9904761904761905
0.9904761904761905
0.9904761904761905
0.9904761904761905
0.9904761904761905
0.9904761904761905
0.9904761904761905
0.9904761904761905
0.9904761904761905
0.9904761904761905
0.9904761904761905
0.9904761904761905
0.9904761904761905
0.9904761904761905
0.9904761904761905
0.9904761904761905
0.9904761904761905
0.9904761904761905
0.9904761904761905
0.9904761904761905
0.9904761904761905
0.9904761904761905
0.9904761904761905
0.9904761904761905
0.9904761904761905
0.9904761904761905
0.9904761904761905
0.9904761904761905
0.9904761904761905
0.9904761904761905
0.9904761904761905
0.9904761904761905
0.9904761904761905
0.9904761904761905
0.9904761904761905
0.9904761904761905
0.9904761904761905
0.9904761904761905
0.9904761904761905
0.9904761904761905
0.9904761904761905
0.9904761904761905
0.9904761904761905
0.9904761904761905
0.9904761904761905
0.9904761904761905
0.9904761904761905
0.9904761904761905
0.9904761904761905
0.9904761904761905
0.9904761904761905
0.9904761904761905
0.9904761904761905
0.9904761904761905
0.9904761904761905
0.9904761904761905
0.9904761904761905
0.9904761904761905
0.9904761904761905
0.9904761904761905
0.9904761904761905
0.9904761904761905
0.9904761904761905
0.9904761904761905
0.9904761904761905
0.9904761904761905
0.9904761904761905
0.9904761904761905
0.9904761904761905
0.9904761904761905
0.9904761904761905
0.9904761904761905
0.9904761904761905
0.9904761904761905
0.9904761904761905
0.9904761904761905
0.9904761904761905
0.9904761904761905
0.9904761904761905
0.9904761904761905
0.9904761904761905
0.9904761904761905
0.9904761904761905
0.9904761904761905
0.9904761904761905
0.9904761904761905
0.9904761904761905
0.9904761904761905
0.9904761904761905
0.9904761904761905
0.9904761904761905
0.9904761904761905
0.9904761904761905
0.9904761904761905
0.9904761904761905
0.9904761904761905
0.9904761904761905
0.9904761904761905
0.9904761904761905
0.9904761904761905
0.9904761904761905
0.9904761904761905
0.9904761904761905
0.9904761904761905
0.9904761904761905
0.9904761904761905
0.9904761904761905
0.9904761904761905
0.9904761904761905
0.9904761904761905
0.9904761904761905
0.9904761904761905
0.9904761904761905
0.9904761904761905
0.9904761904761905
0.9904761904761905
0.9904761904761905
0.9904761904761905
0.9904761904761905
0.9904761904761905
0.9904761904761905
0.9904761904761905
0.9904761904761905
0.9904761904761905
0.9904761904761905
0.9904761904761905
0.9904761904761905
0.9904761904761905
0.9904761904761905
0.9904761904761905
0.9904761904761905
0.9904761904761905
0.9904761904761905
0.9904761904761905
0.9904761904761905
0.9904761904761905
0.9904761904761905
0.9904761904761905
0.9904761904761905
0.9904761904761905
