0.8686245593034143
0.6997233725970669
0.615699125364316
0.5601111124003484
0.5226572827714152
0.49713958561758226
0.47910021232001415
0.4657054800921796
0.45523068404873046
0.446618422073033
0.4392027153328201
0.43254969521188974
0.42636565300455936
0.4204426676676961
0.41462574335221736
0.4087928618748764
0.40284315460858944
0.396690378922675
0.39025998223173575
0.3834886541224544
0.3763255828601273
0.3687347451991012
0.3606975450963532
0.35221506800905567
0.3433092416597612
0.3340223796697314
0.32441493699098944
0.31456172281960426
0.304547139342291
0.29446013126059406
0.28438944214449413
0.2744195717006073
0.26462762109253013
0.2550810641237261
0.2458363974547704
0.23693858033528736
0.22842114970985275
0.22030687837394292
0.21260883162614022
0.20533167539591218
0.19847309855539558
0.19202523298037222
0.18597598300296836
0.1803102062249579
0.17501071581159516
0.17005909739318895
0.16543635025310918
0.16112337264885268
0.15710131587330595
0.15335183240781575
0.14985724167054026
0.14660063363913972
0.14356592693096196
0.14073789434324496
0.1381021657101201
0.13564521534749446
0.13335433933299207
0.1312176263417439
0.12922392463974447
0.12736280703301173
0.125624535002146
0.1240000228529595
0.12248080243511399
0.12105898878610784
0.11972724692208668
0.11847875990222455
0.11730719822782307
0.11620669059253291
0.11517179597044246
0.11419747701015295
0.11327907469222893
0.11241228420240504
0.11159313197175372
0.11081795383640643
0.11008337427222045
0.10938628666327897
0.10872383456669638
0.10809339393950823
0.10749255629623823
0.10691911276795049
0.10637103903519055
0.10584648110825061
0.10534374192876507
0.10486126876682338
0.10439764138772958
0.10395156096228853
0.10352183969421223
0.10310739113791449
0.1027072211796958
0.1023204196551237
0.101946152575318
0.10158365493482456
0.10123222407388323
0.10089121356803224
0.10056002761828253
0.10023811591537195
0.09992496895202257
0.0996201137575062
0.09932311002930772
0.0990335466371719
0.09875103847534342
0.09847522363940907
0.09820576090475389
0.09794232748430423
0.09768461704395344
0.09743233795478505
0.09718521176204635
0.09694297185162377
0.096705362295683
0.09647213686003701
0.09624305815675475
0.09601789692649408
0.09579643143602808
0.09557844697742414
0.09536373545632124
0.0951520950577429
0.09494332997884254
0.09473725021889857
0.09453367141783019
0.09433241473531098
0.09413330676343959
0.09393617946667938
0.09374087014351455
0.09354722140495524
0.09335508116565255
0.09316430264395206
0.09297474436774927
0.09278627018348055
0.0925987492660017
0.0924120561274939
0.09222607062386519
0.09204067795741014
0.0918557686747476
0.09167123865927576
0.09148698911756512
0.09130292655928945
0.091118962770401
0.09093501477939694
0.0907510048165973
0.09056686026643586
0.09038251361283199
0.09019790237774682
0.09001296905307911
0.08982766102608274
0.08964193049850473
0.08945573439966079
0.08926903429369734
0.08908179628127268
0.0888939908959179
0.08870559299533738
0.08851658164792535
0.08832694001475908
0.0881366552273628
0.08794571826152553
0.08775412380745791
0.08756187013660349
0.08736895896539647
0.08717539531628603
0.08698118737635298
0.08678634635382518
0.0865908863328572
0.08639482412688236
0.08619817913089933
0.08600097317303086
0.08580323036571799
0.08560497695688934
0.08540624118145387
0.08520705311349153
0.0850074445194588
0.08480744871276796
0.08460710041007131
0.08440643558957572
0.08420549135169478
0.0840043057823581
0.08380291781924536
0.0836013671212303
0.08339969394128664
0.0831979390030891
0.08299614338152805
0.08279434838733585
0.08259259545599298
0.0823909260410705
0.0821893815121419
0.08198800305735808
0.08178683159078845
0.08158590766457399
0.08138527138593932
0.08118496233908999
0.0809850195119742
0.08078548122790954
0.08058638508202058
0.08038776788243254
0.08018966559615665
0.07999211329956439
0.07979514513336103
0.07959879426194869
0.07940309283703542
0.07920807196538403
0.07901376168054496
0.07882019091843144
0.07862738749659279
0.07843537809702492
0.078244188252373
0.07805384233536992
0.07786436355134804
0.07767577393368942
0.07748809434205269
0.07730134446323625
0.07711554281453956
0.07693070674948317
0.07674685246576561
0.07656399501531916
0.07638214831636816
0.07620132516735681
0.07602153726266495
0.07584279520999276
0.07566510854933929
0.07548848577348714
0.0753129343499053
0.07513846074401116
0.07496507044371276
0.07479276798517272
0.07462155697973578
0.07445144014196114
0.07428241931871067
0.07411449551923951
0.07394766894624366
0.07378193902781445
0.0736173044502553
0.07345376319171061
0.07329131255656068
0.07312994921053231
0.07296966921647154
0.07281046807072579
0.07265234074007508
0.0724952816991542
0.07233928496829643
0.07218434415172849
0.0720304524760493
0.07187760282890064
0.07172578779775415
0.07157499970872527
0.071425230665311
0.07127647258696004
0.07112871724737138
0.07098195631240335
0.07083618137748984
0.07069138400444823
0.07054755575755187
0.07040468823875037
0.07026277312192343
0.07012180218602597
0.0699817673470236
0.06984266068847789
0.0697044744906775
0.0695672012581839
0.06943083374569242
0.06929536498209571
0.06916078829264537
0.0690270973191299
0.06889428603797282
0.06876234877618316
0.06863128022508959
0.06850107545180818
0.06837172990839846
0.06824323943868203
0.06811560028270515
0.06798880907884448
0.06786286286356977
0.06773775906888259
0.0676134955174791
0.06749007041568238
0.06736748234421762
0.06724573024690651
0.06712481341737626
0.0670047314838835
0.06688548439237518
0.06676707238790382
0.06664949599454165
0.06653275599392172
0.06641685340257353
0.06630178944818717
0.06618756554498201
0.0660741832683222
0.0659616443287611
0.06584995054565443
0.0657391038205223
0.06562910611029892
0.0655199594006377
0.0654116656794087
0.06530422691053832
0.06519764500831962
0.06509192181231871
0.06498705906300395
0.0648830583781916
0.06477992123041948
0.06467764892532342
0.06457624258110879
0.06447570310916398
0.06437603119589184
0.06427722728578689
0.06417929156580125
0.06408222395102355
0.06398602407168347
0.06389069126148281
0.06379622454725865
0.06370262263995599
0.06360988392690206
0.0635180064653421
0.06342698797721467
0.06333682584512704
0.06324751710948028
0.06315905846670482
0.0630714462685528
0.06298467652239292
0.06289874489245793
0.06281364670197938
0.06272937693616475
0.06264593024594656
0.06256330095245705
0.06248148305216982
0.062400470222648115
0.06232025582885799
0.06224083292998535
0.06216219428671754
0.06208433236893548
0.0620072393637822
0.06193090718406302
0.061855327476944895
0.06178049163291855
0.06170639079499721
0.061633015868125425
0.06156035752877204
0.061488406234694974
0.06141715223485437
0.06134658557946359
0.061276696130171004
0.0612074735703599
0.06113890741556471
0.061070987024000024
0.06100370160720176
0.060937040240780824
0.060870991875292095
0.060805545347224016
0.060740689390110424
0.060676412645772275
0.060612703675694136
0.060549550972537884
0.06048694297180749
0.06042486806365576
0.060363314604850775
0.06030227093089442
0.06024172536829677
0.060181666247008256
0.06012208191300208
0.06006296074100557
0.06000429114736931
0.05994606160306697
0.05988826064681202
0.05983087689827293
0.05977389907137184
0.05971731598764238
0.0596611165896235
0.05960528995425776
0.05954982530626644
0.05949471203147162
0.059439939690016645
0.05938549802945943
0.05933137699768876
0.059277566755624234
0.059224057689651124
0.05917084042374854
0.059117905831258845
0.05906524504625211
0.059012849474434366
0.058960710803555506
0.05890882101326371
0.05885717238436003
0.05880575750741294
0.05875456929067924
0.058703600967298854
0.05865284610171637
0.05860229859530077
0.058551952691125224
0.05850180297788288
0.05845184439290847
0.058402072224292126
0.05835248211206661
0.05830307004845654
0.05825383237718819
0.05820476579185327
0.05815586733334076
0.058107134386336946
0.05805856467491569
0.05801015625723682
0.057961907519378034
0.05791381716832979
0.057865884224188036
0.057818108011584206
0.05777048815039062
0.057723024545754544
0.05767571737750044
0.05762856708896278
0.05758157437529336
0.057534740171304964
0.0574880656389088
0.0574415521542012
0.057395201294259325
0.0573490148237089
0.057302994681117714
0.057257142965274864
0.05721146192141537
0.05716595392744416
0.05712062148021029
0.05707546718189339
0.0570304937265389
0.056985703886801395
0.05694110050093158
0.05689668646005704
0.05685246469578594
0.056808438168176614
0.05676460985410332
0.05672098273604259
0.05667755979131252
0.056634343981783034
0.056591338244073496
0.056548545480260476
0.05650596854910138
0.056463610257784826
0.05642147335421887
0.05637956051985112
0.05633787436302901
0.05629641741290053
0.05625519211383833
0.05621420082039841
0.05617344579279008
0.05613292919285598
0.056092653080546256
0.056052619410874145
0.0560128300313396
0.055973286679802
0.055933990982788465
0.05589494445421624
0.0558561484945186
0.055817604390138734
0.05577931331339417
0.05574127632267469
0.05570349436296055
0.05566596826664332
0.05562869875462437
0.05559168643767516
0.05555493181804015
0.055518435291258224
0.05548219714819501
0.055446217577253154
0.05541049666675538
0.05537503440748014
0.05533983069532729
0.05530488533410671
0.055270198038429044
0.05523576843668887
0.05520159607411796
0.05516768041590915
0.05513402085038436
0.05510061669220268
0.055067467185601945
0.05503457150764989
0.05500192877150927
0.05496953802970117
0.05493739827735756
0.05490550845546
0.054873867454053
0.05484247411542887
0.05481132723727541
0.054780425575783866
0.05474976784871006
0.05471935273838453
0.054689178894672064
0.05465924493786916
0.05462954946154347
0.05460009103531006
0.05457086820754103
0.054541879508008435
0.054513123450457286
0.05448459853510927
0.0544563032510942
0.054428236078807445
0.05440039549219726
0.05437277996097575
0.05434538795275732
0.05431821793512228
0.05429126837760704
0.054264537753620716
0.0542380245422864
0.05421172723021044
0.0541856443131796
0.05415977429778387
0.05413411570296775
0.054108667061512544
0.05408342692144421
