0.24571428571428572
0.17142857142857143
0.18285714285714286
0.15428571428571428
0.15142857142857144
0.16
0.14857142857142858
0.15428571428571428
0.16
0.16
0.15714285714285714
0.16
0.14285714285714285
0.14285714285714285
0.14285714285714285
0.1457142857142857
0.14285714285714285
0.1457142857142857
0.1457142857142857
0.14285714285714285
0.14285714285714285
0.14
0.14
0.14
0.14285714285714285
0.14285714285714285
0.14
0.1457142857142857
0.14285714285714285
0.14
0.13428571428571429
0.13428571428571429
0.14285714285714285
0.13714285714285715
0.12857142857142856
0.13142857142857142
0.13428571428571429
0.13428571428571429
0.13428571428571429
0.13714285714285715
0.13714285714285715
0.13714285714285715
0.13714285714285715
0.12571428571428572
0.12571428571428572
0.13428571428571429
0.12857142857142856
0.12857142857142856
0.13142857142857142
0.12857142857142856
