0.19856887298747763
0.16994633273703041
0.13595706618962433
0.1252236135957066
0.12164579606440072
0.11806797853309481
0.11627906976744186
0.11985688729874776
0.1252236135957066
0.11449016100178891
0.11270125223613596
0.12164579606440072
0.11091234347048301
0.11091234347048301
0.1073345259391771
0.1252236135957066
0.10554561717352415
0.10554561717352415
0.11627906976744186
0.10912343470483005
0.11806797853309481
0.1252236135957066
0.1252236135957066
0.1252236135957066
0.11270125223613596
0.11806797853309481
0.11985688729874776
0.11985688729874776
0.11985688729874776
0.11806797853309481
0.1252236135957066
0.11985688729874776
0.11985688729874776
0.11985688729874776
0.12164579606440072
0.11985688729874776
0.12343470483005367
0.11627906976744186
0.11806797853309481
0.11806797853309481
0.11627906976744186
0.11806797853309481
0.12343470483005367
0.12343470483005367
0.1073345259391771
0.11627906976744186
0.11627906976744186
0.11627906976744186
0.11806797853309481
0.12343470483005367
