0.6687116564417178
0.8977505112474438
0.9550102249488752
0.9591002044989775
0.9631901840490797
0.967280163599182
0.967280163599182
0.967280163599182
0.9693251533742331
0.9693251533742331
0.9693251533742331
0.9713701431492843
0.9713701431492843
0.9734151329243353
0.9754601226993865
0.9754601226993865
0.9754601226993865
0.9754601226993865
0.9754601226993865
0.9775051124744376
0.9775051124744376
0.9775051124744376
0.9775051124744376
0.9775051124744376
0.9775051124744376
0.9775051124744376
0.9775051124744376
0.9775051124744376
0.9775051124744376
0.9775051124744376
0.9775051124744376
0.9754601226993865
0.9754601226993865
0.9754601226993865
0.9754601226993865
0.9754601226993865
0.9754601226993865
0.9754601226993865
0.9754601226993865
0.9754601226993865
0.9754601226993865
0.9754601226993865
0.9754601226993865
0.9754601226993865
0.9754601226993865
0.9754601226993865
0.9754601226993865
0.9754601226993865
0.9754601226993865
0.9754601226993865
0.9754601226993865
0.9754601226993865
0.9754601226993865
0.9754601226993865
0.9754601226993865
0.9754601226993865
0.9754601226993865
0.9754601226993865
0.9754601226993865
0.9754601226993865
0.9754601226993865
0.9754601226993865
0.9754601226993865
0.9754601226993865
0.9754601226993865
0.9754601226993865
0.9754601226993865
0.9754601226993865
0.9754601226993865
0.9754601226993865
0.9754601226993865
0.9754601226993865
0.9754601226993865
0.9754601226993865
0.9754601226993865
0.9754601226993865
0.9754601226993865
0.9754601226993865
0.9754601226993865
0.9754601226993865
0.9754601226993865
0.9754601226993865
0.9754601226993865
0.9754601226993865
0.9754601226993865
0.9754601226993865
0.9754601226993865
0.9754601226993865
0.9754601226993865
0.9754601226993865
0.9754601226993865
0.9754601226993865
0.9754601226993865
0.9754601226993865
0.9754601226993865
0.9754601226993865
0.9754601226993865
0.9754601226993865
0.9754601226993865
0.9754601226993865
0.9754601226993865
0.9754601226993865
0.9754601226993865
0.9754601226993865
0.9754601226993865
0.9754601226993865
0.9754601226993865
0.9754601226993865
0.9754601226993865
0.9754601226993865
0.9754601226993865
0.9754601226993865
0.9754601226993865
0.9754601226993865
0.9754601226993865
0.9754601226993865
0.9754601226993865
0.9754601226993865
0.9754601226993865
0.9754601226993865
0.9754601226993865
0.9754601226993865
0.9754601226993865
0.9754601226993865
0.9754601226993865
0.9754601226993865
0.9754601226993865
0.9754601226993865
0.9754601226993865
0.9754601226993865
0.9754601226993865
0.9754601226993865
0.9754601226993865
0.9754601226993865
0.9754601226993865
0.9754601226993865
0.9754601226993865
0.9754601226993865
0.9754601226993865
0.9754601226993865
0.9754601226993865
0.9754601226993865
0.9754601226993865
0.9754601226993865
0.9754601226993865
0.9754601226993865
0.9754601226993865
0.9754601226993865
0.9754601226993865
0.9754601226993865
0.9754601226993865
0.9754601226993865
0.9754601226993865
0.9754601226993865
0.9754601226993865
0.9754601226993865
0.9754601226993865
0.9754601226993865
0.9754601226993865
0.9754601226993865
0.9754601226993865
0.9754601226993865
0.9754601226993865
0.9754601226993865
0.9754601226993865
0.9754601226993865
0.9754601226993865
0.9754601226993865
0.9754601226993865
0.9754601226993865
0.9754601226993865
0.9754601226993865
0.9775051124744376
0.9775051124744376
0.9775051124744376
0.9775051124744376
0.9775051124744376
0.9775051124744376
0.9775051124744376
0.9775051124744376
0.9775051124744376
0.9775051124744376
0.9775051124744376
0.9775051124744376
0.9775051124744376
0.9775051124744376
0.9775051124744376
0.9775051124744376
0.9775051124744376
0.9775051124744376
0.9775051124744376
0.9775051124744376
0.9775051124744376
0.9775051124744376
0.9775051124744376
0.9775051124744376
0.9775051124744376
0.9775051124744376
0.9775051124744376
0.9775051124744376
0.9775051124744376
0.9775051124744376
0.9775051124744376
0.9775051124744376
0.9775051124744376
0.9775051124744376
0.9775051124744376
0.9775051124744376
0.9775051124744376
0.9775051124744376
0.9775051124744376
0.9775051124744376
0.9775051124744376
0.9775051124744376
0.9775051124744376
0.9775051124744376
0.9775051124744376
0.9775051124744376
0.9775051124744376
0.9775051124744376
0.9775051124744376
0.9775051124744376
0.9775051124744376
0.9775051124744376
0.9775051124744376
0.9775051124744376
0.9775051124744376
0.9775051124744376
0.9775051124744376
0.9775051124744376
0.9775051124744376
0.9775051124744376
0.9775051124744376
0.9775051124744376
0.9775051124744376
0.9775051124744376
0.9775051124744376
0.9775051124744376
0.9795501022494888
0.9795501022494888
0.9795501022494888
0.9775051124744376
0.9775051124744376
0.9775051124744376
0.9775051124744376
0.9775051124744376
0.9775051124744376
0.9775051124744376
0.9775051124744376
0.9775051124744376
0.9775051124744376
0.9775051124744376
0.9775051124744376
0.9775051124744376
0.9775051124744376
0.9775051124744376
0.9775051124744376
0.9775051124744376
0.9775051124744376
0.9775051124744376
0.9775051124744376
0.9775051124744376
0.9775051124744376
0.9775051124744376
0.9775051124744376
0.9775051124744376
0.9775051124744376
0.9775051124744376
0.9775051124744376
0.9775051124744376
0.9775051124744376
0.9775051124744376
0.9775051124744376
0.9775051124744376
0.9775051124744376
0.9775051124744376
0.9775051124744376
0.9775051124744376
0.9775051124744376
0.9775051124744376
0.9775051124744376
0.9775051124744376
0.9775051124744376
0.9775051124744376
0.9775051124744376
0.9775051124744376
0.9775051124744376
0.9775051124744376
0.9775051124744376
0.9775051124744376
0.9775051124744376
0.9775051124744376
0.9775051124744376
0.9775051124744376
0.9775051124744376
0.9775051124744376
0.9775051124744376
0.9775051124744376
0.9775051124744376
0.9775051124744376
0.9775051124744376
0.9775051124744376
0.9775051124744376
0.9775051124744376
0.9775051124744376
0.9775051124744376
0.9775051124744376
0.9775051124744376
0.9775051124744376
0.9775051124744376
0.9775051124744376
0.9775051124744376
0.9775051124744376
0.9775051124744376
0.9775051124744376
0.9775051124744376
0.9775051124744376
0.9775051124744376
0.9775051124744376
0.9775051124744376
0.9775051124744376
0.9775051124744376
0.9775051124744376
0.9775051124744376
0.9775051124744376
0.9775051124744376
0.9775051124744376
0.9775051124744376
0.9775051124744376
0.9775051124744376
0.9775051124744376
0.9775051124744376
0.9775051124744376
0.9775051124744376
0.9775051124744376
0.9775051124744376
0.9775051124744376
0.9775051124744376
0.9775051124744376
0.9775051124744376
0.9775051124744376
0.9775051124744376
0.9775051124744376
0.9775051124744376
0.9775051124744376
0.9775051124744376
0.9775051124744376
0.9775051124744376
0.9775051124744376
0.9775051124744376
0.9775051124744376
0.9775051124744376
0.9775051124744376
0.9775051124744376
0.9775051124744376
0.9775051124744376
0.9775051124744376
0.9775051124744376
0.9775051124744376
0.9775051124744376
0.9775051124744376
0.9775051124744376
0.9775051124744376
0.9775051124744376
0.9775051124744376
0.9775051124744376
0.9775051124744376
0.9775051124744376
0.9775051124744376
0.9775051124744376
0.9775051124744376
0.9775051124744376
0.9775051124744376
0.9775051124744376
0.9775051124744376
0.9775051124744376
0.9775051124744376
0.9775051124744376
0.9775051124744376
0.9775051124744376
0.9775051124744376
0.9775051124744376
0.9775051124744376
0.9775051124744376
0.9775051124744376
0.9775051124744376
0.9775051124744376
0.9775051124744376
0.9775051124744376
0.9775051124744376
0.9775051124744376
0.9775051124744376
0.9775051124744376
0.9775051124744376
0.9775051124744376
0.9775051124744376
0.9775051124744376
0.9775051124744376
0.9775051124744376
0.9775051124744376
0.9775051124744376
0.9775051124744376
0.9775051124744376
0.9775051124744376
0.9775051124744376
0.9775051124744376
0.9775051124744376
0.9775051124744376
0.9775051124744376
0.9775051124744376
0.9775051124744376
0.9775051124744376
0.9775051124744376
0.9775051124744376
0.9775051124744376
0.9775051124744376
0.9775051124744376
0.9775051124744376
0.9775051124744376
0.9775051124744376
0.9775051124744376
0.9775051124744376
0.9775051124744376
0.9775051124744376
0.9775051124744376
0.9775051124744376
0.9775051124744376
0.9775051124744376
0.9775051124744376
0.9775051124744376
0.9775051124744376
0.9775051124744376
0.9775051124744376
0.9775051124744376
0.9795501022494888
0.9795501022494888
0.9795501022494888
0.9795501022494888
0.9795501022494888
0.9795501022494888
0.9795501022494888
0.9795501022494888
0.9795501022494888
0.9795501022494888
0.9795501022494888
0.9795501022494888
0.9795501022494888
0.9795501022494888
0.9795501022494888
0.9795501022494888
0.9795501022494888
0.9795501022494888
0.9795501022494888
0.9795501022494888
0.9795501022494888
0.9795501022494888
0.9795501022494888
0.9795501022494888
0.9795501022494888
0.9795501022494888
0.9795501022494888
0.9815950920245399
0.9815950920245399
0.9815950920245399
0.9815950920245399
0.9815950920245399
0.9815950920245399
0.9815950920245399
0.9815950920245399
0.9815950920245399
0.9815950920245399
0.9815950920245399
0.9815950920245399
0.9815950920245399
0.9815950920245399
0.9815950920245399
0.9815950920245399
0.9815950920245399
0.9815950920245399
0.9815950920245399
0.9815950920245399
0.9815950920245399
0.9815950920245399
0.9815950920245399
0.9815950920245399
0.9815950920245399
0.9815950920245399
0.9815950920245399
0.9815950920245399
0.9815950920245399
0.9815950920245399
0.9815950920245399
0.9815950920245399
0.9815950920245399
0.9815950920245399
0.9815950920245399
0.9815950920245399
0.9815950920245399
0.9815950920245399
0.9815950920245399
