0.6578947368421053
0.881578947368421
0.881578947368421
0.9046052631578947
0.9078947368421053
0.9243421052631579
0.9375
0.9407894736842105
0.9407894736842105
0.9375
0.9375
0.9407894736842105
0.944078947368421
0.9506578947368421
0.9539473684210527
0.9539473684210527
0.9506578947368421
0.9506578947368421
0.9539473684210527
0.9539473684210527
0.9539473684210527
0.9539473684210527
0.9539473684210527
0.9539473684210527
0.9572368421052632
0.9572368421052632
0.9572368421052632
0.9572368421052632
0.9572368421052632
0.9605263157894737
0.9605263157894737
0.9605263157894737
0.9638157894736842
0.9638157894736842
0.9638157894736842
0.9638157894736842
0.9638157894736842
0.9638157894736842
0.9638157894736842
0.9638157894736842
0.9638157894736842
0.9638157894736842
0.9638157894736842
0.9638157894736842
0.9638157894736842
0.9638157894736842
0.9638157894736842
0.9638157894736842
0.9638157894736842
0.9638157894736842
0.9638157894736842
0.9638157894736842
0.9638157894736842
0.9638157894736842
0.9638157894736842
0.9638157894736842
0.9638157894736842
0.9638157894736842
0.9638157894736842
0.9638157894736842
0.9638157894736842
0.9638157894736842
0.9638157894736842
0.9638157894736842
0.9638157894736842
0.9638157894736842
0.9638157894736842
0.9638157894736842
0.9638157894736842
0.9638157894736842
0.9638157894736842
0.9638157894736842
0.9638157894736842
0.9638157894736842
0.9638157894736842
0.9638157894736842
0.9638157894736842
0.9638157894736842
0.9638157894736842
0.9638157894736842
0.9638157894736842
0.9638157894736842
0.9638157894736842
0.9638157894736842
0.9638157894736842
0.9638157894736842
0.9638157894736842
0.9638157894736842
0.9638157894736842
0.9638157894736842
0.9638157894736842
0.9638157894736842
0.9638157894736842
0.9638157894736842
0.9638157894736842
0.9638157894736842
0.9638157894736842
0.9638157894736842
0.9638157894736842
0.9638157894736842
0.9638157894736842
0.9638157894736842
0.9638157894736842
0.9638157894736842
0.9638157894736842
0.9638157894736842
0.9638157894736842
0.9638157894736842
0.9638157894736842
0.9638157894736842
0.9638157894736842
0.9638157894736842
0.9671052631578947
0.9671052631578947
0.9671052631578947
0.9671052631578947
0.9671052631578947
0.9671052631578947
0.9671052631578947
0.9671052631578947
0.9671052631578947
0.9671052631578947
0.9671052631578947
0.9671052631578947
0.9671052631578947
0.9671052631578947
0.9671052631578947
0.9671052631578947
0.9671052631578947
0.9671052631578947
0.9703947368421053
0.9703947368421053
0.9703947368421053
0.9703947368421053
0.9703947368421053
0.9736842105263158
0.9769736842105263
0.9769736842105263
0.9769736842105263
0.9769736842105263
0.9769736842105263
0.9769736842105263
0.9769736842105263
0.9769736842105263
0.9769736842105263
0.9769736842105263
0.9769736842105263
0.9769736842105263
0.9802631578947368
0.9802631578947368
0.9802631578947368
0.9802631578947368
0.9802631578947368
0.9802631578947368
0.9802631578947368
0.9802631578947368
0.9802631578947368
0.9802631578947368
0.9802631578947368
0.9835526315789473
0.9835526315789473
0.9802631578947368
0.9802631578947368
0.9802631578947368
0.9802631578947368
0.9802631578947368
0.9802631578947368
0.9802631578947368
0.9802631578947368
0.9802631578947368
0.9802631578947368
0.9802631578947368
0.9802631578947368
0.9802631578947368
0.9802631578947368
0.9802631578947368
0.9802631578947368
0.9802631578947368
0.9802631578947368
0.9802631578947368
0.9802631578947368
0.9802631578947368
0.9802631578947368
0.9802631578947368
0.9802631578947368
0.9802631578947368
0.9802631578947368
0.9802631578947368
0.9802631578947368
0.9802631578947368
0.9802631578947368
0.9802631578947368
0.9802631578947368
0.9802631578947368
0.9802631578947368
0.9802631578947368
0.9802631578947368
0.9802631578947368
0.9802631578947368
0.9802631578947368
0.9802631578947368
0.9802631578947368
0.9802631578947368
0.9802631578947368
0.9802631578947368
0.9802631578947368
0.9802631578947368
0.9802631578947368
0.9802631578947368
0.9802631578947368
0.9802631578947368
0.9802631578947368
0.9802631578947368
0.9802631578947368
0.9802631578947368
0.9802631578947368
0.9802631578947368
0.9802631578947368
0.9802631578947368
0.9802631578947368
0.9802631578947368
0.9802631578947368
0.9802631578947368
0.9802631578947368
0.9802631578947368
0.9802631578947368
0.9802631578947368
0.9802631578947368
0.9802631578947368
0.9802631578947368
0.9802631578947368
0.9802631578947368
0.9802631578947368
0.9802631578947368
0.9802631578947368
0.9802631578947368
0.9802631578947368
0.9802631578947368
0.9802631578947368
0.9802631578947368
0.9802631578947368
0.9835526315789473
0.9835526315789473
0.9835526315789473
0.9835526315789473
0.9835526315789473
0.9835526315789473
0.9835526315789473
0.9835526315789473
0.9835526315789473
0.9835526315789473
0.9835526315789473
0.9835526315789473
0.9835526315789473
0.9835526315789473
0.9835526315789473
0.9868421052631579
0.9868421052631579
0.9868421052631579
0.9868421052631579
0.9868421052631579
0.9868421052631579
0.9868421052631579
0.9868421052631579
0.9868421052631579
0.9868421052631579
0.9868421052631579
0.9868421052631579
0.9868421052631579
0.9868421052631579
0.9868421052631579
0.9868421052631579
0.9868421052631579
0.9868421052631579
0.9868421052631579
0.9868421052631579
0.9868421052631579
0.9868421052631579
0.9868421052631579
0.9868421052631579
0.9868421052631579
0.9901315789473685
0.9901315789473685
0.9901315789473685
0.9901315789473685
0.9901315789473685
0.9901315789473685
0.9901315789473685
0.9901315789473685
0.9901315789473685
0.9901315789473685
0.9901315789473685
0.9901315789473685
0.9901315789473685
0.9901315789473685
0.9901315789473685
0.9901315789473685
0.9901315789473685
0.9901315789473685
0.9901315789473685
0.9901315789473685
0.9901315789473685
0.9901315789473685
0.9901315789473685
0.9901315789473685
0.9901315789473685
0.9901315789473685
0.9901315789473685
0.9901315789473685
0.9901315789473685
0.9901315789473685
0.9901315789473685
0.9901315789473685
0.9901315789473685
0.9901315789473685
0.9901315789473685
0.9901315789473685
0.9901315789473685
0.9901315789473685
0.9901315789473685
0.9901315789473685
0.9901315789473685
0.9901315789473685
0.9901315789473685
0.9901315789473685
0.9901315789473685
0.9901315789473685
0.9901315789473685
0.9901315789473685
0.9901315789473685
0.9901315789473685
0.9901315789473685
0.9901315789473685
0.9901315789473685
0.9901315789473685
0.9901315789473685
0.9901315789473685
0.9901315789473685
0.9901315789473685
0.9901315789473685
0.9901315789473685
0.9901315789473685
0.9901315789473685
0.9901315789473685
0.9901315789473685
0.9901315789473685
0.9901315789473685
0.9901315789473685
0.9901315789473685
0.9901315789473685
0.9901315789473685
0.9901315789473685
0.9901315789473685
0.9901315789473685
0.9901315789473685
0.9901315789473685
0.9901315789473685
0.9901315789473685
0.9901315789473685
0.9901315789473685
0.9901315789473685
0.9901315789473685
0.9901315789473685
0.9901315789473685
0.9901315789473685
0.9901315789473685
0.9901315789473685
0.9901315789473685
0.9901315789473685
0.9901315789473685
0.9901315789473685
0.9901315789473685
0.9901315789473685
0.9901315789473685
0.9901315789473685
0.9901315789473685
0.9901315789473685
0.9901315789473685
0.9901315789473685
0.9901315789473685
0.9901315789473685
0.9901315789473685
0.9901315789473685
0.9901315789473685
0.9901315789473685
0.9901315789473685
0.9901315789473685
0.9901315789473685
0.9901315789473685
0.9901315789473685
0.9901315789473685
0.9901315789473685
0.9901315789473685
0.9901315789473685
0.9901315789473685
0.9901315789473685
0.9901315789473685
0.9901315789473685
0.9901315789473685
0.9901315789473685
0.9901315789473685
0.9901315789473685
0.9901315789473685
0.9901315789473685
0.9901315789473685
0.9901315789473685
0.9901315789473685
0.9901315789473685
0.9901315789473685
0.9901315789473685
0.9901315789473685
0.9901315789473685
0.9901315789473685
0.9901315789473685
0.9901315789473685
0.9901315789473685
0.9901315789473685
0.9901315789473685
0.9901315789473685
0.9901315789473685
0.9901315789473685
0.9901315789473685
0.9901315789473685
0.9901315789473685
0.9901315789473685
0.9901315789473685
0.9901315789473685
0.9901315789473685
0.9901315789473685
0.9901315789473685
0.9901315789473685
0.9901315789473685
0.9901315789473685
0.9901315789473685
0.9901315789473685
0.9901315789473685
0.9901315789473685
0.9901315789473685
0.9901315789473685
0.9901315789473685
0.9901315789473685
0.9901315789473685
0.9901315789473685
0.9901315789473685
0.9901315789473685
0.9901315789473685
0.9901315789473685
0.9901315789473685
0.9901315789473685
0.9901315789473685
0.9901315789473685
0.9901315789473685
0.9901315789473685
0.9901315789473685
0.9901315789473685
0.9901315789473685
0.9901315789473685
0.9901315789473685
0.9901315789473685
0.9901315789473685
0.9901315789473685
0.9901315789473685
0.9901315789473685
0.9901315789473685
0.9901315789473685
0.9901315789473685
0.9901315789473685
0.9901315789473685
0.9901315789473685
0.9901315789473685
0.9901315789473685
0.9901315789473685
0.9901315789473685
0.9901315789473685
0.9901315789473685
0.9901315789473685
0.9901315789473685
0.9901315789473685
0.9901315789473685
0.9901315789473685
0.9901315789473685
0.9901315789473685
0.9901315789473685
0.9901315789473685
0.9901315789473685
0.9901315789473685
0.9901315789473685
0.9901315789473685
0.9901315789473685
0.9901315789473685
0.9901315789473685
0.9901315789473685
0.9901315789473685
0.9901315789473685
0.9901315789473685
0.9901315789473685
0.9901315789473685
0.9901315789473685
0.9901315789473685
0.9901315789473685
