0.6437651854973437
0.4390011351046337
0.34171104627171556
0.2910993077976688
0.2593865950355697
0.2369592835505693
0.22008002193216392
0.20695437920158466
0.19653409731488977
0.18812800441174968
0.18125349923163445
0.17556631646202428
0.1708180780088107
0.16682702110690525
0.16345749403709747
0.16060580201623653
0.1581905913171929
0.15614644420267176
0.15441969586409035
0.15296571205793968
0.15174706169196492
0.15073220233968776
0.1498944528430932
0.14921114078583858
0.1486628809327518
0.1482329715977117
0.14790690253518515
0.1476719636402052
0.1475169381776312
0.1474318621624645
0.14740783338404037
0.14743685765650266
0.1475117241198966
0.147625904540254
0.14777347326834506
0.14794904514085064
0.1481477286527149
0.14836509160936215
0.14859713641370656
0.14884028223188334
0.14909135149979771
0.1493475585335437
0.14960649834636597
0.14986613412547223
0.1501247821736497
0.15038109347495604
0.15063403140591172
0.15088284548486408
0.15112704142442032
0.15136634810610874
0.1516006824046887
0.15183011302038252
0.15205482460313352
0.1522750834576193
0.1524912060012628
0.1527035309275995
0.1529123957361421
0.15311811796741426
0.15332098116827017
0.15352122534127052
0.1537190414246791
0.1539145692155884
0.15410789808553868
0.1542990698351191
0.15448808307653775
0.1546748986050355
0.15485944530690493
0.15504162624226928
0.15522132462659888
0.15539840951126374
0.1555727410279222
0.15574417511375113
0.15591256767517017
0.1560777781782353
0.156239672675873
0.1563981262973236
0.15655302523498296
0.15670426826964018
0.1568517678778829
0.15699545096608217
0.157135259274456
0.15727114949279966
0.15740309312687986
0.15753107615153547
0.15765509848341125
0.15777517330309387
0.15789132625338942
0.15800359453757265
0.15811202593878249
0.15821667777926407
0.15831761583595588
0.1584149132268986
0.15850864928118283
0.15859890840350405
0.15868577894299526
0.15876935207468523
0.1588497207007984
0.15892697837808614
0.15900121827647543
0.15907253217355014
0.15914100948873153
0.15920673636049426
0.15926979476954103
0.15933026171056616
0.15938820841504528
0.1594436996273815
0.15949679293670982
0.15954753816665465
0.1595959768253958
0.15964214161838855
0.1596860560261173
0.15972773394916687
0.15976717942278212
0.15980438640284475
0.15983933862487296
0.15987200953718822
0.1599023623088712
0.15993034991245256
0.1599559152805666
0.15997899153498102
0.1599995022855764
0.16001736199598007
0.16003247641170382
0.16004474304583255
0.16005405171657155
0.16006028513032727
0.16006331950349342
0.16006302521575747
0.1600592674875637
0.16005190707433894
0.16004080097026685
0.16002580311472347
0.16000676509497214
0.15998353683935146
0.1599559672959045
0.15992390509222412
0.15988719917312702
0.15984569941361162
0.15979925720539923
0.15974772601610124
0.15969096192073373
0.15962882410588067
0.15956117534723974
0.15948788246163423
0.15940881673475193
0.15932385432601168
0.15923287665190797
0.15913577074913982
0.1590324296186774
0.15892275255173394
0.15880664543842135
0.15868402105965834
0.15855479936271058
0.15841890772057687
0.15827628117528772
0.15812686266507373
0.1579706032353017
0.15780746223300016
0.15763740748479416
0.1574604154580691
0.15727647140516424
0.15708556949043423
0.15688771290002124
0.15668291393416384
0.15647119408189206
0.15625258407789155
0.1560271239413157
0.1557948629962207
0.15555585987325143
0.1553101824920791
0.15505790802399677
0.15479912283393885
0.1545339224010774
0.15426241121700213
0.15398470266038963
0.15370091884692721
0.15341119045321308
0.15311565651324388
0.15281446418612835
0.15250776849365424
0.15219573202641085
0.15187852461732626
0.15155632298162428
0.15122931032250564
0.15089767590214154
0.15056161457798395
0.1502213263048167
0.1498770156034982
0.1495288909978661
0.1491771644218817
0.148822050599668
0.1484637664017109
0.1481025301810744
0.14773856109402708
0.14737207840998928
0.14700330081611687
0.14663244572218873
0.14625972857168731
0.1458853621650992
0.1455095560014355
0.1451325156438713
0.14475444211513036
0.14437553132789852
0.14399597355506358
0.14361595294400892
0.1432356470785548
0.1428552265914313
0.14247485482943253
0.14209468757262878
0.1417148728082819
0.1413355505593357
0.14095685276669448
0.14057890322381927
0.14020181756161626
0.13982570328106847
0.1394506598306256
0.13907677872503973
0.13870414370203693
0.13833283091305623
0.13796290914416307
0.13759444006321375
0.13722747848936276
0.13686207268109524
0.1364982646391047
0.1361360904204889
0.13577558046096136
0.13541675990198582
0.13505964891999864
0.13470426305515235
0.13435061353723088
0.13399870760671315
0.13364854882915309
0.13330013740135307
0.13295347044799508
0.1326085423076501
0.1322653448072925
0.13192386752462568
0.1315840980377207
0.13124602216162753
0.13090962417175
0.13057488701392492
0.13024179250124632
0.12991032149778053
0.12958045408939792
0.1292521697420235
0.12892544744766424
0.12860026585862963
0.12827660341038083
0.12795443843349955
0.1276337492552725
0.1273145142913979
0.12699671212834546
0.12668032159690024
0.12636532183739382
0.12605169235716074
0.12573941308071648
0.12542846439315491
0.1251188271772412
0.1248104828446686
0.12450341336192254
0.12419760127117463
0.12389302970660576
0.1235896824065632
0.12328754372188665
0.1229865986207642
0.1226868326904358
0.12238823213604116
0.1220907837768908
0.12179447504042876
0.12149929395411867
0.12120522913548289
0.12091226978050296
0.12062040565055632
0.12032962705807931
0.12003992485110454
0.11975129039681594
0.1194637155642542
0.11917719270628514
0.11889171464094712
0.11860727463225186
0.11832386637053949
0.11804148395245163
0.11776012186059144
0.11747977494291789
0.11720043839192792
0.1169221077236683
0.11664477875659782
0.11636844759033567
0.11609311058431059
0.11581876433632239
0.11554540566102495
0.11527303156833192
0.11500163924173504
0.11473122601653617
0.11446178935796353
0.11419332683916995
0.11392583611907181
0.11365931492000508
0.11339376100516387
0.11312917215578393
0.11286554614801213
0.1126028807294285
0.11234117359514569
0.1120804223634389
0.11182062455082245
0.11156177754651199
0.11130387858617417
0.11104692472489393
0.11079091280923899
0.11053583944834183
0.11028170098387068
0.11002849345876912
0.10977621258464172
0.10952485370764146
0.10927441177269918
0.10902488128594524
0.10877625627514026
0.1085285302479306
0.10828169614771535
0.10803574630691658
0.10779067239741326
0.10754646537787345
0.10730311543771931
0.1070606119374158
0.1068189433447585
0.1065780971667991
0.10633805987703238
0.10609881683740545
0.10586035221469066
0.10562264889071216
0.10538568836586604
0.10514945065530512
0.104913914177122
0.10467905563176412
0.10444484987183984
0.10421126976140141
0.10397828602366155
0.10374586707599706
0.1035139788509646
0.10328258460189012
0.10305164469145488
0.10282111636148053
0.10259095348193287
0.10236110627691018
0.10213152102514483
0.10190213973220942
0.10167289977135033
0.10144373348945206
0.10121456777429423
0.10098532357878533
0.10075591539742124
0.10052625068970387
0.10029622924475069
0.10006574248077083
0.09983467267262296
0.09960289210016138
0.0993702621097737
0.09913663208132151
0.0989018382928872
0.09866570267634184
0.09842803145817476
0.09818861368252742
0.09794721961755207
0.09770359905285085
0.09745747950590071
0.09720856437076163
0.09695653106517937
0.09670102926593928
0.0964416793717318
0.09617807140483677
0.0959097646676906
0.09563628862214273
0.09535714567839298
0.09507181689605994
0.09477977205141142
0.09448048616655354
0.0941734654976135
0.0938582872217233
0.09353465872606127
0.09320250451854933
0.09286209122796187
0.09251420343393116
0.09216038380370918
0.09180324714502079
0.09144686340862226
0.09109716881913309
0.09076229263225254
0.09045256941985538
0.09017986571476495
0.08995579557525506
0.08978867015783976
0.08967984912998204
0.0896212775661465
0.08959629252060648
0.08958422825762233
0.08956674337277748
0.08953247707558505
0.08947789693530264
0.08940488839296377
0.08931736675287973
0.08921882649446056
0.08911135593463525
0.0889956925669146
0.08887171063046483
0.08873893431035414
0.08859690691960838
0.08844539354675349
0.08828445543488543
0.08811444506129208
0.0879359612780518
0.08774979020353191
0.08755684624730121
0.08735812006412469
0.08715463578201062
0.08694741753421584
0.08673746429258038
0.08652573166433908
0.08631311932036531
0.0861004628713601
0.08588852919825378
0.08567801442734956
0.08546954390144977
0.0852636736314026
0.085060892820159
0.08486162713745767
0.08466624249192554
0.08447504910224043
0.08428830571307966
0.0841062238370859
0.08392897193283054
0.08375667945197536
0.08358944070764536
0.08342731853113794
0.08327034769619303
0.0831185380996125
0.08297187769452122
0.08283033517830642
0.08269386244159345
0.08256239678778932
0.08243586293491303
0.08231417481287459
0.08219723717020937
0.08208494700459362
0.08197719483148791
0.08187386580494779
0.08177484070413105
0.08167999679843972
0.08158920860344528
0.0815023485390279
0.08141928750028649
0.0813398953510166
0.08126404134871479
0.08119159450932022
0.08112242391915221
0.0810563990008158
0.08099338973917676
0.08093326687292382
0.08087590205663411
0.08082116799778025
0.0807689385725977
0.08071908892432614
0.08067149554689831
0.08062603635683202
0.08058259075568536
0.08054103968518463
0.08050126567681605
0.08046315289742573
0.08042658719215416
0.08039145612579263
0.08035764902346705
0.08032505701137795
0.08029357305815303
0.0802630920172209
0.08023351067048537
0.08020472777344363
0.08017664410179404
0.08014916249946376
0.08012218792790327
0.08009562751642783
0.0800693906132828
0.08004338883710002
0.080017536128312
0.07999174880009338
0.07996594558834833
0.07994004770024098
0.07991397886077634
0.0798876653569047
0.07986103607865938
0.07983402255683411
0.07980655899673417
0.07977858230756155
0.07975003212702912
0.07972085084084828
0.0796909835967559
0.07966037831282356
0.07962898567982646
0.07959675915750197
0.07956365496459276
0.07952963206262169
0.07949465213338575
