0.27549194991055453
0.1806797853309481
0.12701252236135957
0.20930232558139536
0.1252236135957066
0.29338103756708406
0.13416815742397137
0.20930232558139536
0.148479427549195
0.1037567084078712
0.22898032200357782
0.18604651162790697
0.18604651162790697
0.13774597495527727
0.16100178890876565
0.18962432915921287
0.18246869409660108
0.18962432915921287
0.20930232558139536
0.24329159212880144
0.16457960644007155
0.17531305903398928
0.2075134168157424
0.18246869409660108
0.1967799642218247
0.2504472271914132
0.18604651162790697
0.1771019677996422
0.20572450805008943
0.17889087656529518
0.21288014311270126
0.14669051878354203
0.1771019677996422
0.46332737030411447
0.21288014311270126
0.11270125223613596
0.12164579606440072
0.1735241502683363
0.22003577817531306
0.1967799642218247
0.1771019677996422
0.12701252236135957
0.11985688729874776
0.21645796064400716
0.19141323792486584
0.17889087656529518
0.19141323792486584
0.1967799642218247
0.27906976744186046
0.2182468694096601
