0.4418604651162791
0.11627906976744186
0.1073345259391771
0.1037567084078712
0.20930232558139536
0.18783542039355994
0.1806797853309481
0.13237924865831843
0.17531305903398928
0.18246869409660108
0.17531305903398928
0.15742397137745975
0.16279069767441862
0.16279069767441862
0.1556350626118068
0.16100178890876565
0.17173524150268335
0.17173524150268335
0.1252236135957066
0.16100178890876565
0.148479427549195
0.15384615384615385
0.15742397137745975
0.1735241502683363
0.1520572450805009
0.1592128801431127
0.13595706618962433
0.18783542039355994
0.11806797853309481
0.1520572450805009
0.28622540250447226
0.16636851520572452
0.1592128801431127
0.15384615384615385
0.15742397137745975
0.1556350626118068
0.1556350626118068
0.1592128801431127
0.16457960644007155
0.11806797853309481
0.13237924865831843
0.15742397137745975
0.1556350626118068
0.11985688729874776
0.18962432915921287
0.16100178890876565
0.1592128801431127
0.17173524150268335
0.1520572450805009
0.14311270125223613
