0.22361359570661896
0.12343470483005367
0.10554561717352415
0.1037567084078712
0.10912343470483005
0.12701252236135957
0.1252236135957066
0.09660107334525939
0.16279069767441862
0.10912343470483005
0.11627906976744186
0.13953488372093023
0.13953488372093023
0.16279069767441862
0.148479427549195
0.12701252236135957
0.12880143112701253
0.11270125223613596
0.1073345259391771
0.10912343470483005
0.10554561717352415
0.16636851520572452
0.11627906976744186
0.10196779964221825
0.1413237924865832
0.12343470483005367
0.11270125223613596
0.12701252236135957
0.11806797853309481
0.12880143112701253
0.13416815742397137
0.14311270125223613
0.1413237924865832
0.1449016100178891
0.11270125223613596
0.12343470483005367
0.1413237924865832
0.15026833631484796
0.11985688729874776
0.12343470483005367
0.12164579606440072
0.1037567084078712
0.1073345259391771
0.12880143112701253
0.13416815742397137
0.13774597495527727
0.1449016100178891
0.13595706618962433
0.11806797853309481
0.16457960644007155
