0.15742397137745975
0.16457960644007155
0.16457960644007155
0.16457960644007155
0.16457960644007155
0.16457960644007155
0.16457960644007155
0.16457960644007155
0.16457960644007155
0.16457960644007155
0.16457960644007155
0.16457960644007155
0.16457960644007155
0.16457960644007155
0.16457960644007155
0.16457960644007155
0.16457960644007155
0.16457960644007155
0.16457960644007155
0.16457960644007155
0.16457960644007155
0.16457960644007155
0.16457960644007155
0.16457960644007155
0.16457960644007155
0.16457960644007155
0.16457960644007155
0.16457960644007155
0.16457960644007155
0.16457960644007155
0.16457960644007155
0.16457960644007155
0.16457960644007155
0.16457960644007155
0.16457960644007155
0.16457960644007155
0.16457960644007155
0.16457960644007155
0.16457960644007155
0.16457960644007155
0.16457960644007155
0.16457960644007155
0.16457960644007155
0.16457960644007155
0.16457960644007155
0.16457960644007155
0.16457960644007155
0.16457960644007155
0.16457960644007155
0.16457960644007155
