0.1413237924865832
0.12343470483005367
0.12164579606440072
0.10912343470483005
0.1252236135957066
0.11985688729874776
0.11627906976744186
0.11627906976744186
0.11806797853309481
0.11806797853309481
0.10912343470483005
0.11091234347048301
0.11806797853309481
0.10912343470483005
0.1073345259391771
0.11627906976744186
0.11806797853309481
0.1073345259391771
0.1073345259391771
0.10912343470483005
0.10912343470483005
0.1073345259391771
0.10912343470483005
0.11091234347048301
0.10912343470483005
0.1073345259391771
0.11091234347048301
0.11449016100178891
0.1073345259391771
0.1037567084078712
0.10554561717352415
0.10554561717352415
0.11449016100178891
0.1037567084078712
0.10912343470483005
0.1037567084078712
0.12164579606440072
0.10554561717352415
0.10554561717352415
0.12164579606440072
0.11627906976744186
0.10554561717352415
0.10554561717352415
0.10554561717352415
0.1073345259391771
0.10554561717352415
0.1073345259391771
0.10554561717352415
0.1073345259391771
0.1001788908765653
