1.0
1.0
1.0
1.0
1.0
1.0
0.9821109123434705
0.9713774597495528
0.964221824686941
0.9534883720930233
0.9463327370304114
0.9427549194991055
0.9409660107334525
0.9409660107334525
0.8640429338103757
0.6762075134168157
0.6189624329159212
0.5724508050089445
0.5384615384615384
0.5098389982110912
0.4740608228980322
0.4525939177101968
0.4400715563506261
0.42397137745974955
0.41144901610017887
0.3935599284436494
0.3667262969588551
0.3542039355992844
0.35241502683363146
0.3470483005366726
0.334525939177102
0.33094812164579607
0.3220035778175313
0.3148479427549195
0.3094812164579606
0.3041144901610018
0.29695885509839
0.28622540250447226
0.2844364937388193
0.2772808586762075
0.27191413237924866
0.26654740608228983
0.2558139534883721
0.25402504472271914
0.24686940966010734
0.24329159212880144
0.23971377459749552
0.23792486583184258
0.23792486583184258
0.23434704830053668
