0.11270125223613596
0.148479427549195
0.12343470483005367
0.18246869409660108
0.2182468694096601
0.16815742397137745
0.1771019677996422
0.16636851520572452
0.18425760286225404
0.18425760286225404
0.16815742397137745
0.16636851520572452
0.1806797853309481
0.19320214669051877
0.13774597495527727
0.19856887298747763
0.19141323792486584
0.1771019677996422
0.18604651162790697
0.13774597495527727
0.1735241502683363
0.12343470483005367
0.11091234347048301
0.10912343470483005
0.12701252236135957
0.16457960644007155
0.17531305903398928
0.13059033989266547
0.19141323792486584
0.12343470483005367
0.15026833631484796
0.1520572450805009
0.19141323792486584
0.18246869409660108
0.1252236135957066
0.11806797853309481
0.18604651162790697
0.18425760286225404
0.13595706618962433
0.1967799642218247
0.18962432915921287
0.11627906976744186
0.1967799642218247
0.1806797853309481
0.1771019677996422
0.20572450805008943
0.18246869409660108
0.11091234347048301
0.21288014311270126
0.19499105545617174
