0.235034395054255
0.1483919322113985
0.12572408594477194
0.1156407947246823
0.10990627901014771
0.10615453558486225
0.10347520178986334
0.10144799066072245
0.09985144920287903
0.09855647586531031
0.09748179773198597
0.09657322476189566
0.09579303323811915
0.09511407963296147
0.09451631591531462
0.09398461632910501
0.09350736514794607
0.09307550797259316
0.09268189652706219
0.09232082519214595
0.091987696107767
0.09167877245727613
0.09139099348236635
0.0911218335561179
0.09086919330818372
0.09063131452560555
0.0904067130424497
0.09019412550751846
0.08999246705094226
0.08980079763377885
0.08961829537977944
0.08944423553935213
0.08927797398198999
0.08911893429640085
0.0889665977244428
0.08882049528184449
0.08868020153344974
0.08854532959583332
0.088415527034994
0.08829047240980298
0.0881698722815568
0.0880534585657982
0.0879409861450912
0.08783223069202785
0.08772698667241392
0.08762506551146133
0.08752629391300619
0.0874305123251179
0.0873375735463922
0.08724734146685433
0.08715968993648454
0.08707450175337389
0.0869916677627184
0.08691108605735029
0.08683266127033736
0.08675630395030197
0.08668193001046985
0.0866094602429994
0.08653881989078206
0.08646993826961306
0.08640274843434867
0.08633718688337658
0.08627319329639078
0.0862107103010934
0.0861496832649972
0.08609006010902914
0.08603179114006385
0.08597482889992944
0.08591912802876239
0.08586464514088721
0.08581133871165823
0.085759168973921
0.08570809782293551
0.08565808872877274
0.08560910665533285
0.08556111798524559
0.08551409045002367
0.08546799306492006
0.08542279606801341
0.0853784708631124
0.08533498996611887
0.08529232695453902
0.08525045641986731
0.08520935392260537
0.08516899594970369
0.08512935987423827
0.08509042391716012
0.08505216711096743
0.08501456926517037
0.08497761093343066
0.08494127338227034
0.08490553856125219
0.08487038907454657
0.08483580815380527
0.08480177963226869
0.08476828792004093
0.0847353179804706
0.0847028553075822
0.08467088590450222
0.08463939626283565
0.08460837334294159
0.08457780455506866
0.08454767774131096
0.08451798115834079
0.0844887034608894
0.084459833685937
0.08443136123758213
0.08440327587255944
0.08437556768637522
0.08434822710003899
0.08432124484735545
0.08429461196276213
0.08426831976968083
0.08424235986936475
0.08421672413021873
0.08419140467757058
0.08416639388387513
0.08414168435933102
0.08411726894289363
0.08409314069366586
0.08406929288264914
0.08404571898484164
0.08402241267166634
0.0839993678037146
0.0839765784237933
0.08395403875025953
0.08393174317063301
0.08390968623547163
0.0838878626525007
0.0838662672809827
0.08384489512631949
0.08382374133487427
0.08380280118900578
0.08378207010230332
0.08376154361501728
0.08374121738967182
0.08372108720685632
0.08370114896118509
0.08368139865741803
0.08366183240673832
0.08364244642317552
0.0836232370201714
0.0836042006072813
0.08358533368700517
0.08356663285174125
0.08354809478086148
0.08352971623789575
0.08351149406782986
0.0834934251945045
0.08347550661811398
0.08345773541280234
0.0834401087243476
0.08342262376793708
0.0834052778260233
0.08338806824626209
0.0833709924395269
0.08335404787799758
0.0833372320933175
0.0833205426748205
0.0833039772678232
0.08328753357197606
0.08327120933967883
0.08325500237454798
0.0832389105299437
0.08322293170754613
0.08320706385598407
0.08319130496951037
0.0831756530867258
0.08316010628934553
0.0831446627010098
0.08312932048613497
0.08311407784880523
0.08309893303169923
0.08308388431505691
0.08306893001567953
0.08305406848596264
0.08303929811296243
0.08302461731749289
0.08301002455325251
0.0829955183059806
0.08298109709263997
0.082966759460627
0.08295250398700701
0.08293832927777439
0.08292423396713677
0.08291021671682017
0.08289627621539884
0.08288241117764412
0.08286862034389383
0.08285490247944333
0.08284125637395207
0.08282768084087071
0.08281417471688586
0.08280073686137975
0.08278736615590873
0.08277406150369442
0.08276082182913425
0.08274764607732113
0.0827345332135828
0.08272148222302969
0.08270849211012049
0.08269556189823615
0.08268269062926982
0.08266987736322542
0.08265712117783013
0.08264442116815557
0.08263177644625148
0.08261918614078892
0.08260664939671283
0.08259416537490477
0.0825817332518553
0.08256935221934371
0.08255702148412829
0.08254474026764366
0.08253250780570659
0.08252032334822897
0.08250818615894062
0.08249609551511525
0.08248405070730769
0.08247205103909529
0.08246009582682694
0.08244818439937865
0.08243631609791374
0.08242449027565199
0.08241270629764053
0.08240096354053458
0.08238926139238043
0.082377599252405
0.08236597653081094
0.08235439264857494
0.08234284703725264
0.08233133913878704
0.08231986840532189
0.08230843429901936
0.08229703629188156
0.08228567386557642
0.08227434651126693
0.08226305372944676
0.08225179502977399
0.0822405699309158
0.0822293779603901
0.08221821865441467
0.08220709155775756
0.08219599622359164
0.08218493221335144
0.08217389909659391
0.08216289645086072
0.08215192386154575
0.08214098092176234
0.08213006723221479
0.08211918240107334
0.08210832604384966
0.08209749778327528
0.08208669724918434
0.08207592407839558
0.08206517791459864
0.08205445840824199
0.08204376521642312
0.08203309800277916
0.08202245643738275
0.08201184019663696
0.08200124896317283
0.08199068242574914
0.08198014027915455
0.08196962222410957
0.08195912796717131
0.08194865722064132
0.08193820970247138
0.08192778513617502
0.08191738325073719
0.08190700378052718
0.08189664646521255
0.08188631104967452
0.08187599728392406
0.0818657049230206
0.08185543372699054
0.08184518346074851
0.08183495389401771
0.08182474480125458
0.08181455596157183
0.08180438715866338
0.08179423818073162
0.08178410882041379
0.08177399887471101
0.08176390814491782
0.08175383643655224
0.08174378355928745
0.08173374932688439
0.08172373355712478
0.08171373607174545
0.08170375669637443
0.0816937952604654
0.08168385159723639
0.08167392554360638
0.08166401694013431
0.08165412563095852
0.08164425146373742
0.08163439428959013
0.08162455396303783
0.08161473034194738
0.08160492328747422
0.08159513266400588
0.08158535833910764
0.08157560018346746
0.08156585807084218
0.08155613187800456
0.08154642148469099
0.08153672677354924
0.08152704763008722
0.0815173839426236
0.08150773560223627
0.08149810250271454
0.08148848454050937
0.08147888161468676
0.0814692936268789
0.0814597204812378
0.08145016208438917
0.08144061834538747
0.08143108917566898
0.08142157448900969
0.08141207420147882
0.08140258823139766
0.0813931164992946
0.0813836589278648
0.08137421544192677
0.081364785968382
0.08135537043617463
0.08134596877624913
0.08133658092151305
0.08132720680679698
0.08131784636881444
0.08130849954612614
0.08129916627910033
0.08128984650987621
0.08128054018232701
0.08127124724202474
0.08126196763620276
0.0812527013137214
0.08124344822503317
0.08123420832214842
0.08122498155860049
0.08121576788941375
0.08120656727106926
0.0811973796614729
0.0811882050199233
0.08117904330707965
0.08116989448493107
0.08116075851676513
0.08115163536713843
0.08114252500184597
0.0811334273878916
0.08112434249345925
0.08111527028788422
0.08110621074162455
0.08109716382623423
0.08108812951433444
0.08107910777958713
0.08107009859666858
0.08106110194124297
0.08105211778993693
0.08104314612031302
0.08103418691084621
0.08102524014089794
0.08101630579069291
0.0810073838412939
0.08099847427457955
0.0809895770732207
0.08098069222065768
0.08097181970107745
0.08096295949939245
0.0809541116012178
0.08094527599285116
0.08093645266125138
0.08092764159401722
0.08091884277936771
0.0809100562061224
0.08090128186368133
0.08089251974200606
0.08088376983160055
0.08087503212349265
0.08086630660921615
0.08085759328079252
0.08084889213071311
0.08084020315192252
0.0808315263378013
0.08082286168214899
0.08081420917916796
0.0808055688234475
0.08079694060994813
0.08078832453398616
0.08077972059121774
0.08077112877762506
0.08076254908950103
0.08075398152343606
0.08074542607630192
0.08073688274524038
0.08072835152764808
0.08071983242116436
0.08071132542365737
0.08070283053321194
0.0806943477481172
0.08068587706685451
0.0806774184880846
0.08066897201063743
0.08066053763349967
0.08065211535580337
0.08064370517681621
0.08063530709592909
0.08062692111264717
0.08061854722657882
0.08061018543742565
0.08060183574497311
0.08059349814908014
0.08058517264967048
0.08057685924672325
0.08056855794026375
0.08056026873035495
0.08055199161708923
0.08054372660057907
0.08053547368094989
0.08052723285833152
0.08051900413285028
0.08051078750462191
0.08050258297374313
0.08049439054028602
0.08048621020428948
0.08047804196575246
0.08046988582462809
0.08046174178081623
0.08045360983415756
0.0804454899844268
0.08043738223132711
0.08042928657448403
0.0804212030134397
0.08041313154764655
0.08040507217646295
0.08039702489914674
0.0803889897148508
0.0803809666226175
0.08037295562137363
0.08036495670992613
0.08035696988695709
0.08034899515101836
0.08034103250052899
0.0803330819337689
0.08032514344887588
0.08031721704384095
0.08030930271650481
0.08030140046455322
0.08029351028551424
0.08028563217675365
0.08027776613547169
0.08026991215870002
0.08026207024329783
0.08025424038594857
0.08024642258315753
0.0802386168312476
0.08023082312635714
0.08022304146443704
0.08021527184124733
0.08020751425235532
0.08019976869313228
0.08019203515875101
0.0801843136441842
0.0801766041442002
0.08016890665336296
0.08016122116602795
0.08015354767634135
0.08014588617823684
0.08013823666543496
0.08013059913143926
0.08012297356953652
0.0801153599727934
0.08010775833405594
0.08010016864594634
0.08009259090086322
0.08008502509097834
0.08007747120823677
0.0800699292443542
0.08006239919081638
0.08005488103887703
0.080047374779558
0.08003988040364653
0.08003239790169564
0.08002492726402138
0.08001746848070408
0.0800100215415853
0.08000258643626826
0.0799951631541165
0.07998775168425337
0.07998035201556124
0.07997296413668126
0.07996558803601159
0.07995822370170871
0.07995087112168514
0.07994353028361056
0.07993620117491015
0.07992888378276525
0.07992157809411247
0.0799142840956442
