0.21206269604911476
0.12055420518597423
0.09951090923602283
0.09108111928261203
0.08671761211316546
0.0841004502374526
0.08237073803045555
0.08114518021730441
0.08022983307663903
0.079517240804331
0.07894362287770797
0.07846901723272551
0.07806726771531668
0.07772062713131911
0.07741668492307757
0.07714653658852345
0.07690364993861525
0.07668313918308611
0.07648128651144112
0.07629521869703922
0.07612268354847805
0.07596189228545829
0.07581140642027885
0.07567005529486028
0.07553687512266295
0.07541106337031486
0.07529194424991924
0.07517894237241353
0.07507156247232999
0.0749693737015255
0.0748719973963152
0.07477909750831241
0.07469037309283914
0.07460555239570787
0.0745243881866503
0.07444665406742762
0.07437214154263211
0.07430065768696602
0.07423202327815398
0.07416607129232229
0.0741026456805463
0.07404160036266184
0.0739827983883601
0.07392611122670828
0.07387141815416036
0.0738186057181957
0.07376756725933473
0.07371820247866982
0.0736704170414488
0.07362412220984804
0.07357923450002606
0.07353567535999309
0.0734933708658786
0.0734522514349093
0.07341225155392309
0.07337330952256439
0.07333536721052124
0.07329836982827764
0.07326226571091707
0.0732270061145317
0.07319254502479099
0.0731588389772139
0.07312584688866311
0.07309352989957371
0.07306185122640466
0.07303077602380166
0.07300027125594971
0.07297030557660061
0.07294084921726925
0.07291187388309489
0.07288335265589234
0.07285525990392583
0.07282757119795995
0.07280026323317
0.07277331375650697
0.07274670149914374
0.07272040611364528
0.0726944081155334
0.07266868882893407
0.07264323033602178
0.0726180154299875
0.07259302757128643
0.07256825084693301
0.07254366993262652
0.07251927005751704
0.07249503697142266
0.07247095691433582
0.07244701658805924
0.07242320312983642
0.07239950408783626
0.07237590739838158
0.07235240136480395
0.07232897463782753
0.0723056161973868
0.07228231533579468
0.07225906164218082
0.07223584498813088
0.07221265551445755
0.07218948361904771
0.07216631994572398
0.07214315537407716
0.07211998101021473
0.07209678817838985
0.07207356841346507
0.07205031345417533
0.07202701523715835
0.07200366589171556
0.07198025773527715
0.07195678326953889
0.0719332351772468
0.07190960631959974
0.07188588973424657
0.07186207863385045
0.07183816640519827
0.07181414660882597
0.0717900129791391
0.07176575942499948
0.07174138003075375
0.07171686905767599
0.0716922209457978
0.07166743031609506
0.07164249197300429
0.07161740090723465
0.07159215229884645
0.07156674152055796
0.0715411641412525
0.071515415929643
0.07148949285806078
0.07146339110632921
0.07143710706568267
0.07141063734269248
0.07138397876315483
0.07135712837590594
0.07133008345651627
0.0713028415108285
0.07127540027829331
0.07124775773506617
0.07121991209682345
0.07119186182125989
0.07116360561023127
0.07113514241150466
0.0711064714200865
0.07107759207909335
0.07104850408013907
0.07101920736321271
0.07098970211602026
0.07095998877277507
0.07093006801241271
0.07089994075622441
0.07086960816488742
0.07083907163489252
0.07080833279435952
0.0707773934982375
0.07074625582289096
0.07071492206007694
0.07068339471031658
0.07065167647566889
0.07061977025192032
0.07058767912020257
0.0705554063380528
0.07052295532993672
0.07049032967725433
0.07045753310785269
0.07042456948506845
0.0703914427963344
0.07035815714137408
0.07032471672002732
0.07029112581973615
0.0702573888027361
0.07022351009299725
0.0701894941629577
0.07015534552010498
0.07012106869345366
0.07008666821997836
0.07005214863105977
0.0700175144390046
0.06998277012370169
0.06994792011947876
0.06991296880222392
0.06987792047683683
0.06984277936507315
0.06980754959384325
0.0697722351840285
0.06973684003986838
0.06970136793897302
0.06966582252301114
0.06963020728911534
0.06959452558204322
0.06955878058712688
0.06952297532403623
0.06948711264137407
0.0694511952121174
0.06941522552990702
0.06937920590618955
0.06934313846819914
0.06930702515776918
0.06927086773095403
0.06923466775843655
0.06919842662669318
0.06916214553988395
0.06912582552243182
0.06908946742225192
0.06905307191459065
0.06901663950643083
0.068980170541421
0.06894366520528403
0.06890712353165863
0.06887054540833423
0.06883393058383186
0.06879727867429121
0.068760589170621
0.06872386144587553
0.06868709476281833
0.0686502882816353
0.06861344106776586
0.06857655209981896
0.06853962027754204
0.0685026444298166
0.06846562332265216
0.06842855566715444
0.06839144012744575
0.06835427532851378
0.06831705986397084
0.06827979230370602
0.06824247120140989
0.06820509510196063
0.0681676625486529
0.06813017209026034
0.06809262228791506
0.06805501172179614
0.06801733899761468
0.06797960275288746
0.0679418016629865
0.06790393444696145
0.06786599987312156
0.06782799676437364
0.06778992400330758
0.06775178053702237
0.06771356538168939
0.06767527762684321
0.06763691643939915
0.06759848106738947
0.06755997084341447
0.0675213851878074
0.06748272361150394
0.06744398571861879
0.06740517120872247
0.06736627987881805
0.06732731162501598
0.06728826644390394
0.0672491444336135
0.06720994579458028
0.06717067083000121
0.06713131994598777
0.06709189365141682
0.06705239255748321
0.06701281737695504
0.06697316892313725
0.06693344810854676
0.06689365594330558
0.0668537935332577
0.0668138620778165
0.06677386286755123
0.06673379728152029
0.0666936667843614
0.06665347292314892
0.06661321732402851
0.06657290168864198
0.06653252779035305
0.06649209747028931
0.06645161263321117
0.06641107524322512
0.06637048731935243
0.06632985093097199
0.06628916819314926
0.06624844126186903
0.06620767232918824
0.06616686361832262
0.06612601737868433
0.06608513588088856
0.06604422141174007
0.06600327626922049
0.06596230275748798
0.06592130318190655
0.06588027984411672
0.06583923503716559
0.06579817104070512
0.06575709011627466
0.06571599450267848
0.06567488641146929
0.06563376802254871
0.06559264147989453
0.06555150888742144
0.06551037230498659
0.06546923374454326
0.0654280951664509
0.06538695847594513
0.0653458255197726
0.0653046980829927
0.06526357788595048
0.06522246658141831
0.06518136575191022
0.06514027690716713
0.06509920148180952
0.06505814083315953
0.06501709623922568
0.0649760688968498
0.06493505992000799
0.06489407033826697
0.06485310109538357
0.06481215304804577
0.06477122696474867
0.06473032352479795
0.06468944331743302
0.06464858684106552
0.06460775450262214
0.06456694661698713
0.06452616340653647
0.06448540500075371
0.06444467143592313
0.06440396265488992
0.06436327850688202
0.06432261874738462
0.06428198303806071
0.06424137094671194
0.06420078194727091
0.0641602154198203
0.06411967065063265
0.0640791468322233
0.06403864306341499
0.06399815834940448
0.06395769160183049
0.06391724163883765
0.06387680718513211
0.0638363868720275
0.06379597923747714
0.06375558272609096
0.06371519568913618
0.06367481638452104
0.0636344429767578
0.06359407353691032
0.06355370604252454
0.0635133383775394
0.06347296833218788
0.06343259360288368
0.06339221179209893
0.06335182040823834
0.06331141686551012
0.06327099848380277
0.06323056248856967
0.06319010601072897
0.06314962608658686
0.06310911965778841
0.063068583571306
0.06302801457947567
0.06298740934008563
0.06294676441653163
0.06290607627804831
0.06286534130002705
0.06282455576443224
0.06278371586032924
0.06274281768453818
0.06270185724242386
0.0626608304488404
0.06261973312924239
0.06257856102098029
0.06253730977479338
0.06249597495652077
0.06245455204904369
0.06241303645447566
0.06237142349662374
0.06232970842373205
0.06228788641152742
0.06224595256658714
0.06220390193004312
0.06216172948164115
0.06211943014417239
0.06207699878829161
0.062034430237741016
0.06199171927498828
0.061948860647299535
0.06190584907325064
0.06186267924969522
0.06181934585919094
0.0617758435778935
0.06173216708392234
0.061688311066196024
0.06164427023373917
0.061600039325452376
0.061555613120337596
0.06151098644816736
0.061466154200580575
0.061421111342582296
0.06137585292442615
0.06133037409384636
0.06128467010860537
0.061238736349319325
0.061192568332515566
0.06114616172387176
0.061099512351586546
0.06105261621981821
0.06100546952213123
0.06095806865488094
0.06091041023046652
0.06086249109037508
0.06081430831793918
0.06076585925072778
0.06071714149248399
0.06066815292453201
0.06061889171655929
0.06056935633669734
0.060519545560813064
0.0604694584809288
0.06041909451269544
0.060368453401839994
0.06031753522951739
0.06026634041650579
0.06021486972617925
0.06016312426621378
0.060111105488979376
0.060058815190584404
0.06000625550854712
0.05995342891807841
0.0599003382269713
0.05984698656910104
0.05979337739655295
0.05973951447040394
0.059685401850193456
0.059631043882134506
0.05957644518611728
0.05952161064157686
0.05946654537229632
0.059411254730231865
0.05935574427844839
0.05930001977326454
0.059244087145707516
0.0591879524823862
0.05913162200589136
0.0590751020548356
0.05901839906364388
0.05896151954221207
0.05890447005553909
0.05884725720344832
0.058789887600499614
0.05873236785619762
0.05867470455559195
0.0586169042403633
0.05855897339047838
0.05850091840649526
0.05844274559259071
0.05838446114037275
0.058326071113535986
0.05826758143341008
0.05820899786543988
0.05815032600663321
0.058091571274001066
0.058032738894008444
0.05797383389304727
0.057914861088936655
0.057855825083447325
0.05779673025584349
0.0577375807574279
0.05767838050707116
0.057619133187703155
0.0575598422437385
0.0575005108794048
0.057441142057940243
0.0573817385016221
0.05732230269258863
0.05726283687441203
0.057203343054380115
0.05714382300644309
0.05708427827478078
0.0570247101779457
0.05696511981353705
0.0569055080633599
0.056845875599026575
0.05678622288795478
0.05672655019972137
0.0566668576127279
0.056607145021137166
0.056547412142043924
0.05648765852283605
0.05642788354871565
0.056368086450339534
0.05630826631154896
0.05624842207715343
0.05618855256074173
0.0561286564524884
0.05606873232692949
0.056008778650684765
0.055948793790096936
0.05588877601877362
0.05582872352500471
0.055768634419041424
0.05570850674021634
0.05564833846389368
0.05558812750822945
0.0555278717407357
0.05546756898463199
