0.8944124541689735
0.8944099823380781
0.8944119012043784
0.8944120127993971
0.8944120189520265
0.8944120192902884
0.894412019308868
0.8944120193099012
0.8944120193099591
0.894412019309964
0.8944120193099481
0.8944120193099481
0.8944120193099481
0.8944120193099481
0.8944120193099481
0.8944120193099481
0.8944120193099481
0.8944120193099481
0.8944120193099481
0.8944120193099481
0.8944120193099481
0.8944120193099481
0.8944120193099481
0.8944120193099481
0.8944120193099481
0.8944120193099481
0.8944120193099481
0.8944120193099481
0.8944120193099481
0.8944120193099481
0.8944120193099481
0.8944120193099481
0.8944120193099481
0.8944120193099481
0.8944120193099481
0.8944120193099481
0.8944120193099481
0.8944120193099481
0.8944120193099481
0.8944120193099481
0.8944120193099481
0.8944120193099481
0.8944120193099481
0.8944120193099481
0.8944120193099481
0.8944120193099481
0.8944120193099481
0.8944120193099481
0.8944120193099481
0.8944120193099481
0.8944120193099481
0.8944120193099481
0.8944120193099481
0.8944120193099481
0.8944120193099481
0.8944120193099481
0.8944120193099481
0.8944120193099481
0.8944120193099481
0.8944120193099481
0.8944120193099481
0.8944120193099481
0.8944120193099481
0.8944120193099481
0.8944120193099481
0.8944120193099481
0.8944120193099481
0.8944120193099481
0.8944120193099481
0.8944120193099481
0.8944120193099481
0.8944120193099481
0.8944120193099481
0.8944120193099481
0.8944120193099481
0.8944120193099481
0.8944120193099481
0.8944120193099481
0.8944120193099481
0.8944120193099481
0.8944120193099481
0.8944120193099481
0.8944120193099481
0.8944120193099481
0.8944120193099481
0.8944120193099481
0.8944120193099481
0.8944120193099481
0.8944120193099481
0.8944120193099481
0.8944120193099481
0.8944120193099481
0.8944120193099481
0.8944120193099481
0.8944120193099481
0.8944120193099481
0.8944120193099481
0.8944120193099481
0.8944120193099481
0.8944120193099481
0.8944120193099481
0.8944120193099481
0.8944120193099481
0.8944120193099481
0.8944120193099481
0.8944120193099481
0.8944120193099481
0.8944120193099481
0.8944120193099481
0.8944120193099481
0.8944120193099481
0.8944120193099481
0.8944120193099481
0.8944120193099481
0.8944120193099481
0.8944120193099481
0.8944120193099481
0.8944120193099481
0.8944120193099481
0.8944120193099481
0.8944120193099481
0.8944120193099481
0.8944120193099481
0.8944120193099481
0.8944120193099481
0.8944120193099481
0.8944120193099481
0.8944120193099481
0.8944120193099481
0.8944120193099481
0.8944120193099481
0.8944120193099481
0.8944120193099481
0.8944120193099481
0.8944120193099481
0.8944120193099481
0.8944120193099481
0.8944120193099481
0.8944120193099481
0.8944120193099481
0.8944120193099481
0.8944120193099481
0.8944120193099481
0.8944120193099481
0.8944120193099481
0.8944120193099481
0.8944120193099481
0.8944120193099481
0.8944120193099481
0.8944120193099481
0.8944120193099481
0.8944120193099481
0.8944120193099481
0.8944120193099481
0.8944120193099481
0.8944120193099481
0.8944120193099481
0.8944120193099481
0.8944120193099481
0.8944120193099481
0.8944120193099481
0.8944120193099481
0.8944120193099481
0.8944120193099481
0.8944120193099481
0.8944120193099481
0.8944120193099481
0.8944120193099481
0.8944120193099481
0.8944120193099481
0.8944120193099481
0.8944120193099481
0.8944120193099481
0.8944120193099481
0.8944120193099481
0.8944120193099481
0.8944120193099481
0.8944120193099481
0.8944120193099481
0.8944120193099481
0.8944120193099481
0.8944120193099481
0.8944120193099481
0.8944120193099481
0.8944120193099481
0.8944120193099481
0.8944120193099481
0.8944120193099481
0.8944120193099481
0.8944120193099481
0.8944120193099481
0.8944120193099481
0.8944120193099481
0.8944120193099481
0.8944120193099481
0.8944120193099481
0.8944120193099481
0.8944120193099481
0.8944120193099481
0.8944120193099481
0.8944120193099481
0.8944120193099481
0.8944120193099481
0.8944120193099481
0.8944120193099481
0.8944120193099481
0.8944120193099481
0.8944120193099481
0.8944120193099481
0.8944120193099481
0.8944120193099481
0.8944120193099481
0.8944120193099481
0.8944120193099481
0.8944120193099481
0.8944120193099481
0.8944120193099481
0.8944120193099481
0.8944120193099481
0.8944120193099481
0.8944120193099481
0.8944120193099481
0.8944120193099481
0.8944120193099481
0.8944120193099481
0.8944120193099481
0.8944120193099481
0.8944120193099481
0.8944120193099481
0.8944120193099481
0.8944120193099481
0.8944120193099481
0.8944120193099481
0.8944120193099481
0.8944120193099481
0.8944120193099481
0.8944120193099481
0.8944120193099481
0.8944120193099481
0.8944120193099481
0.8944120193099481
0.8944120193099481
0.8944120193099481
0.8944120193099481
0.8944120193099481
0.8944120193099481
0.8944120193099481
0.8944120193099481
0.8944120193099481
0.8944120193099481
0.8944120193099481
0.8944120193099481
0.8944120193099481
0.8944120193099481
0.8944120193099481
0.8944120193099481
0.8944120193099481
0.8944120193099481
0.8944120193099481
0.8944120193099481
0.8944120193099481
0.8944120193099481
0.8944120193099481
0.8944120193099481
0.8944120193099481
0.8944120193099481
0.8944120193099481
0.8944120193099481
0.8944120193099481
0.8944120193099481
0.8944120193099481
0.8944120193099481
0.8944120193099481
0.8944120193099481
0.8944120193099481
0.8944120193099481
0.8944120193099481
0.8944120193099481
0.8944120193099481
0.8944120193099481
0.8944120193099481
0.8944120193099481
0.8944120193099481
0.8944120193099481
0.8944120193099481
0.8944120193099481
0.8944120193099481
0.8944120193099481
0.8944120193099481
0.8944120193099481
0.8944120193099481
0.8944120193099481
0.8944120193099481
0.8944120193099481
0.8944120193099481
0.8944120193099481
0.8944120193099481
0.8944120193099481
0.8944120193099481
0.8944120193099481
0.8944120193099481
0.8944120193099481
0.8944120193099481
0.8944120193099481
0.8944120193099481
0.8944120193099481
0.8944120193099481
0.8944120193099481
0.8944120193099481
0.8944120193099481
0.8944120193099481
0.8944120193099481
0.8944120193099481
0.8944120193099481
0.8944120193099481
0.8944120193099481
0.8944120193099481
0.8944120193099481
0.8944120193099481
0.8944120193099481
0.8944120193099481
0.8944120193099481
0.8944120193099481
0.8944120193099481
0.8944120193099481
0.8944120193099481
0.8944120193099481
0.8944120193099481
0.8944120193099481
0.8944120193099481
0.8944120193099481
0.8944120193099481
0.8944120193099481
0.8944120193099481
0.8944120193099481
0.8944120193099481
0.8944120193099481
0.8944120193099481
0.8944120193099481
0.8944120193099481
0.8944120193099481
0.8944120193099481
0.8944120193099481
0.8944120193099481
0.8944120193099481
0.8944120193099481
0.8944120193099481
0.8944120193099481
0.8944120193099481
0.8944120193099481
0.8944120193099481
0.8944120193099481
0.8944120193099481
0.8944120193099481
0.8944120193099481
0.8944120193099481
0.8944120193099481
0.8944120193099481
0.8944120193099481
0.8944120193099481
0.8944120193099481
0.8944120193099481
0.8944120193099481
0.8944120193099481
0.8944120193099481
0.8944120193099481
0.8944120193099481
0.8944120193099481
0.8944120193099481
0.8944120193099481
0.8944120193099481
0.8944120193099481
0.8944120193099481
0.8944120193099481
0.8944120193099481
0.8944120193099481
0.8944120193099481
0.8944120193099481
0.8944120193099481
0.8944120193099481
0.8944120193099481
0.8944120193099481
0.8944120193099481
0.8944120193099481
0.8944120193099481
0.8944120193099481
0.8944120193099481
0.8944120193099481
0.8944120193099481
0.8944120193099481
0.8944120193099481
0.8944120193099481
0.8944120193099481
0.8944120193099481
0.8944120193099481
0.8944120193099481
0.8944120193099481
0.8944120193099481
0.8944120193099481
0.8944120193099481
0.8944120193099481
0.8944120193099481
0.8944120193099481
0.8944120193099481
0.8944120193099481
0.8944120193099481
0.8944120193099481
0.8944120193099481
0.8944120193099481
0.8944120193099481
0.8944120193099481
0.8944120193099481
0.8944120193099481
0.8944120193099481
0.8944120193099481
0.8944120193099481
0.8944120193099481
0.8944120193099481
0.8944120193099481
0.8944120193099481
0.8944120193099481
0.8944120193099481
0.8944120193099481
0.8944120193099481
0.8944120193099481
0.8944120193099481
0.8944120193099481
0.8944120193099481
0.8944120193099481
0.8944120193099481
0.8944120193099481
0.8944120193099481
0.8944120193099481
0.8944120193099481
0.8944120193099481
0.8944120193099481
0.8944120193099481
0.8944120193099481
0.8944120193099481
0.8944120193099481
0.8944120193099481
0.8944120193099481
0.8944120193099481
0.8944120193099481
0.8944120193099481
0.8944120193099481
0.8944120193099481
0.8944120193099481
0.8944120193099481
0.8944120193099481
0.8944120193099481
0.8944120193099481
0.8944120193099481
0.8944120193099481
0.8944120193099481
0.8944120193099481
0.8944120193099481
0.8944120193099481
0.8944120193099481
0.8944120193099481
0.8944120193099481
0.8944120193099481
0.8944120193099481
0.8944120193099481
0.8944120193099481
0.8944120193099481
0.8944120193099481
0.8944120193099481
0.8944120193099481
0.8944120193099481
0.8944120193099481
0.8944120193099481
0.8944120193099481
0.8944120193099481
0.8944120193099481
0.8944120193099481
0.8944120193099481
0.8944120193099481
0.8944120193099481
0.8944120193099481
0.8944120193099481
0.8944120193099481
0.8944120193099481
0.8944120193099481
0.8944120193099481
0.8944120193099481
0.8944120193099481
0.8944120193099481
0.8944120193099481
0.8944120193099481
0.8944120193099481
0.8944120193099481
0.8944120193099481
0.8944120193099481
0.8944120193099481
0.8944120193099481
0.8944120193099481
0.8944120193099481
0.8944120193099481
0.8944120193099481
