0.11428571428571428
0.13333333333333333
0.13333333333333333
0.13333333333333333
0.11428571428571428
0.11428571428571428
0.11428571428571428
0.09523809523809523
0.09523809523809523
0.09523809523809523
0.09523809523809523
0.09523809523809523
0.09523809523809523
0.09523809523809523
0.09523809523809523
0.09523809523809523
0.09523809523809523
0.09523809523809523
0.09523809523809523
0.09523809523809523
0.09523809523809523
0.09523809523809523
0.09523809523809523
0.09523809523809523
0.09523809523809523
0.09523809523809523
0.09523809523809523
0.09523809523809523
0.09523809523809523
0.09523809523809523
0.09523809523809523
0.09523809523809523
0.09523809523809523
0.09523809523809523
0.09523809523809523
0.09523809523809523
0.09523809523809523
0.09523809523809523
0.09523809523809523
0.09523809523809523
0.09523809523809523
0.09523809523809523
0.09523809523809523
0.09523809523809523
0.09523809523809523
0.09523809523809523
0.09523809523809523
0.09523809523809523
0.09523809523809523
0.09523809523809523
