0.17173524150268335
0.15026833631484796
0.15026833631484796
0.15026833631484796
0.14311270125223613
0.14311270125223613
0.14311270125223613
0.14311270125223613
0.14311270125223613
0.14311270125223613
0.14311270125223613
0.14311270125223613
0.14311270125223613
0.14311270125223613
0.14311270125223613
0.14311270125223613
0.14311270125223613
0.14311270125223613
0.14311270125223613
0.14311270125223613
0.14311270125223613
0.14311270125223613
0.14311270125223613
0.14311270125223613
0.14311270125223613
0.14311270125223613
0.14311270125223613
0.14311270125223613
0.14311270125223613
0.14311270125223613
0.14311270125223613
0.14311270125223613
0.14311270125223613
0.14311270125223613
0.14311270125223613
0.14311270125223613
0.14311270125223613
0.14311270125223613
0.14311270125223613
0.14311270125223613
0.14311270125223613
0.14311270125223613
0.14311270125223613
0.14311270125223613
0.14311270125223613
0.14311270125223613
0.14311270125223613
0.14311270125223613
0.14311270125223613
0.14311270125223613
