0.18285714285714286
0.14857142857142858
0.14857142857142858
0.14857142857142858
0.13714285714285715
0.13714285714285715
0.13714285714285715
0.13714285714285715
0.13714285714285715
0.13714285714285715
0.13714285714285715
0.13714285714285715
0.13714285714285715
0.13714285714285715
0.13714285714285715
0.13714285714285715
0.13714285714285715
0.13714285714285715
0.13714285714285715
0.13714285714285715
0.13714285714285715
0.13714285714285715
0.13714285714285715
0.13714285714285715
0.13714285714285715
0.13714285714285715
0.13714285714285715
0.13714285714285715
0.13714285714285715
0.13714285714285715
0.13714285714285715
0.13714285714285715
0.13714285714285715
0.13714285714285715
0.13714285714285715
0.13714285714285715
0.13714285714285715
0.13714285714285715
0.13714285714285715
0.13714285714285715
0.13714285714285715
0.13714285714285715
0.13714285714285715
0.13714285714285715
0.13714285714285715
0.13714285714285715
0.13714285714285715
0.13714285714285715
0.13714285714285715
0.13714285714285715
