0.1241600383216729
0.09868676744562227
0.09021389619248729
0.08600436767558113
0.08352492415430503
0.08186008940145426
0.08063677823384074
0.07968710699594651
0.07892439315100723
0.07829721875464442
0.0777717563738992
0.07732428370318785
0.07693749906753224
0.07659842745259339
0.07629712707548422
0.07602586134317126
0.0757785556666886
0.07555042851687016
0.0753377282386504
0.07513753467309849
0.07494760201491096
0.07476622968398743
0.07459215384662224
0.07442445541107794
0.0742624820105441
0.0741057823524715
0.0739540517288619
0.07380708764873437
0.07366475458745941
0.0735269568211794
0.07339361827710403
0.07326466831295292
0.0731400323569112
0.07301962639651896
0.07290335439574724
0.07279110783419065
0.07268276668943516
0.07257820131267509
0.07247727477010918
0.07237984533267446
0.07228576889101637
0.07219490115004
0.07210709951840848
0.0720222246544492
0.07194014166315738
0.07186072096164188
0.07178383884464822
0.07170937778972088
0.07163722654482921
0.07156728004125827
0.07149943917234737
0.0714336104750504
0.07136970574691422
0.07130764162634
0.07124733915922452
0.07118872337048139
0.071131722854649
0.07107626939591548
0.07102229762445467
0.07096974471303784
0.07091855011543159
0.07086865534613541
0.07082000379949185
0.07077254060511891
0.0707262125158813
0.07068096782421326
0.07063675630246292
0.07059352916299005
0.07055123903397058
0.07050983994719434
0.07046928733454053
0.07042953803025485
0.07039055027659097
0.07035228373081319
0.0703146994719557
0.07027776000610222
0.0702414292692656
0.07020567262723124
0.07017045687194978
0.07013575021426842
0.07010152227292986
0.07006774405989584
0.07003438796213853
0.07000142772010941
0.06996883840313528
0.06993659638202984
0.06990467929921104
0.06987306603662789
0.06984173668179793
0.06981067249223988
0.06977985585858161
0.06974927026660556
0.06971890025847391
0.06968873139336304
0.06965875020771288
0.06962894417528727
0.06959930166721397
0.06956981191216485
0.06954046495681887
0.06951125162673143
0.0694821634877285
0.06945319280792266
0.06942433252044138
0.06939557618694842
0.06936691796202167
0.06933835255845155
0.06930987521350797
0.06928148165622054
0.06925316807570632
0.0692249310905763
0.06919676771944164
0.06916867535254094
0.069140651724497
0.06911269488821363
0.06908480318991748
0.06905697524533798
0.06902920991702988
0.06900150629282245
0.06897386366539031
0.06894628151292659
0.068918759480906
0.06889129736491556
0.06886389509453233
0.06883655271822202
0.06880927038923602
0.06878204835247449
0.06875488693229087
0.0687277865212002
0.06870074756946705
0.06867377057553217
0.06864685607724834
0.06862000464388726
0.06859321686888549
0.0685664933632875
0.0685398347498571
0.0685132416578131
0.06848671471815852
0.0684602545595658
0.06843386180477956
0.06840753706750623
0.06838128094975256
0.06835509403958119
0.06832897690924947
0.0683029301136995
0.06827695418937019
0.06825104965329934
0.06822521700249
0.06819945671351045
0.06817376924230634
0.0681481550241958
0.06812261447402886
0.0680971479864858
0.06807175593649609
0.06804643867975754
0.06802119655334019
0.0679960298763557
0.06797093895067938
0.06794592406170968
0.06792098547915387
0.06789612345782775
0.06787133823845808
0.06784663004848171
0.0678219991028289
0.06779744560468798
0.06777296974624163
0.0677485717093707
0.06772425166632204
0.06770000978033418
0.06767584620621961
0.06765176109089935
0.06762775457388923
0.06760382678773591
0.06757997785840136
0.06755620790559523
0.06753251704305563
0.06750890537877667
0.06748537301518669
0.06746192004927269
0.067438546572658
0.06741525267162818
0.0673920384271119
0.06736890391461466
0.06734584920410795
0.0673228743598759
0.06729997944032129
0.06727716449773169
0.06725442957800767
0.06723177472035681
0.0672091999569531
0.06718670531256295
0.06716429080414431
0.06714195644041404
0.06711970222139084
0.06709752813791206
0.0670754341711285
0.06705342029197615
0.06703148646062908
0.06700963262593428
0.06698785872482804
0.06696616468173851
0.06694455040797288
0.06692301580109385
0.06690156074428236
0.06688018510569291
0.06685888873779856
0.06683767147672912
0.06681653314160399
0.06679547353385915
0.06677449243657048
0.06675358961377735
0.06673276480980157
0.06671201774856936
0.06669134813293452
0.06667075564400386
0.06665023994046813
0.06662980065793883
0.06660943740829149
0.06658914977902007
0.06656893733259993
0.0665487996058654
0.06652873610940044
0.06650874632694612
0.06648882971482606
0.06646898570139252
0.06644921368649563
0.06642951304097612
0.06640988310618608
0.06639032319353982
0.0663708325840961
0.06635141052817482
0.06633205624501225
0.06631276892245568
0.06629354771670133
0.06627439175207772
0.06625530012087766
0.06623627188324172
0.0662173060670966
0.0661984016681497
0.0661795576499436
0.06616077294397436
0.06614204644987368
0.06612337703565906
0.06610476353805483
0.06608620476288486
0.06606769948553953
0.06604924645152006
0.06603084437705858
0.06601249194982013
0.0659941878296825
0.0659759306495984
0.06595771901653867
0.0659395515125174
0.06592142669569781
0.06590334310157982
0.06588529924426538
0.06586729361780443
0.06584932469761512
0.06583139094197896
0.06581349079360697
0.06579562268127508
0.06577778502152226
0.06575997622041108
0.06574219467534348
0.06572443877692871
0.06570670691089786
0.06568899746005837
0.06567130880628515
0.06565363933254002
0.06563598742491465
0.06561835147468846
0.06560072988039801
0.06558312104990842
0.06556552340247958
0.06554793537082254
0.06553035540313658
0.06551278196512197
0.0654952135419593
0.06547764864025013
0.06546008578991257
0.06544252354602346
0.06542496049060231
0.06540739523433078
0.06538982641820244
0.06537225271509574
0.06535467283126777
0.06533708550776197
0.06531948952172728
0.0653018836876445
0.06528426685845554
0.06526663792659464
0.06524899582491894
0.06523133952753467
0.06521366805052035
0.0651959804525444
0.06517827583537776
0.06516055334430051
0.06514281216840451
0.06512505154079311
0.06510727073867688
0.0650894690833706
0.06507164594019182
0.06505380071826426
0.06503593287022795
0.06501804189186097
0.06500012732161609
0.06498218874007301
0.06496422576931644
0.06494623807223719
0.06492822535176608
0.06491018735004075
0.06489212384751522
0.06487403466201093
0.06485591964771882
0.06483777869415389
0.06481961172506859
0.06480141869733022
0.06478319959976517
0.06476495445197619
0.06474668330313621
0.0647283862307634
0.06471006333948263
0.06469171475977557
0.06467334064672525
0.06465494117875757
0.06463651655638453
0.06461806700095196
0.06459959275339518
0.06458109407300558
0.06456257123621204
0.06454402453537861
0.06452545427762117
0.0645068607836469
0.06448824438661678
0.06446960543103476
0.06445094427166399
0.06443226127247279
0.06441355680561178
0.06439483125042203
0.06437608499247822
0.06435731842266407
0.06433853193628374
0.06431972593220887
0.06430090081206226
0.06428205697943665
0.06426319483915105
0.06424431479654485
0.06422541725680701
0.0642065026243441
0.06418757130218347
0.0641686236914129
0.06414966019065756
0.06413068119559058
0.06411168709848047
0.06409267828777163
0.06407365514769936
0.06405461805793693
0.06403556739327693
0.06401650352334158
0.06399742681232552
0.0639783376187676
0.06395923629535138
0.06394012318873427
0.06392099863940169
0.06390186298154991
0.06388271654299121
0.06386355964508397
0.06384439260268558
0.06382521572412744
0.06380602931120899
0.06378683365921389
0.06376762905694269
0.06374841578676374
0.06372919412468102
0.063709964340416
0.06369072669750689
0.06367148145341607
0.06365222885965573
0.06363296916192084
0.06361370260023333
0.0635944294090971
0.0635751498176589
0.06355586404987874
0.06353657232470666
0.06351727485626334
0.06349797185402857
0.06347866352302967
0.06345935006403743
0.06344003167376049
0.06342070854504366
0.06340138086706638
0.0633820488255407
0.06336271260290982
0.06334337237854429
0.06332402832893669
0.06330468062789459
0.0632853294467291
0.0632659749544415
0.06324661731790426
0.06322725670203944
0.06320789326999006
0.06318852718328806
0.0631691586020158
0.0631497876849616
0.06313041458976917
0.06311103947308103
0.0630916624906741
0.06307228379758983
0.06305290354825588
0.06303352189660241
0.06301413899616876
0.06299475500020545
0.06297537006176622
0.06295598433379504
0.06293659796920426
0.06291721112094609
0.0628978239420769
0.06287843658581355
0.06285904920558391
0.06283966195507008
0.0628202749882437
0.06280088845939678
0.06278150252316453
0.06276211733454247
0.06274273304889758
0.06272334982197315
0.06270396780988992
0.06268458716913927
0.0626652080565728
0.06264583062938754
0.0626264550451061
0.06260708146155183
0.06258771003682112
0.06256834092925141
0.06254897429738504
0.06252961029993201
0.0625102490957266
0.06249089084368437
0.06247153570275475
0.06245218383187231
0.06243283538990457
0.062413490535601135
0.0623941494275384
0.06237481222406365
0.06235547908323927
0.06233615016278475
0.06231682562001924
0.062297505611801716
0.06227819029447324
0.062258879823797096
0.06223957435490073
0.06222027404221585
0.062200979039420505
0.06218168949938117
0.062162405574094574
0.06214312741463158
0.062123855171080974
0.062104588992494034
0.062085329026831046
0.06206607542090723
0.06204682832034209
0.06202758786950714
0.06200835421147754
0.06198912748798332
0.0619699078393622
0.06195069540451491
0.06193149032085989
0.06191229272429098
0.06189310274913677
0.06187392052811927
0.061854746192316776
0.061835579871126416
0.061816421692228216
0.06179727178155121
0.06177813026324163
0.06175899725963001
0.061739872891202814
0.061720757276573404
0.06170165053245519
0.061682552773635935
0.06166346411295318
0.06164438466127141
0.06162531452746074
0.06160625381837562
0.06158720263883657
0.06156816109161149
0.06154912927739928
0.06153010729481432
0.061511095240371495
0.06149209320847319
0.06147310129139751
0.06145411957928602
0.06143514816013499
0.06141618711978477
0.061397236541912974
0.06137829650802674
0.06135936709745617
0.06134044838735045
0.06132154045267199
0.061302643366194016
0.061283757198497324
