0.8289311314735726
0.6360605997436143
0.43057481479516124
0.2919819847783036
0.21842893578142408
0.17897821260517463
0.1558867060374808
0.14113727348297506
0.1310200481062833
0.12368353473767578
0.11812892802402476
0.11377891650575368
0.1102796065069964
0.10740304262148634
0.10499613423876519
0.10295237366511761
0.10119539809987353
0.0996690232365737
0.0983309737222203
0.09714881002018706
0.09609720632543202
0.09515608547124012
0.09430931245051327
0.09354376098906636
0.092848634696991
0.09221496535454173
0.09163523662638884
0.09110309801666633
0.09061314470123538
0.09016074610073238
0.08974191096664408
0.08935318013893498
0.08899154050332192
0.08865435535626941
0.08833930759138221
0.08804435299585923
0.08776768158743507
0.08750768539766753
0.08726293146295627
0.08703213905293307
0.08681416037003033
0.08660796411067469
0.08641262139970933
0.08622729370404549
0.08605122240565048
0.0858837197725462
0.08572416111309471
0.0855719779361849
0.08542665196999595
0.08528770991640024
0.08515471883793631
0.08502728209055951
0.08490503572879382
0.08478764532099915
0.08467480312169855
0.08456622555560624
0.08446165097446512
0.08436083765322229
0.08426356199668011
0.08416961693163581
0.08407881046284549
0.08399096437396358
0.08390591305703263
0.08382350245616534
0.0837435891128558
0.08366603930188063
0.08359072824810145
0.08351753941562043
0.08344636386174593
0.08337709964910765
0.08330965131000796
0.08324392935777807
0.08317984984047584
0.08311733393278747
0.08305630756243594
0.08299670106780113
0.08293844888380385
0.08288148925341343
0.08282576396241693
0.08277121809532392
0.08271779981050219
0.08266546013282454
0.08261415276228161
0.08256383389716547
0.08251446207056483
0.08246599799903047
0.08241840444238238
0.08237164607372391
0.0823256893588164
0.08228050244404249
0.08223605505226222
0.08219231838592454
0.08214926503685516
0.08210686890219299
0.0820651051059923
0.08202394992605438
0.08198338072558095
0.08194337588928784
0.08190391476363708
0.08186497760088333
0.08182654550664605
0.08178860039075596
0.081751124921128
0.08171410248044829
0.08167751712547175
0.0816413535487431
0.08160559704257132
0.08157023346510157
0.0815352492083359
0.08150063116797307
0.08146636671493816
0.08143244366849285
0.08139885027081832
0.08136557516297106
0.08133260736212658
0.08129993624002191
0.08126755150252245
0.08123544317024058
0.08120360156014188
0.08117201726807292
0.0811406811521601
0.08110958431702274
0.0810787180987516
0.08104807405061235
0.08101764392942798
0.0809874196826049
0.08095739343576597
0.08092755748095941
0.08089790426541353
0.0808684263808104
0.08083911655305312
0.08080996763250492
0.08078097258467976
0.08075212448136554
0.08072341649216608
0.08069484187644142
0.08066639397564161
0.08063806620601616
0.08060985205169559
0.08058174505813026
0.08055373882588784
0.08052582700479799
0.0804980032884446
0.08047026140900214
0.08044259513241443
0.08041499825391722
0.08038746459390499
0.08035998799414418
0.08033256231433847
0.08030518142904658
0.08027783922496076
0.08025052959855235
0.08022324645408703
0.08019598370202187
0.08016873525778838
0.08014149504097229
0.08011425697489477
0.0800870149866079
0.08005976300730862
0.08003249497318186
0.08000520482668078
0.07997788651824841
0.07995053400849206
0.07992314127081133
0.07989570229448749
0.07986821108823683
0.07984066168422858
0.07981304814256994
0.0797853645562531
0.07975760505656372
0.07972976381894205
0.07970183506929067
0.07967381309071392
0.0796456922306781
0.07961746690857291
0.07958913162365643
0.07956068096335593
0.07953210961190309
0.0795034123592683
0.07947458411036513
0.07944561989448416
0.07941651487492132
0.07938726435875217
0.0793578638067122
0.07932830884313058
0.07929859526586931
0.0792687190562147
0.07923867638866533
0.07920846364056415
0.07917807740151638
0.07914751448253626
0.0791167719248693
0.07908584700843035
0.07905473725980774
0.07902344045977734
0.07899195465027843
0.07896027814080447
0.07892840951416469
0.07889634763157524
0.07886409163704852
0.07883164096104396
0.0787989953233623
0.07876615473525506
0.07873311950074133
0.07869989021711836
0.07866646777466547
0.07863285335554265
0.07859904843189167
0.07856505476315528
0.07853087439263122
0.0784965096432883
0.07846196311286793
0.07842723766831093
0.07839233643954072
0.0783572628126453
0.0783220204225006
0.07828661314488096
0.07825104508810111
0.0782153205842397
0.07817944417999334
0.07814342062720675
0.07810725487313172
0.07807095205045753
0.07803451746716254
0.0779979565962313
0.07796127506527617
0.07792447864610942
0.07788757324429862
0.07785056488874487
0.0778134597213109
0.07777626398653478
0.07773898402145199
0.07770162624555056
0.07766419715087916
0.07762670329232935
0.07758915127810272
0.07755154776038123
0.07751389942620487
0.07747621298857162
0.07743849517776076
0.07740075273288544
0.0773629923936796
0.07732522089251659
0.07728744494666435
0.07724967125077035
0.07721190646958104
0.07717415723088931
0.0771364301187096
0.07709873166667394
0.07706106835165195
0.07702344658758561
0.07698587271953886
0.07694835301795924
0.0769108936731475
0.07687350078993438
0.07683618038256147
0.07679893836976692
0.07676178057007087
0.0767247126972677
0.07668774035611597
0.07665086903823336
0.07661410411819583
0.07657745084984102
0.07654091436277952
0.07650449965911467
0.07646821161037365
0.07643205495465422
0.0763960342939849
0.07636015409190892
0.07632441867128546
0.07628883221231926
0.07625339875081505
0.07621812217666124
0.07618300623254586
0.07614805451290363
0.07611327046309617
0.07607865737882713
0.07604421840579
0.07600995653954941
0.07597587462565343
0.07594197535997595
0.07590826128928563
0.0758747348120368
0.07584139817938171
0.0758082534963932
0.07577530272349925
0.0757425476781158
0.07570999003647516
0.07567763133564205
0.0756454729757052
0.07561351622214017
0.07558176220832977
0.07555021193823494
0.07551886628920297
0.07548772601490461
0.07545679174838729
0.07542606400523326
0.07539554318681277
0.07536522958361687
0.07533512337866369
0.07530522465096162
0.07527553337902085
0.07524604944440084
0.07521677263528448
0.07518770265006504
0.07515883910093929
0.07513018151749488
0.07510172935028259
0.07507348197436581
0.07504543869283649
0.07501759874029378
0.07498996128627239
0.07496252543861996
0.07493529024681266
0.07490825470520662
0.07488141775621769
0.07485477829342768
0.07482833516461093
0.07480208717468001
0.07477603308854637
0.0747501716338945
0.07472450150386695
0.07469902135966155
0.07467372983303575
0.0746486255287215
0.07462370702674914
0.07459897288467984
0.0745744216397487
0.07455005181091942
0.0745258619008487
0.07450185039776715
0.0744780157772723
0.07445435650404163
0.07443087103346108
0.07440755781317672
0.0743844152845684
0.07436144188414917
0.07433863604489083
0.0743159961974817
0.07429352077151423
0.07427120819660822
0.0742490569034713
0.07422706532489812
0.07420523189671142
0.07418355505864749
0.07416203325518755
0.07414066493633734
0.07411944855835843
0.07409838258445127
0.0740774654853944
0.07405669574013916
0.07403607183636478
0.07401559227099354
0.07399525555066802
0.07397506019219482
0.07395500472295125
0.07393508768126353
0.07391530761675065
0.07389566309064165
0.07387615267606377
0.0738567749583055
0.07383752853505322
0.0738184120166057
0.07379942402606404
0.07378056319950294
0.073761828186119
0.07374321764836247
0.07372473026204865
0.07370636471645363
0.07368811971439314
0.07366999397228674
0.07365198622020652
0.07363409520191345
0.07361631967487937
0.0735986584102985
0.07358111019308636
0.07356367382186788
0.07354634810895745
0.0735291318803256
0.07351202397556152
0.0734950232478233
0.07347812856378276
0.07346133880356223
0.07344465286066452
0.07342806964189627
0.07341158806728715
0.07339520707000115
0.07337892559624402
0.07336274260516731
0.07334665706876568
0.07333066797177236
0.0733147743115496
0.07329897509797677
0.07328326935333507
0.07326765611219001
0.07325213442126995
0.07323670333934554
0.07322136193710314
0.07320610929702001
0.07319094451323663
0.0731758666914277
0.07316087494867192
0.07314596841332176
0.07313114622487096
0.07311640753382422
0.07310175150156246
0.07308717730021155
0.07307268411250945
0.07305827113167257
0.07304393756126411
0.07302968261506022
0.07301550551691943
0.07300140550064976
0.07298738180987825
0.07297343369792002
0.07295956042764887
0.07294576127136827
0.07293203551068286
0.07291838243637101
0.07290480134825954
0.07289129155509702
0.07287785237443056
0.0728644831324827
0.07285118316402828
0.07283795181227538
0.07282478842874478
0.07281169237315151
0.0727986630132884
0.07278569972491006
0.07277280189161857
0.07275996890475013
0.07274720016326415
0.07273449507363189
0.0727218530497281
0.07270927351272366
0.07269675589097858
0.07268429961993793
0.07267190414202841
0.07265956890655574
0.07264729336960488
0.07263507699394044
0.07262291924890837
0.07261081961034081
0.07259877756045995
0.07258679258778455
0.07257486418703805
0.07256299185905789
0.0725511751107047
0.07253941345477549
0.0725277064099159
0.07251605350053482
0.07250445425672034
0.0724929082141564
0.07248141491404135
0.07246997390300754
0.07245858473304202
0.07244724696140874
0.07243596015057144
0.07242472386811878
0.07241353768668987
0.07240240118390036
0.07239131394227154
0.07238027554915942
0.07236928559668422
0.07235834368166273
0.07234744940554001
0.0723366023743239
0.07232580219851904
0.07231504849306346
0.07230434087726398
0.07229367897473538
0.07228306241333889
0.07227249082512126
0.0722619638462566
0.07225148111698769
0.07224104228156834
0.07223064698820782
0.07222029488901452
0.07220998563994223
0.07219971890073583
0.07218949433487921
0.07217931160954232
0.07216917039553108
0.07215907036723658
0.07214901120258586
0.072138992582993
0.07212901419331173
0.07211907572178754
0.07210917686001256
0.07209931730287883
0.07208949674853403
0.07207971489833709
0.07206997145681526
0.07206026613162098
0.07205059863348971
0.07204096867619918
0.07203137597652785
0.07202182025421533
0.07201230123192368
0.07200281863519702
