0.7238790246595652
0.6289266328986983
0.5625755576025492
0.519069370453934
0.48962492521276507
0.4683403198269645
0.451785347792234
0.43801095644413157
0.4258868843907668
0.4147371699246997
0.4041459555340676
0.3938520654862347
0.3836897120619777
0.37355386589396805
0.3633793961344156
0.3531282936409268
0.34278184817965063
0.33233591320698447
0.3217980504627046
0.3111857358551868
0.3005250690465803
0.2898496167667105
0.27919916113640314
0.2686182368764445
0.2581544350650744
0.24785652775915315
0.23777252351571254
0.2279477937766768
0.21842341212094749
0.20923482519239775
0.20041093287288514
0.19197360587765525
0.18393762142100553
0.17631095976209382
0.16909538060468787
0.16228718914335646
0.1558781048317379
0.14985615793652993
0.14420655554743128
0.13891247641947635
0.133955770325754
0.1293175510712677
0.12497868244397395
0.12092016326900779
0.11712342185796586
0.11357053212108602
0.11024436404957409
0.10712868071102959
0.10420819275378275
0.10146857999332712
0.09889648816432338
0.09647950749483708
0.09420613846772043
0.09206574900972618
0.0900485263986933
0.0881454263943494
0.08634812146229787
0.08464894945367019
0.08304086370443332
0.08151738520946294
0.08007255729031794
0.0787009029976647
0.07739738535733068
0.07615737047300386
0.07497659343053528
0.07385112690212255
0.07277735231821597
0.07175193345671597
0.07077179228975464
0.06983408692561573
0.06893619148525605
0.06807567775798995
0.06725029848811426
0.06645797215274865
0.06569676910035809
0.06496489892886088
0.06426069899161108
0.06358262392864954
0.0629292361293192
0.06229919704053873
0.06169125924268322
0.06110425922211701
0.060537110775957914
0.0599887989906427
0.05945837474134098
0.058944949664249825
0.0584476915583363
0.057965820177207736
0.057498603375520284
0.05704535357770804
0.05660542453987145
0.0561782083784244
0.055763132841592476
0.05535965880211264
0.05496727795151917
0.054585510678243486
0.054213904113414396
0.053852030329750514
0.053499484680291705
0.05315588426494189
0.0528208665139051
0.052494087878097104
0.052175222617520535
0.05186396167941096
0.05156001165870111
0.05126309383402276
0.0509729432730697
0.05068930800169759
0.05041194823163193
0.05014063564210847
0.049875152711176984
0.04961529209277179
0.04936085603598853
0.04911165584331131
0.04886751136481241
0.048628250525598195
0.04839370888400421
0.04816372921824982
0.04793816113945425
0.04771686072908503
0.04749969019907037
0.04728651757294845
0.047077216386556375
0.04687166540688344
0.04666974836781812
0.0464713537216223
0.046276374405052584
0.04608470761913467
0.04589625462167155
0.045710920531636466
0.04552861414466436
0.0453492477589164
0.04517273701064289
0.044999000718821944
0.04482796073829506
0.04465954182086307
0.044493671483844595
0.04433027988563305
0.044169299707824336
0.044010666043511844
0.04385431629137902
0.04370019005524158
0.043548229048716136
0.04339837700471405
0.04325057958947947
0.04310478432090991
0.04296094049091256
0.04281899909156924
0.0426789127448952
0.042540635635990864
0.042404123449400304
0.04226933330849999
0.042136223717753045
0.04200475450767609
0.041874886782372694
0.04174658286949759
0.04161980627252546
0.0414945216252025
0.04137069464807
0.041248292106952016
0.0411272817733094
0.04100763238636382
0.040889313616905815
0.040772296032701355
0.040656551065419114
0.040542050979004124
0.040428768839427295
0.04031667848574468
0.04020575450240408
0.04009597219273907
0.03998730755359488
0.03987973725103298
0.03977323859706381
0.039667789527359956
0.039563368579904994
0.0394599548745345
0.039357528093329014
0.03925606846181997
0.03915555673097221
0.03905597415990732
0.038957302499335905
0.03885952397566611
0.03876262127575855
0.038666577532299407
0.03857137630976434
0.038477001590946365
0.03838343776402437
0.038290669610147356
0.03819868229151243
0.03810746133991518
0.038016992645751486
0.03792726244745105
0.037838257321324925
0.037749964171807336
0.03766237022207657
0.03757546300503723
0.03748923035464855
0.03740366039758407
0.03731874154520832
0.03723446248585597
0.03715081217740148
0.03706777984010594
0.03698535494972895
0.03690352723089488
0.03682228665070109
0.036741623412558766
0.03666152795025569
0.036581990922230884
0.036503003206052625
0.03642455589309002
0.03634664028337041
0.03626924788061354
0.036192370387435335
0.0361159997007134
0.036040127907107214
0.0359647472787254
0.035889850268935215
0.03581542950830502
0.035741477800676845
0.03566798811936067
0.0355949536034462
0.03552236755422651
0.035450223431728024
0.03537851485134253
0.035307235580556116
0.03523637953577058
0.035165940779213235
0.035095913515930936
0.03502629209086401
0.03495707098599709
0.03488824481758261
0.03481980833343391
0.03475175641028444
0.03468408405121031
0.034616786383112934
0.034549858654258775
0.034483296231874544
0.03441709459979341
0.03435124935615211
0.034285756211134444
0.034220610984760896
0.0341558096047208
0.03409134810424611
0.03402722262002427
0.033963429390149014
0.03389996475210684
0.03383682514079832
0.033774007086591964
0.03371150721340977
0.033649322236843436
0.03358744896229937
0.03352588428317174
0.033464625179042314
0.03340366871390671
0.03334301203442517
0.033282652368197906
0.033222587022063634
0.03316281338042102
0.033103328903572225
0.0330441311260873
0.03298521765519054
0.0329265861691663
0.03286823441578531
0.03281016021075047
0.03275236143616156
0.032694836038999336
0.032637582029627805
0.032580597480315214
0.03252388052377287
0.03246742935171263
0.032411242213421246
0.03235531741435366
0.032299653314742945
0.03224424832822879
0.032189100920502776
0.032134209607971836
0.032079572956439345
0.03202518957980336
0.03197105813877308
0.03191717733960283
0.03186354593284387
0.03181016271211437
0.03175702651288702
0.03170413621129532
0.03165149072295743
0.03159908900181924
0.03154693003901516
0.03149501286174806
0.031443336532187977
0.03139190014638936
0.03134070283322775
0.03128974375335556
0.03123902209817693
0.0311885370888425
0.03113828797526316
0.03108827403514407
0.031038494573038086
0.030988948919419147
0.030939636429775853
0.03089055648372505
0.030841708484145254
0.03079309185633084
0.030744706047166205
0.030696550524320097
0.030648624775460796
0.030600928307490925
0.030553460645803412
0.03050622133355731
0.030459209930973764
0.030412426014653014
0.030365869176910677
0.030319539025134713
0.030273435181162302
0.030227557280676554
0.03018190497262306
0.030136477918646137
0.030091275792544087
0.03004629827974452
0.030001545076797864
0.02995701589089043
0.029912710439375642
0.02986862844932362
0.029824769657088808
0.02978113380789587
0.029737720655441908
0.029694529961516884
0.029651561495640258
0.029608815034713742
0.029566290362690498
0.0295239872702598
0.029481905554546516
0.02944004501882559
0.029398405472250647
0.02935698672959643
0.029315788611014405
0.02927481094180136
0.029234053552179777
0.029193516277090697
0.029153198955997165
0.029113101432698567
0.02907322355515513
0.029033565175321765
0.028994126148991106
0.028954906335644615
0.02891590559831186
0.028877123803436728
0.02883856082075015
0.028800216523148996
0.028762090786580596
0.02872418348993135
0.028686494514920304
0.028649023745995865
0.028611771070235548
0.028574736377248288
0.028537919559078525
0.028501320510111297
0.028464939126978468
0.028428775308464528
0.02839282895541233
0.028357099970627776
0.02832158825878294
0.028286293726317028
0.028251216281335326
0.02821635583350449
0.02818171229394504
0.028147285575119516
0.02811307559071673
0.028079082255530886
0.028045305485336156
0.02801174519675541
0.027978401307123434
0.027945273734344144
0.027912362396741566
0.027879667212903813
0.027847188101521158
0.027814924981216287
0.027782877770368024
0.02775104638692771
0.027719430748228004
0.02768803077078468
0.02765684637009073
0.02762587746040292
0.027595123954521423
0.027564585763561352
0.02753426279671768
0.02750415496102252
0.02747426216109563
0.02744458429888773
0.027415121273417463
0.027385872980501796
0.02735683931248
0.027328020157931912
0.02729941540139047
0.02727102492304887
0.027242848598462897
0.02721488629824828
0.027187137887774333
0.027159603226853162
0.027132282169425995
0.027105174563246192
0.02707828024955977
0.02705159906278394
0.027025130830183902
0.02699887537154874
0.026972832498866374
0.026947002015998752
0.026921383718357016
0.026895977392577812
0.026870782816201016
0.02684579975734883
0.026821027974408086
0.026796467215714808
0.026772117219242355
0.026747977712293456
0.02672404841119669
0.026700329021007586
0.026676819235215282
0.0266535187354547
0.026630427191225287
0.026607544259615847
0.026584869585037
0.02656240279896071
0.026540143519667728
0.026518091352003344
0.026496245887141747
0.026474606702358947
0.02645317336081508
0.026431945411346403
0.02641092238826679
0.026390103811179177
0.02636948918479774
0.026349077998779686
0.02632886972756881
0.026308863830248764
0.026289059750408156
0.026269456916016266
0.026250054739310247
0.02623085261669343
0.026211849928645028
0.026193046039641718
0.02617444029809001
0.02615603203627047
0.026137820570293485
0.02611980520006637
0.026101985209271886
0.026084359865357787
0.02606692841953886
0.026049690106808403
0.026032644145962455
0.02601578973963374
0.02599912607433765
0.025982652320527735
0.02596636763266311
0.025950271149284915
0.025934361993104126
0.025918639271098682
0.02590310207462113
0.025887749479515373
0.025872580546243234
0.025857594320020025
0.02584278983095939
0.025828166094226775
0.025813722110201665
0.0257994568646478
0.025785369328891854
0.025771458460009875
0.025757723201020922
0.025744162481088847
0.025730775215730195
0.025717560307030048
0.02570451664386315
0.02569164310212268
0.025678938544954146
0.0256664018229953
0.025654031774622176
0.02564182722619944
0.025629786992336513
0.02561790987614843
0.025606194669520674
0.025594640153379082
0.02558324509796288
0.025572008263102648
0.025560928398500347
0.025550004244014053
0.02553923452994488
0.02552861797732683
0.025518153298219895
0.025507839196004103
0.0254976743656772
0.02548765749415339
0.02547778726056383
0.025468062336558586
0.025458481386610245
0.025449043068318047
0.025439746032712856
0.02543058892456313
0.025421570382680968
0.02541268904022885
0.025403943525025657
0.02539533245985333
