0.9138193677823004
0.892238430928001
0.8806776204987957
0.8612235448719161
0.8265096865941112
0.7797101379159408
0.7261119183582144
0.6725649448471331
0.6255860926963906
0.5881628633537465
0.5598039885292077
0.5385993450884405
0.5226291835743571
0.5104038549086256
0.5008646468223897
0.4932782312238014
0.48713639127202746
0.4820827285284107
0.4778631932480383
0.4742934601257743
0.47123742055769885
0.46859286466771594
0.46628181379182976
0.46424388875532796
0.46243168647660365
0.4608075052631954
0.45934098992527433
0.45800741386698596
0.45678640886916533
0.4556610140416332
0.45461695546241604
0.45364209478583717
0.45272600324523304
0.45185962994166395
0.45103504198160377
0.45024522012581153
0.4494838979400676
0.4487454355289557
0.44802472114531144
0.44731709554651866
0.4466182950873224
0.4459244103222238
0.44523185743241417
0.4445373601646212
0.44383794022846007
0.4431309142880183
0.44241389583375296
0.441684800352122
0.4409418523320448
0.4401835927600139
0.4394088858554135
0.4386169238809485
0.4378072289336825
0.43697965069583333
0.4361343592301115
0.43527183207849257
0.4343928351975283
0.4334983976487256
0.43258978043730495
0.4316684403999761
0.43073599050187633
0.42979415823291767
0.4288447439358276
0.4278895808333815
0.4269304982746416
0.4259692893458086
0.4250076835609977
0.424047324927967
0.42308975532250037
0.42213640282962395
0.4211885745265337
0.4202474530829594
0.41931409652344936
0.41838944051425536
0.41747430258776635
0.4165693877857137
0.4156752952780086
0.4147925255898603
0.4139214881411029
0.4130625088658268
0.41221583773614784
0.41138165606108557
0.4105600834701918
0.40975118452264747
0.4089549749067635
0.4081714272132691
0.4074004762793591
0.4066420241101698
0.40589594439095433
0.405162086607493
0.40444027979478403
0.403730335935306
0.40303205302853684
0.40234521785321925
0.4016696084433198
0.40100499629789005
0.4003511483441769
0.3997078286724693
0.39907480006028606
0.3984518253026631
0.397838668364481
0.3972350953699886
0.39664087544390775
0.3960557814177574
0.39547959041431724
0.3949120843223963
0.39435305017338174
0.3938022804302999
0.39325957319943194
0.39272473237380173
0.39219756771716985
0.3916778948964845
0.39116553547006316
0.39066031683814983
0.3901620721618555
0.3896706402559122
0.38918586546008804
0.38870759749359923
0.388235691296343
0.38777000686031626
0.3873104090541601
0.38685676744336833
0.3864089561083512
0.38596685346220283
0.38553034206974285
0.385099308469127
0.38467364299709345
0.38425323961869695
0.3838379957622079
0.3834278121596832
0.38302259269358674
0.3826222442497058
0.38222667657652387
0.3818358021511008
0.38144953605146403
0.38106779583543104
0.3806905014257501
0.3803175750013989
0.3799489408948533
0.37958452549510746
0.3792242571562223
0.378868066111151
0.37851588439059924
0.3781676457466571
0.37782328558095646
0.37748274087709494
0.3771459501370831
0.3768128533215701
0.37648339179361745
0.3761575082657917
0.37583514675035967
0.3755162525123853
0.37520077202552815
0.37488865293035445
0.37457984399499483
0.3742742950779761
0.373971957093074
0.3736727819760452
0.3733767226530986
0.37308373301098435
0.37279376786857993
0.3725067829498643
0.3722227348581857
0.371941581051717
0.37166327982002695
0.3713877902616768
0.37111507226277496
0.37084508647641945
0.37057779430296744
0.37031315787107655
0.37005114001945943
0.3697917042793154
0.3695348148573828
0.3692804366195815
0.36902853507520206
0.368779076361617
0.36853202722947276
0.36828735502834387
0.36804502769281955
0.3678050137290005
0.3675672822013842
0.3673318027201208
0.36709854542862136
0.36686748099150307
0.3666385805828539
0.366411815874809
0.36618715902642013
0.3659645826728126
0.3657440599146141
0.3655255643076502
0.3653090698528972
0.36509455098668053
0.36488198257111565
0.36467133988478345
0.36446259861362945
0.364255734842089
0.3640507250444244
0.3638475460762718
0.36364617516639747
0.36344658990864853
0.3632487682541032
0.3630526885034106
0.36285832929931733
0.36266566961937785
0.36247468876884337
0.3622853663737247
0.36209768237402895
0.3619116170171606
0.36172715085148954
0.36154426472007894
0.3613629397545698
0.36118315736922135
0.36100489925509766
0.360828147374408
0.36065288395498657
0.3604790914849135
0.3603067527072779
0.3601358506150693
0.3599663684462066
0.3597982896786918
0.35963159802589195
0.3594662774319409
0.3593023120672637
0.3591396863242156
0.3589783848128371
0.3588183923567174
0.3586596939889686
0.3585022749483034
0.3583461206752178
0.35819121680827093
0.3580375491804651
0.357885103815718
0.35773386692543013
0.35758382490513807
0.35743496433125815
0.35728727195791327
0.35714073471384106
0.3569953396993845
0.35685107418355705
0.3567079256011851
0.35656588155012225
0.3564249297885352
0.35628505823225737
0.3561462549522094
0.3560085081718861
0.35587180626490106
0.3557361377525976
0.3556014913017128
0.35546785572210404
0.35533521996452483
0.3552035731184585
0.3550729044099993
0.3549432031997874
0.3548144589809881
0.35468666137732136
0.3545598001411331
0.3544338651515127
0.3543088464124505
0.3541847340510378
0.35406151831570637
0.353939189574503
0.35381773831340607
0.3536971551346712
0.3535774307552198
0.3534585560050519
0.3533405218256971
0.35322331926869455
0.3531069394941041
0.3529913737690455
0.35287661346626514
0.35276265006273266
0.3526494751382603
0.35253708037415254
0.3524254575518734
0.3523145985517461
0.35220449535166903
0.35209514002585646
0.35198652474360215
0.3518786417680633
0.35177148345506204
0.3516650422519123
0.35155931069625984
0.35145428141494595
0.3513499471228853
0.3512463006219627
0.35114333479994964
0.35104104262943125
0.3509394171667549
0.3508384515509929
0.3507381390029181
0.35063847282399596
0.3505394463953936
0.3504410531769982
0.35034328670645126
0.35024614059819686
0.35014960854254223
0.35005368430473
0.34995836172402567
0.34986363471281284
0.3497694972557051
0.349675943408666
0.3495829672981409
0.3494905631202022
0.3493987251397018
0.3493074476894383
0.34921672516932967
0.3491265520456009
0.3490369228499783
0.3489478321788971
0.3488592746927134
0.3487712451149317
0.34868373823143683
0.3485967488897381
0.34851027199822077
0.3484243025254072
0.34833883549922723
0.3482538660062954
0.34816938919119755
0.34808540025578744
0.3480018944584886
0.34791886711360615
0.3478363135906462
0.34775422931364364
0.34767260976049563
0.34759145046230716
0.3475107470027381
0.34743049501736323
0.34735069019303616
0.3472713282672634
0.3471924050275817
0.34711391631094834
0.34703585800313075
0.3469582260381108
0.3468810163974913
0.34680422510991077
0.3467278482504641
0.34665188194013213
0.34657632234521396
0.3465011656767707
0.34642640819007053
0.34635204618404425
0.3462780760007456
0.34620449402481757
0.3461312966829645
0.34605848044343074
0.34598604181548887
0.3459139773489256
0.3458422836335434
0.3457709572986601
0.34569999501261917
0.3456293934823037
0.345559149452657
0.34548925970620803
0.34541972106260244
0.34535053037814095
0.3452816845453202
0.34521318049238253
0.3451450151828665
0.3450771856151698
0.3450096888221091
0.34494252187049107
0.3448756818606874
0.34480916592621275
0.34474297123331077
0.3446770949805428
0.34461153439838205
0.3445462867488153
0.3444813493249446
0.3444167194505978
0.3443523944799432
0.3442883717971062
0.34422464881579545
0.34416122297892826
0.3440980917582648
0.34403525265404516
0.34397270319463014
0.3439104409361487
0.34384846346214626
0.3437867683832424
0.34372535333678744
0.343664215986527
0.3436033540222702
0.3435427651595598
0.34348244713934967
0.3434223977276835
0.3433626147153798
0.3433030959177191
0.34324383917413687
0.3431848423479178
0.34312610332589694
0.3430676200181624
0.3430093903577633
0.34295141230041976
0.3428936838242384
0.34283620292943034
0.3427789676380335
0.34272197599363735
0.3426652260611124
0.3426087159263429
0.3425524436959624
0.3424964074970935
0.34244060547708977
0.342385035803283
0.3423296966627309
0.34227458626197116
0.3422197028267764
0.3421650446019126
0.34211060985090314
0.34205639685579187
0.34200240391691134
0.3419486293526557
0.3418950714992541
0.34184172871054624
0.3417885993577658
0.34173568182931935
0.341682974530576
0.34163047588365236
0.34157818432720777
0.34152609831623415
0.34147421632185676
0.34142253683113005
0.3413710583468429
0.34131977938732133
0.34126869848623653
0.3412178141924138
0.3411671250696469
0.34111662969651046
0.34106632666617775
0.3410162145862419
0.3409662920785362
0.34091655777895896
0.3408670103373006
0.3408176484170724
0.3407684706953369
0.3407194758625428
0.3406706626223605
0.3406220296915177
0.3405735757996428
0.34052529968910467
0.34047720011485777
0.340429275844288
0.3403815256570613
0.3403339483449741
0.3402865427118056
0.3402393075731712
0.34019224175638035
0.34014534410029285
0.34009861345518044
0.3400520486825876
0.3400056486551964
0.3399594122566899
0.3399133383816218
0.339867425935284
0.33982167383357814
0.33977608100288786
0.3397306463799527
0.33968536891174445
0.33964024755534444
0.3395952812778224
0.3395504690561183
0.339505809876923
0.33946130273656383
0.33941694664088895
0.3393727406051544
0.3393286836539129
0.3392847748209036
0.3392410131489439
0.33919739768982127
0.3391539275041889
0.3391106016614598
0.33906741923970496
0.3390243793255517
0.3389814810140825
0.338938723408737
0.33889610562121425
0.3388536267713761
0.3388112859871517
0.338769082404445
0.33872701516704085
0.33868508342651427
0.3386432863421406
0.338601623080806
0.3385600928169194
0.3385186947323273
0.3384774280162265
0.3384362918650805
0.3383952854825373
0.33835440807934514
0.33831365887327297
0.33827303708903056
0.3382325419581877
0.33819217271909885
0.3381519286168239
0.3381118089030545
0.3380718128360364
0.3380319396804982
0.33799218870757697
0.3379525591947469
0.3379130504257469
0.33787366169051236
