0.6190476190476191
0.6952380952380952
0.6952380952380952
0.6952380952380952
0.6952380952380952
0.6952380952380952
0.6952380952380952
0.6952380952380952
0.6952380952380952
0.6952380952380952
0.6952380952380952
0.6952380952380952
0.6952380952380952
0.6952380952380952
0.7142857142857143
0.7142857142857143
0.7142857142857143
0.7142857142857143
0.7238095238095238
0.7333333333333333
0.7523809523809524
0.7619047619047619
0.780952380952381
0.7904761904761904
0.8285714285714286
0.8476190476190476
0.8571428571428571
0.8666666666666667
0.8857142857142857
0.9047619047619048
0.9142857142857143
0.9142857142857143
0.9142857142857143
0.9428571428571428
0.9428571428571428
0.9523809523809523
0.9523809523809523
0.9523809523809523
0.9523809523809523
0.9523809523809523
0.9523809523809523
0.9523809523809523
0.9523809523809523
0.9523809523809523
0.9523809523809523
0.9523809523809523
0.9523809523809523
0.9523809523809523
0.9523809523809523
0.9523809523809523
0.9523809523809523
0.9619047619047619
0.9619047619047619
0.9619047619047619
0.9619047619047619
0.9619047619047619
0.9619047619047619
0.9619047619047619
0.9619047619047619
0.9619047619047619
0.9619047619047619
0.9619047619047619
0.9619047619047619
0.9619047619047619
0.9619047619047619
0.9523809523809523
0.9523809523809523
0.9523809523809523
0.9523809523809523
0.9523809523809523
0.9523809523809523
0.9523809523809523
0.9523809523809523
0.9523809523809523
0.9523809523809523
0.9523809523809523
0.9523809523809523
0.9523809523809523
0.9523809523809523
0.9523809523809523
0.9523809523809523
0.9523809523809523
0.9523809523809523
0.9523809523809523
0.9523809523809523
0.9523809523809523
0.9523809523809523
0.9523809523809523
0.9523809523809523
0.9523809523809523
0.9523809523809523
0.9523809523809523
0.9523809523809523
0.9523809523809523
0.9523809523809523
0.9523809523809523
0.9523809523809523
0.9523809523809523
0.9523809523809523
0.9523809523809523
0.9523809523809523
0.9523809523809523
0.9523809523809523
0.9523809523809523
0.9619047619047619
0.9619047619047619
0.9619047619047619
0.9619047619047619
0.9619047619047619
0.9619047619047619
0.9619047619047619
0.9619047619047619
0.9619047619047619
0.9619047619047619
0.9619047619047619
0.9619047619047619
0.9619047619047619
0.9619047619047619
0.9619047619047619
0.9619047619047619
0.9619047619047619
0.9619047619047619
0.9619047619047619
0.9619047619047619
0.9619047619047619
0.9619047619047619
0.9619047619047619
0.9619047619047619
0.9619047619047619
0.9619047619047619
0.9619047619047619
0.9619047619047619
0.9619047619047619
0.9619047619047619
0.9619047619047619
0.9619047619047619
0.9619047619047619
0.9619047619047619
0.9619047619047619
0.9619047619047619
0.9619047619047619
0.9619047619047619
0.9619047619047619
0.9619047619047619
0.9619047619047619
0.9619047619047619
0.9619047619047619
0.9619047619047619
0.9619047619047619
0.9619047619047619
0.9619047619047619
0.9619047619047619
0.9619047619047619
0.9619047619047619
0.9619047619047619
0.9619047619047619
0.9619047619047619
0.9619047619047619
0.9619047619047619
0.9619047619047619
0.9619047619047619
0.9619047619047619
0.9619047619047619
0.9619047619047619
0.9619047619047619
0.9619047619047619
0.9619047619047619
0.9619047619047619
0.9619047619047619
0.9619047619047619
0.9619047619047619
0.9619047619047619
0.9619047619047619
0.9619047619047619
0.9619047619047619
0.9619047619047619
0.9619047619047619
0.9619047619047619
0.9619047619047619
0.9619047619047619
0.9619047619047619
0.9619047619047619
0.9619047619047619
0.9619047619047619
0.9619047619047619
0.9619047619047619
0.9619047619047619
0.9619047619047619
0.9619047619047619
0.9619047619047619
0.9619047619047619
0.9619047619047619
0.9619047619047619
0.9619047619047619
0.9619047619047619
0.9619047619047619
0.9619047619047619
0.9619047619047619
0.9619047619047619
0.9619047619047619
0.9619047619047619
0.9619047619047619
0.9619047619047619
0.9619047619047619
0.9619047619047619
0.9619047619047619
0.9619047619047619
0.9619047619047619
0.9619047619047619
0.9619047619047619
0.9619047619047619
0.9619047619047619
0.9619047619047619
0.9619047619047619
0.9619047619047619
0.9619047619047619
0.9619047619047619
0.9619047619047619
0.9619047619047619
0.9619047619047619
0.9619047619047619
0.9619047619047619
0.9619047619047619
0.9619047619047619
0.9619047619047619
0.9619047619047619
0.9619047619047619
0.9619047619047619
0.9619047619047619
0.9619047619047619
0.9619047619047619
0.9619047619047619
0.9619047619047619
0.9619047619047619
0.9619047619047619
0.9619047619047619
0.9619047619047619
0.9714285714285714
0.9714285714285714
0.9714285714285714
0.9714285714285714
0.9714285714285714
0.9714285714285714
0.9714285714285714
0.9714285714285714
0.9714285714285714
0.9714285714285714
0.9714285714285714
0.9714285714285714
0.9714285714285714
0.9714285714285714
0.9714285714285714
0.9714285714285714
0.9714285714285714
0.9714285714285714
0.9714285714285714
0.9714285714285714
0.9714285714285714
0.9714285714285714
0.9714285714285714
0.9714285714285714
0.9714285714285714
0.9714285714285714
0.9714285714285714
0.9714285714285714
0.9714285714285714
0.9714285714285714
0.9714285714285714
0.9714285714285714
0.9714285714285714
0.9714285714285714
0.9714285714285714
0.9714285714285714
0.9714285714285714
0.9714285714285714
0.9714285714285714
0.9714285714285714
0.9714285714285714
0.9714285714285714
0.9714285714285714
0.9714285714285714
0.9714285714285714
0.9714285714285714
0.9714285714285714
0.9714285714285714
0.9714285714285714
0.9714285714285714
0.9714285714285714
0.9714285714285714
0.9714285714285714
0.9714285714285714
0.9714285714285714
0.9714285714285714
0.9714285714285714
0.9714285714285714
0.9714285714285714
0.9714285714285714
0.9714285714285714
0.9714285714285714
0.9714285714285714
0.9714285714285714
0.9714285714285714
0.9714285714285714
0.9714285714285714
0.9714285714285714
0.9714285714285714
0.9714285714285714
0.9714285714285714
0.9714285714285714
0.9714285714285714
0.9714285714285714
0.9714285714285714
0.9714285714285714
0.9714285714285714
0.9714285714285714
0.9714285714285714
0.9714285714285714
0.9714285714285714
0.9714285714285714
0.9714285714285714
0.9714285714285714
0.9714285714285714
0.9714285714285714
0.9714285714285714
0.9714285714285714
0.9714285714285714
0.9714285714285714
0.9714285714285714
0.9714285714285714
0.9714285714285714
0.9714285714285714
0.9714285714285714
0.9714285714285714
0.9714285714285714
0.9714285714285714
0.9714285714285714
0.9714285714285714
0.9714285714285714
0.9714285714285714
0.9714285714285714
0.9714285714285714
0.9714285714285714
0.9714285714285714
0.9714285714285714
0.9714285714285714
0.9714285714285714
0.9714285714285714
0.9714285714285714
0.9714285714285714
0.9714285714285714
0.9714285714285714
0.9714285714285714
0.9714285714285714
0.9714285714285714
0.9714285714285714
0.9714285714285714
0.9714285714285714
0.9714285714285714
0.9714285714285714
0.9714285714285714
0.9714285714285714
0.9714285714285714
0.9714285714285714
0.9714285714285714
0.9714285714285714
0.9714285714285714
0.9714285714285714
0.9714285714285714
0.9714285714285714
0.9714285714285714
0.9714285714285714
0.9714285714285714
0.9714285714285714
0.9714285714285714
0.9714285714285714
0.9714285714285714
0.9714285714285714
0.9714285714285714
0.9714285714285714
0.9714285714285714
0.9714285714285714
0.9714285714285714
0.9714285714285714
0.9714285714285714
0.9714285714285714
0.9714285714285714
0.9714285714285714
0.9714285714285714
0.9714285714285714
0.9714285714285714
0.9714285714285714
0.9714285714285714
0.9714285714285714
0.9714285714285714
0.9714285714285714
0.9714285714285714
0.9714285714285714
0.9714285714285714
0.9714285714285714
0.9714285714285714
0.9714285714285714
0.9714285714285714
0.9714285714285714
0.9714285714285714
0.9714285714285714
0.9714285714285714
0.9714285714285714
0.9714285714285714
0.9714285714285714
0.9714285714285714
0.9714285714285714
0.9714285714285714
0.9714285714285714
0.9714285714285714
0.9714285714285714
0.9714285714285714
0.9714285714285714
0.9714285714285714
0.9714285714285714
0.9714285714285714
0.9714285714285714
0.9714285714285714
0.9714285714285714
0.9714285714285714
0.9714285714285714
0.9714285714285714
0.9714285714285714
0.9714285714285714
0.9714285714285714
0.9714285714285714
0.9714285714285714
0.9714285714285714
0.9714285714285714
0.9714285714285714
0.9714285714285714
0.9714285714285714
0.9714285714285714
0.9714285714285714
0.9714285714285714
0.9714285714285714
0.9714285714285714
0.9714285714285714
0.9714285714285714
0.9714285714285714
0.9714285714285714
0.9714285714285714
0.9714285714285714
0.9714285714285714
0.9714285714285714
0.9714285714285714
0.9714285714285714
0.9714285714285714
0.9714285714285714
0.9809523809523809
0.9809523809523809
0.9809523809523809
0.9809523809523809
0.9809523809523809
0.9809523809523809
0.9809523809523809
0.9809523809523809
0.9809523809523809
0.9809523809523809
0.9809523809523809
0.9809523809523809
0.9809523809523809
0.9809523809523809
0.9809523809523809
0.9809523809523809
0.9809523809523809
0.9809523809523809
0.9809523809523809
0.9809523809523809
0.9809523809523809
0.9809523809523809
0.9809523809523809
0.9809523809523809
0.9809523809523809
0.9809523809523809
0.9809523809523809
0.9809523809523809
0.9809523809523809
0.9809523809523809
0.9809523809523809
0.9809523809523809
0.9809523809523809
0.9809523809523809
0.9809523809523809
0.9809523809523809
0.9809523809523809
0.9809523809523809
0.9809523809523809
0.9809523809523809
0.9809523809523809
0.9809523809523809
0.9809523809523809
0.9809523809523809
0.9809523809523809
0.9809523809523809
0.9809523809523809
