0.34285714285714286
0.37142857142857144
0.37142857142857144
0.37142857142857144
0.44761904761904764
0.7047619047619048
0.7047619047619048
0.7047619047619048
0.7047619047619048
0.7047619047619048
0.7047619047619048
0.7047619047619048
0.7047619047619048
0.7047619047619048
0.7047619047619048
0.7047619047619048
0.7047619047619048
0.7047619047619048
0.7047619047619048
0.7047619047619048
0.7047619047619048
0.7047619047619048
0.7047619047619048
0.7047619047619048
0.7047619047619048
0.7047619047619048
0.7047619047619048
0.7047619047619048
0.7047619047619048
0.7047619047619048
0.7047619047619048
0.7047619047619048
0.7047619047619048
0.7047619047619048
0.7047619047619048
0.7047619047619048
0.7047619047619048
0.7047619047619048
0.7047619047619048
0.7047619047619048
0.7047619047619048
0.7047619047619048
0.7047619047619048
0.7047619047619048
0.7047619047619048
0.7047619047619048
0.7047619047619048
0.7047619047619048
0.7047619047619048
0.7047619047619048
0.7047619047619048
0.7047619047619048
0.7047619047619048
0.7047619047619048
0.7047619047619048
0.7238095238095238
0.7904761904761904
0.8380952380952381
0.8857142857142857
0.9238095238095239
0.9428571428571428
0.9428571428571428
0.9523809523809523
0.9523809523809523
0.9523809523809523
0.9714285714285714
0.9714285714285714
0.9809523809523809
0.9809523809523809
0.9809523809523809
0.9809523809523809
0.9809523809523809
0.9714285714285714
0.9619047619047619
0.9619047619047619
0.9523809523809523
0.9523809523809523
0.9428571428571428
0.9428571428571428
0.9428571428571428
0.9428571428571428
0.9428571428571428
0.9428571428571428
0.9238095238095239
0.9238095238095239
0.9142857142857143
0.9142857142857143
0.9142857142857143
0.9142857142857143
0.9142857142857143
0.9142857142857143
0.9142857142857143
0.9142857142857143
0.9142857142857143
0.9047619047619048
0.9047619047619048
0.9047619047619048
0.9047619047619048
0.9047619047619048
0.9047619047619048
0.9047619047619048
0.9047619047619048
0.9047619047619048
0.9047619047619048
0.9047619047619048
0.9047619047619048
0.9047619047619048
0.9047619047619048
0.9047619047619048
0.9047619047619048
0.9047619047619048
0.9142857142857143
0.9142857142857143
0.9142857142857143
0.9142857142857143
0.9142857142857143
0.9142857142857143
0.9142857142857143
0.9142857142857143
0.9142857142857143
0.9142857142857143
0.9142857142857143
0.9142857142857143
0.9142857142857143
0.9142857142857143
0.9142857142857143
0.9142857142857143
0.9142857142857143
0.9142857142857143
0.9142857142857143
0.9142857142857143
0.9142857142857143
0.9142857142857143
0.9142857142857143
0.9142857142857143
0.9238095238095239
0.9238095238095239
0.9238095238095239
0.9238095238095239
0.9238095238095239
0.9238095238095239
0.9238095238095239
0.9238095238095239
0.9238095238095239
0.9238095238095239
0.9238095238095239
0.9238095238095239
0.9238095238095239
0.9238095238095239
0.9238095238095239
0.9238095238095239
0.9238095238095239
0.9238095238095239
0.9238095238095239
0.9238095238095239
0.9238095238095239
0.9238095238095239
0.9238095238095239
0.9238095238095239
0.9238095238095239
0.9238095238095239
0.9238095238095239
0.9238095238095239
0.9238095238095239
0.9238095238095239
0.9238095238095239
0.9238095238095239
0.9238095238095239
0.9238095238095239
0.9238095238095239
0.9333333333333333
0.9428571428571428
0.9428571428571428
0.9428571428571428
0.9428571428571428
0.9428571428571428
0.9428571428571428
0.9428571428571428
0.9428571428571428
0.9428571428571428
0.9428571428571428
0.9428571428571428
0.9428571428571428
0.9428571428571428
0.9428571428571428
0.9428571428571428
0.9428571428571428
0.9428571428571428
0.9428571428571428
0.9428571428571428
0.9428571428571428
0.9428571428571428
0.9428571428571428
0.9428571428571428
0.9428571428571428
0.9428571428571428
0.9428571428571428
0.9428571428571428
0.9428571428571428
0.9428571428571428
0.9428571428571428
0.9428571428571428
0.9428571428571428
0.9428571428571428
0.9428571428571428
0.9428571428571428
0.9428571428571428
0.9428571428571428
0.9428571428571428
0.9428571428571428
0.9428571428571428
0.9428571428571428
0.9428571428571428
0.9428571428571428
0.9428571428571428
0.9428571428571428
0.9523809523809523
0.9523809523809523
0.9523809523809523
0.9523809523809523
0.9523809523809523
0.9523809523809523
0.9523809523809523
0.9523809523809523
0.9523809523809523
0.9523809523809523
0.9523809523809523
0.9523809523809523
0.9523809523809523
0.9523809523809523
0.9523809523809523
0.9523809523809523
0.9523809523809523
0.9523809523809523
0.9523809523809523
0.9523809523809523
0.9523809523809523
0.9523809523809523
0.9523809523809523
0.9523809523809523
0.9523809523809523
0.9523809523809523
0.9523809523809523
0.9523809523809523
0.9523809523809523
0.9523809523809523
0.9523809523809523
0.9523809523809523
0.9523809523809523
0.9523809523809523
0.9523809523809523
0.9523809523809523
0.9523809523809523
0.9523809523809523
0.9523809523809523
0.9523809523809523
0.9523809523809523
0.9523809523809523
0.9523809523809523
0.9523809523809523
0.9523809523809523
0.9523809523809523
0.9523809523809523
0.9523809523809523
0.9523809523809523
0.9523809523809523
0.9523809523809523
0.9523809523809523
0.9523809523809523
0.9523809523809523
0.9523809523809523
0.9523809523809523
0.9523809523809523
0.9523809523809523
0.9523809523809523
0.9523809523809523
0.9523809523809523
0.9523809523809523
0.9523809523809523
0.9523809523809523
0.9523809523809523
0.9523809523809523
0.9523809523809523
0.9523809523809523
0.9523809523809523
0.9523809523809523
0.9523809523809523
0.9523809523809523
0.9523809523809523
0.9523809523809523
0.9523809523809523
0.9523809523809523
0.9523809523809523
0.9523809523809523
0.9523809523809523
0.9523809523809523
0.9523809523809523
0.9523809523809523
0.9523809523809523
0.9523809523809523
0.9523809523809523
0.9523809523809523
0.9523809523809523
0.9523809523809523
0.9523809523809523
0.9523809523809523
0.9523809523809523
0.9523809523809523
0.9523809523809523
0.9523809523809523
0.9523809523809523
0.9523809523809523
0.9523809523809523
0.9523809523809523
0.9523809523809523
0.9523809523809523
0.9523809523809523
0.9523809523809523
0.9523809523809523
0.9523809523809523
0.9523809523809523
0.9523809523809523
0.9523809523809523
0.9523809523809523
0.9523809523809523
0.9523809523809523
0.9523809523809523
0.9523809523809523
0.9523809523809523
0.9523809523809523
0.9523809523809523
0.9523809523809523
0.9523809523809523
0.9523809523809523
0.9523809523809523
0.9523809523809523
0.9523809523809523
0.9523809523809523
0.9523809523809523
0.9523809523809523
0.9523809523809523
0.9523809523809523
0.9523809523809523
0.9523809523809523
0.9523809523809523
0.9523809523809523
0.9523809523809523
0.9523809523809523
0.9523809523809523
0.9523809523809523
0.9523809523809523
0.9523809523809523
0.9523809523809523
0.9523809523809523
0.9523809523809523
0.9523809523809523
0.9523809523809523
0.9523809523809523
0.9523809523809523
0.9523809523809523
0.9523809523809523
0.9523809523809523
0.9523809523809523
0.9523809523809523
0.9523809523809523
0.9523809523809523
0.9523809523809523
0.9523809523809523
0.9523809523809523
0.9523809523809523
0.9523809523809523
0.9523809523809523
0.9523809523809523
0.9523809523809523
0.9523809523809523
0.9523809523809523
0.9523809523809523
0.9523809523809523
0.9523809523809523
0.9523809523809523
0.9523809523809523
0.9523809523809523
0.9523809523809523
0.9523809523809523
0.9523809523809523
0.9523809523809523
0.9523809523809523
0.9523809523809523
0.9523809523809523
0.9523809523809523
0.9523809523809523
0.9523809523809523
0.9523809523809523
0.9523809523809523
0.9523809523809523
0.9523809523809523
0.9523809523809523
0.9523809523809523
0.9523809523809523
0.9523809523809523
0.9523809523809523
0.9523809523809523
0.9523809523809523
0.9523809523809523
0.9523809523809523
0.9523809523809523
0.9523809523809523
0.9523809523809523
0.9523809523809523
0.9523809523809523
0.9523809523809523
0.9523809523809523
0.9523809523809523
0.9523809523809523
0.9523809523809523
0.9523809523809523
0.9523809523809523
0.9523809523809523
0.9523809523809523
0.9523809523809523
0.9523809523809523
0.9523809523809523
0.9523809523809523
0.9523809523809523
0.9523809523809523
0.9523809523809523
0.9523809523809523
0.9523809523809523
0.9523809523809523
0.9523809523809523
0.9523809523809523
0.9523809523809523
0.9523809523809523
0.9523809523809523
0.9523809523809523
0.9523809523809523
0.9523809523809523
0.9523809523809523
0.9523809523809523
0.9523809523809523
0.9523809523809523
0.9523809523809523
0.9523809523809523
0.9523809523809523
0.9523809523809523
0.9523809523809523
0.9523809523809523
0.9523809523809523
0.9523809523809523
0.9523809523809523
0.9523809523809523
0.9523809523809523
0.9523809523809523
0.9523809523809523
0.9523809523809523
0.9523809523809523
0.9523809523809523
0.9523809523809523
0.9523809523809523
0.9523809523809523
0.9523809523809523
0.9523809523809523
0.9523809523809523
0.9523809523809523
0.9523809523809523
0.9523809523809523
0.9523809523809523
0.9523809523809523
0.9523809523809523
0.9523809523809523
0.9523809523809523
0.9523809523809523
0.9523809523809523
0.9523809523809523
0.9523809523809523
0.9523809523809523
0.9523809523809523
0.9523809523809523
0.9523809523809523
0.9523809523809523
0.9523809523809523
0.9523809523809523
0.9523809523809523
0.9523809523809523
0.9523809523809523
0.9523809523809523
0.9523809523809523
0.9523809523809523
0.9523809523809523
0.9523809523809523
0.9523809523809523
0.9523809523809523
0.9523809523809523
0.9523809523809523
0.9523809523809523
0.9523809523809523
0.9523809523809523
0.9523809523809523
0.9523809523809523
0.9523809523809523
