0.19320214669051877
0.19320214669051877
0.19320214669051877
0.19320214669051877
0.19320214669051877
0.19320214669051877
0.19320214669051877
0.19320214669051877
0.19320214669051877
0.19320214669051877
0.19320214669051877
0.19320214669051877
0.19320214669051877
0.19320214669051877
0.19320214669051877
0.19320214669051877
0.19320214669051877
0.19320214669051877
0.19320214669051877
0.19320214669051877
0.19320214669051877
0.19320214669051877
0.19320214669051877
0.19320214669051877
0.19320214669051877
0.19320214669051877
0.19320214669051877
0.19320214669051877
0.19320214669051877
0.19320214669051877
0.19320214669051877
0.19320214669051877
0.19320214669051877
0.19320214669051877
0.19320214669051877
0.19320214669051877
0.19320214669051877
0.19320214669051877
0.19320214669051877
0.19320214669051877
0.19320214669051877
0.19320214669051877
0.19320214669051877
0.19320214669051877
0.19320214669051877
0.19320214669051877
0.19320214669051877
0.19320214669051877
0.19320214669051877
0.19320214669051877
