0.22898032200357782
0.24329159212880144
0.23613595706618962
0.23613595706618962
0.23613595706618962
0.23613595706618962
0.23613595706618962
0.23613595706618962
0.23613595706618962
0.23613595706618962
0.23613595706618962
0.23613595706618962
0.23613595706618962
0.23613595706618962
0.23613595706618962
0.23613595706618962
0.23613595706618962
0.23613595706618962
0.23613595706618962
0.23613595706618962
0.23613595706618962
0.23613595706618962
0.23613595706618962
0.23613595706618962
0.23613595706618962
0.23613595706618962
0.23613595706618962
0.23613595706618962
0.23613595706618962
0.23613595706618962
0.23613595706618962
0.23613595706618962
0.23613595706618962
0.23613595706618962
0.23613595706618962
0.23613595706618962
0.23613595706618962
0.23613595706618962
0.23613595706618962
0.23613595706618962
0.23613595706618962
0.23613595706618962
0.23613595706618962
0.23613595706618962
0.23613595706618962
0.23613595706618962
0.23613595706618962
0.23613595706618962
0.23613595706618962
0.23613595706618962
