0.9367623454850676
0.9323444312714101
0.9217118677255056
0.8851885548706625
0.8499898408412735
0.8007867128575574
0.754076536922211
0.7330160311388316
0.7196756392139174
0.7154280151870072
0.721194519608756
0.7135940581825516
0.7060403435786228
0.6970723018528936
0.6901080425547689
0.6856190675339842
0.6829568686196312
0.680477521733501
0.6774283264739656
0.676202879463506
0.6732420143110641
0.6735421591783763
0.6774307847711213
0.6809018662241956
0.6824049095839395
0.6853313473017424
0.6872212098788703
0.6854732267010339
0.6871879186827613
0.6773099269147497
0.6729316635524257
0.6916159667019656
0.6813894821676254
0.6900928680949755
0.7141506612423105
0.7022126384460577
0.6923147728868456
0.6767877076488891
0.7008436828930553
0.6707864137414811
0.6687101801169909
0.6707932975647799
0.6833171032211158
0.6820307660217778
0.6727239764960534
0.6720226761512939
0.669978419864834
0.669578187170052
0.6685762783928648
0.6668256243761329
0.6655637565641038
0.6678673049175143
0.6653250649020039
0.6641439731350972
0.6539800503964266
0.657214123439664
0.6572185655774777
0.6581779863680728
0.657807159050346
0.651019016787871
0.6553254937145434
0.6556466049461999
0.6496089342793353
0.6483784072721119
0.647064302943515
0.6443742731799812
0.6477762519102963
0.6506330303649236
0.6460918427355504
0.6465019710079688
0.6555855643321239
0.6549213023383742
0.6624211069967783
0.657311253680949
0.6610129200846113
0.6509645620389497
0.6500699623753219
0.6564746472708123
0.6590467686993784
0.6557966115362501
0.6476607078789274
0.647364702429007
0.6573264390976135
0.6551375302224954
0.6428159323727202
0.6401069743838962
0.6486589886594306
0.6384418353486122
0.6442072606704301
0.6432237184443741
0.6427794799027078
0.6323494554040751
0.6212053713460316
0.6224270658976182
0.6108295696705994
0.6089996930667724
0.6049629843741422
0.6111176757339236
0.6009300906629275
0.6052002319745929
0.6016697682092945
0.6089608417499607
0.601703233531462
0.6014317645771092
0.6043606675380289
0.5934771613412869
0.5933633193427186
0.5835993792769222
0.5850868776253217
0.5923172844628076
0.5893667266691006
0.5800149723840269
0.5711442729455719
0.5721509939654928
0.5771612319962088
0.5833801101988387
0.583538869742328
0.5852278452327063
0.5847883254340313
0.5887035738854846
0.582278845045851
0.5838656672259067
0.5916274786222554
0.586988001696966
0.5880248353057719
0.5830306475392871
0.5852975289628126
0.5798752579258641
0.585242940173026
0.5793872219994239
0.587346381838352
0.5791053865588145
0.5778328202999645
0.580712008214813
0.5803228578596259
0.582925113420894
0.5793013013307432
0.5873122294276388
0.5859026513326098
0.5844101690107363
0.5797233478307923
0.5801543889162346
0.5644369103957508
0.5578245473928668
0.5565334399806191
0.5637833445506348
0.563242944823635
0.5605244489375373
0.5492057930117741
0.5591455088145327
0.5479780969815836
0.542610703125736
0.542691859639787
0.5406172832451253
0.5402416261364009
0.5431328939262584
0.5498475410747979
0.5474999493998205
0.546413318137977
0.5341615533972778
0.547600682019733
0.5337655379360284
0.5281037609529261
0.5303857613912151
0.5322492026460184
0.5333001942398008
0.5345044804261107
0.5293425569216073
0.5243674898752995
0.5257506923032359
0.5250035539766539
0.5326944591247242
0.5281430361934776
0.5267128064342116
0.5295364836553911
0.5349761158266096
0.5300802998079204
0.5223249522889514
0.5258748117283104
0.5320282003362864
0.5336264391840437
0.5256064516423576
0.5268373875695378
0.5363893209086482
0.5221462105032477
0.5249162815575155
0.5221424845622225
0.5218703990547809
0.5231755382620886
0.5226520312470192
0.5243222309992965
0.5307835138792962
0.5260477818316491
0.5256545160127466
0.5377410992790472
0.5404829315523477
0.5333565038324105
0.5358756188859192
0.5209931429211673
0.5337673433513206
0.5390559087299382
0.5169845868192768
0.5153841626590615
0.5169879850033965
0.5387491043949518
0.5319464099244051
0.5269315202638811
0.5110678442351926
0.5163392141085233
0.5255808172222162
0.5196928630862329
0.5170308058226701
0.5216151302385207
0.5158081772415661
0.512854093827196
0.5206803635358613
0.5118988505048189
0.5062413511969351
0.5292717190784831
0.5137726837748641
0.5186820866259024
0.5100266593918601
0.5218346691097172
0.5258099648824035
0.5324925461489176
0.5348958854549671
0.5245102240616099
0.5129844891853813
0.5248000179186532
0.5227409601509574
0.5293381672473367
0.5215713398666024
0.5268332972798225
0.524568135653798
0.5244148699010676
0.5240001799175135
0.5245385628293389
0.5173733537706754
0.5157517599374916
0.5295417773547286
0.5267959469803021
0.5268572238619146
0.5234144219466237
0.5227807690492331
0.5286920715806539
0.5264512921906679
0.5264269776142921
0.5303171350808846
0.5272217235640744
0.5267057234567395
0.52501038118572
0.5090503790690362
0.5169613342289838
0.5097048232997261
0.5218520875873813
0.5223974524121939
0.513788518132789
0.5191425625452288
0.5158231907822238
0.5109673231299873
0.5166175633389288
0.5194224579682177
0.5258861517423109
0.5156840738841593
0.5148993175009614
0.5183184119047479
0.5163888161375102
0.5404044536279251
0.5172062966019683
0.5203938904596435
0.5302133575269864
0.54361651030816
0.5313910350151299
0.5313807549224436
0.5306011594897471
0.538857138446117
0.5435003075372089
0.5318629904154789
0.5474163614557709
0.5486950088394549
0.546375453937611
0.536755359068177
0.5337471268509264
0.5453197056383742
0.5281427440365217
0.547314267369211
0.5423606640802601
0.5359337324555493
0.5405128075312426
0.5326980692290083
0.5436713544314432
0.5400715601932382
0.5361180278059807
0.5267830081539454
0.5416534041778815
0.5453491241900182
0.5334023795536861
0.5302441504099242
0.5288085091624558
0.529373718797973
0.534021026579133
0.5314894769270102
0.5341080976982218
0.5298790440952889
0.5363903024256077
0.535115758252054
0.529902226569788
0.53116176703185
0.5354959399812426
0.5338737413166156
0.5370332044011918
0.5337009170649917
0.5383454802468289
0.5419190968251049
0.5363122519676362
0.5381920903040733
0.5400476031064362
0.5403680781625628
0.5358516875732952
0.5280194037154863
0.5314747239459424
0.531286799518321
0.5326948181838743
0.5408418222252657
0.5290201881384853
0.5287705557216097
0.5271943044573788
0.5293350173478224
0.5362069499053957
0.5299624364364938
0.5263005792227873
0.5241826599684577
0.5243231210254207
0.5236493229216374
0.5297289929980168
0.5323518447092397
0.5271709983719348
0.5219912442873428
0.5216650765444282
0.5276163893779034
0.5170975281205198
0.5287943943723376
0.5142824456761335
0.5226295614920442
0.524929838695718
0.5256644379863756
0.5368045673414887
0.5408325674470836
0.5350906080374259
0.5301643848178523
0.5306173827758831
0.5340482852566911
0.5330684840427032
0.5380161957088864
0.5367013274454512
0.5454123813805353
0.5337951289766673
0.5234657259096257
0.5117796586573927
0.5174517959977565
0.5178697514250183
0.5322146631336573
0.5309135820874792
0.5194352025720043
0.5240972822864165
0.5351949889811501
0.546695656375522
0.5462358098982087
0.5303390546360641
0.5381109189861323
0.5438294477869603
0.5357927281125978
0.5513996096568226
0.5394268553765199
0.5402013928556982
0.5504053886687104
0.5413442184170444
0.5547458031506718
0.5505218355080549
0.5501523232040861
0.5586636805151628
0.5526547473244915
0.5505330824725622
0.5512099466562186
0.5488675917291012
0.5490697299081736
0.5428948665743225
0.5371357777995125
0.543679449469181
0.5271104542468033
0.5333752304033387
0.5444581026281853
0.5403822947509359
0.5435636890560201
0.5443850651221795
0.5463037754752195
0.5451439695964865
0.5498934263956139
0.5588514675622812
0.5518753403821474
0.5384502414688647
0.5521554845245392
0.5465099340216714
0.5467159425639487
0.5449803259275011
0.5361243989446971
0.5311862373690976
0.5270425607929855
0.5246658356902673
0.5349640445812733
0.5380163732584411
0.5369970569778503
0.535710193473562
0.5334482525230129
0.5355063767731563
0.5415405223487222
0.5355839474295594
0.545444579988182
0.5463918234226878
0.5367984736853071
0.5348108957308727
0.5562349192177513
0.5443277766681958
0.553356762958771
0.5626085991782157
0.553500469174421
0.5603806494037386
0.5611160756621878
0.5438537681509932
0.537041605123198
0.5467280884262242
0.5201914570583969
0.5269773805174875
0.5215972215064462
0.5190177164805879
0.5223881779184565
0.5290629328107647
0.557626114751029
0.5332903112325438
0.5285542895414822
0.5392177682739068
0.5309124120704742
0.5219828509775064
0.5302546837143925
0.5341306467739563
0.5222284383712202
0.5233144630085312
0.5291107452624229
0.5208260938020798
0.5250527780407402
0.5276629167417598
0.52445792967691
0.5231961827074891
0.5273573671752478
0.5252133897521245
0.5265381992226598
0.53406544792107
0.5338328732373855
0.5418143588508247
0.5324367309618545
0.5321210783851412
0.5425678453868968
0.5295156572195191
0.5360907900828499
0.5301472279934052
0.5343703747752236
0.5460118958283412
0.5438527041869146
0.5489666794557068
0.5316796067427343
0.5324152201879491
0.5561798513114163
0.5458445296370367
0.5522343997964682
0.5354989236630381
0.5608088977725352
0.534008602794396
0.5341982436797872
0.5493594830286043
0.5298590418123637
0.5364003480223918
0.5309056161036884
0.5650362618949557
0.5427110055797215
0.5368646238503944
0.5564567969298599
0.5662788781649647
0.5510121310949223
0.5611291029466733
0.565137821801422
0.5488332802629204
0.5677718570910684
0.5620557808740819
0.5591463419421779
0.556077735990286
0.5580923803506923
0.5546500205145566
0.5599193989925487
0.5434447863218077
0.562863411945206
0.5451145223160222
0.5408101089549132
0.5524855197744656
0.5546453358638044
0.5454724616144364
0.5478554063249145
0.5379379667130635
0.5302779675366455
0.5381890286598997
0.5408494801631051
0.5463715596950963
0.5518609396837229
0.5413129536008277
0.5518222075885
0.5531485305656768
0.5539290610093894
0.5515268577276229
0.5479343986191184
0.5532947260666373
0.5628358115956372
0.564313450230345
0.557524348788587
0.5501464425865187
0.5330844895144142
0.5528514149168862
0.5448684408841271
0.5353291303317724
0.544307307189801
0.5370184195674911
0.5480001907422158
0.5268601271883128
0.5297341199547605
0.5274720934486009
0.5374714381047849
0.5272041112725439
0.5222172671079793
0.5321429647100263
0.5283119758854055
0.5190227528632719
0.5257885529170224
0.5284896018263654
0.5288368145482343
0.5291657533690929
0.5215228093494584
0.5377859300334402
0.5286356811195625
0.5319585294142313
0.5282828613801782
0.521461042569357
0.5217330080199362
0.5170606509343182
0.5178683003267678
0.5143214087225663
0.5110326749413248
0.5056204728847935
0.5099030846957467
0.5150553123062541
0.5066764212870609
0.5063122006556334
0.5059185033433281
0.504625802371441
0.5134906644099824
0.5056445266164337
0.5222047586357356
0.501087260022972
0.5163684267244543
0.503875941349497
0.5158302047728159
0.5072999057179998
0.5004751569887949
0.5098550511520304
0.5050833073972939
0.5069375401224433
0.49913676988811106
0.5055931334855512
0.507808394051031
0.4996400417675448
0.5024598720058904
0.5051024092813556
0.506074038416777
0.5014976908202323
0.5268352144288337
0.5158178701391644
0.5052418468671248
0.5183806315614756
0.5238252193278645
0.5138275061923065
0.509489949135719
0.5394073446888603
0.5235492869611303
0.51737770914895
0.5114124856935608
0.5191064120052737
0.5149609946372931
0.5068008425548134
0.5328329957715957
0.5274269077513365
0.4990652552585119
0.5126361781234552
0.5123837390816275
0.5021504538517855
0.5089802727564205
0.5078762272780185
0.5082543928422457
0.5110744989532279
0.5198944445819322
0.5150080088614074
0.515016119082219
0.5252959237746229
0.5265506412077846
0.520805660430888
0.5105138462091706
0.5199544702760633
0.5222979603022528
0.5177647414243317
0.5127738058445194
0.5259755119104383
0.5319517663921044
0.5446610322523616
0.5511035882886427
0.5367651268189945
0.5318021500703956
0.5256923614038708
0.5496275664910539
0.5532572046745757
0.5448017006886126
0.5619879257785682
0.5225743018445093
0.5286403890483862
0.5404228184253912
0.5358491044499887
0.5487755225028832
0.5212339017135127
0.5634408358991817
0.5475465362069603
0.5450634018992225
0.5388618909121504
0.5623392606139296
0.5676518820213284
0.5773092590476867
0.5851142197203364
0.5994341996369011
0.5778841780196294
0.5877251567746767
0.603758374239982
0.5787565667390989
0.5831770005063145
0.5950851168068104
0.5820430562737632
0.5538503790272608
0.5378415694659835
0.5311778212404578
0.6002635521283146
0.5329236541882655
0.5237257021219595
0.5602616681476613
0.5745968872247245
0.564363501304239
0.5468158627197016
0.5736466451576802
0.5269924867298658
0.549906012707845
0.5307288937065727
0.5630699377902773
0.5394751934842709
0.5496036299051964
0.532898434376846
0.5094407485839109
0.5219180323592577
0.5234190674641244
0.5374486983345408
0.5444669438685061
0.5357795745019484
0.5004431736984242
0.49731133141491285
0.5286698405387952
0.5165475234720621
0.5290931804241481
0.5341805581880229
0.5340144784279615
0.5196378913322225
0.5364814128957287
0.5223859995375358
0.5147037389838606
0.5301299038441062
0.533692831388549
0.4971901496495984
0.5190463257865798
0.5049442498059032
0.5132347872362603
0.5332880567626516
0.5234286631690931
0.5155910443159644
0.5123961699821747
0.5209876777374383
0.5166081558906211
0.5258617554376886
0.5277183195439645
0.5169156463664298
0.5263881734944136
0.5094900438074923
0.5011227582235884
0.5003860712194416
0.5107579618674442
0.5247382093421674
0.5377581402238453
0.5234401961543683
0.5292897231386566
0.5268438145512884
0.4961194162837893
0.5327476230844026
0.5144385079110708
0.507765099667487
0.5199398495539431
0.49527801540422245
0.4967078953589228
0.5048168305271663
0.5045596659672913
0.5027413324367812
0.5024241560501613
0.5041479189449324
0.4975489618400415
0.4984438346130018
0.5117167819408953
0.5109305423374227
0.5362441089324417
0.5213730269742438
0.5158154970847248
0.5101266464029944
0.5078850793600967
0.5008473490699397
0.5141617326873721
0.5031885840179783
0.5050948932120424
0.5034599396392128
0.5228170747904567
0.518176666825581
0.505357756005291
0.5084010211279449
0.5132063505412855
0.509589847616106
0.5139569952892432
0.5052866405435772
0.5358690937362283
0.5276540704268078
0.50823072789212
0.5267358812509734
0.5269527887888898
0.5330992487014462
0.5338955279354888
0.531451060919539
0.5095878412438531
0.5073916817515836
0.5008877040297376
0.4971995606578167
0.4983992651369911
0.5111372250201517
0.5131932229151496
0.5122254414131643
0.5088557345704341
0.4972249276726823
0.5095597885741459
0.5080819762093339
0.49263271065326636
0.49508379140596825
0.5071800832643697
0.5143033179757899
0.5086032177051629
0.4877834163005145
0.4980246393284956
0.4901464135812617
0.5152418084574956
0.5077232018103469
0.481067160559877
0.5013632177545423
0.48490262871020096
0.4915867173671025
0.4873608713814865
0.48420187262379677
0.47581434618192076
0.5030363764806688
0.5023865185043312
0.5060313194651528
0.5010483565303312
0.48973661776639793
0.5186092168110266
0.5120446637055314
0.5328623028690277
0.48006447890745374
0.5249327173591767
0.5005614699829004
0.5310669855495526
0.5060508699908866
0.492736737102731
0.4873188807066304
0.48515242080035964
0.4985835276351875
0.5058615741478464
0.48413890648824254
0.4982241853007981
0.47999681543248485
0.4829833795799595
0.496361612457002
0.48987585767945446
0.507588970730885
0.5149022105192266
0.504685142718286
0.49904283307660807
0.5331044105100521
0.5129970199677297
0.512161677536144
0.5204048385235012
0.5271122470854871
0.5271229121042365
0.49826688713611483
0.4841145914382399
0.5263117098674701
0.5065981758076316
0.48939112138380103
0.4838494219858633
0.4914076766295338
0.5038608684633384
0.4889859018914944
0.484895839037041
0.4890784694544345
0.502396959204997
0.4971530494849407
0.5048280353621075
0.5051448904091088
0.5012712131238596
0.5092785465564643
0.5195792188257629
0.5006737178357556
0.5187488269500702
0.5217943851548158
0.4929486310080291
0.5176723374564723
0.5145431280980748
0.5212497568868971
0.5078933131099195
0.5239691342316958
0.505536287770553
0.49316332256508616
0.5006346404742404
0.49628249699321153
0.5047878313110981
0.5027721639374846
0.487047551948747
0.49253106459718576
0.49469578391414576
0.5014077201071628
0.5037069555264654
0.5008261596898074
0.48774932096268625
0.479658807100653
0.4832736162622014
0.4949130294065755
0.49742789023849193
0.4920619711094956
0.5033229205811177
0.48557730590961945
0.4900433667650111
0.512900325338504
0.5002026490591595
0.5013603367264755
0.49493308876163855
0.49241794396704797
0.5080301082042709
0.505836612482928
0.5122130410481901
0.5003104772689654
0.4839002784879389
0.5071090361865479
0.5075658189727307
0.5014397943452737
0.5101026501494437
0.5031908248386584
0.5086906434779104
0.5014880731139268
0.503724578605715
0.5077370665164507
0.4922021214189258
0.500094495504728
0.4917376043618834
0.4875478015548288
0.5045186776116115
0.4956867548948116
0.4888579998506293
0.5015155190222408
0.48130589780048694
0.49020890386182003
0.4928016343323367
0.4987317921294692
0.5121572510538651
0.502729888860081
0.4890363591006695
0.4915196507585659
0.49379402524821014
0.4913319237076741
0.49087021359787264
0.4863074410445626
0.48893144692486656
0.4837416345293347
0.47419195189747154
0.4804942829130281
0.49419277719231236
0.4788004319779158
0.4802898645176645
0.4858531049709457
0.479829788023581
0.48475148967656445
0.5020682841515898
0.49929698918455573
0.48618582151494444
0.4843859058798463
0.4963649786696778
0.5133485801098709
0.49139002654155933
0.4898956962258489
0.4885186433577174
0.49206229933583634
0.4841702412537729
0.49227786059805273
0.5008952814700722
0.4911925675529968
0.49378292447145544
0.485900868385866
0.49092829750183997
0.49245517750778184
0.4732526503051351
0.48353231583964223
0.4823140552510654
0.48340735517943983
0.4836086628149966
0.483732080880383
0.4961955258426897
0.4924360174107802
0.4992503476805736
0.501700412033263
0.4932228680111127
0.4818796323010264
0.4765734546000605
0.4876912154704064
0.5035538901390928
0.4979194713535437
0.5050871692200922
0.48329765445913964
0.4822623381686428
0.490728416060466
0.488346668995449
0.47827637434270454
0.495981839450816
0.48660782258871066
0.498163135598903
0.48298262013244997
0.4873280190117951
0.4740943945647019
0.4742946401617504
0.4777497318784406
0.487338313990962
0.471096999099839
0.4683827560715258
0.47777606614886364
0.486974841973285
0.48153795379124426
0.5021246668243629
0.5068376403971645
0.4980497698188497
0.4909874645630203
0.49439154985127404
0.501048708695553
0.4868340822989617
0.47398426590749027
0.4875581479250868
0.4785842194093263
0.484722209782017
0.48284373741643405
0.4863246948709366
0.48423194467559255
0.4958725132187008
0.48384100085644943
0.5055620147078951
0.484485780195456
0.4937671848421081
0.5008655094221974
0.4905500115431637
0.483776479365267
0.4869867388181209
0.4939147367599677
0.4971460706318629
0.48810174611827445
0.48537433763392535
0.4850931969611479
0.49118312773817335
0.482077828419555
0.4795612582294528
0.4915802307141433
0.49084135886365143
0.48820821567662764
0.4960269720389943
0.4925922761673107
0.4938239414389902
0.48580766943204057
0.4869663718858461
0.48196882414440734
0.5010733570242504
0.4968208096775035
0.5045841794700788
0.4878199624632431
0.4852847106527098
0.5000901008451584
0.49041189869620105
0.48912568024831526
0.5099992546902871
0.49371130985218586
0.5068629631521737
0.4871962076283952
0.4960109362161231
0.49215289539115037
0.4889597480281972
0.48595210949887996
0.4985516718703819
0.506003102068992
0.496620893995591
0.5028829322810349
0.5055272216868132
0.49994663159521024
0.5009515121262329
0.5057590662098387
0.49285943097084767
0.4677573744385723
0.4822593501673642
0.5099104605631603
0.5100338537908632
0.5021119319769832
0.4995386293540401
0.4943303894585405
0.5080887906402457
0.5065848318595205
0.493074872457914
0.48887907962788035
0.5190987387534172
0.4917378967376347
0.5083899306321986
0.5116138075557877
0.5064114435063851
0.5083313582790702
0.5092106435361401
0.5006322574667261
0.4959353194376178
0.49870702620006174
0.497671509102594
0.5123630009433197
0.5011776707333083
0.5065111491012974
0.4959795015209287
0.49383968237405046
0.48799303927336346
0.5022276240100549
0.49537033762567567
0.49990226929723697
0.5019913099261439
0.5072915729431364
0.5026741021395271
0.5029184386279781
0.5047989233677795
0.5076506155027015
0.5046721355935689
0.5091006518775644
0.5117734650435575
0.5021039849505554
0.508680466291629
0.5084725826534672
0.5054546425677143
0.4988753953079254
0.5020859597464878
0.5032743661663156
0.4927945104141038
0.49485563945643246
0.4911528992064991
0.5027845874981544
0.492096518935351
0.505471023024947
0.49863564565425955
0.502600401514991
0.5010381562457636
0.5026114740264686
0.49250281479423663
0.48884212702636437
0.5021452099729513
0.511702768109068
0.4858947586664651
0.5014639300041791
0.5113809596216798
0.5049507312414057
0.4997771926041767
0.5023358178301477
0.505499883531453
0.5032216603523851
0.4907790517024592
0.5044162440566778
0.4965043212482436
0.49106606732008423
0.5010914615725461
0.4851094510667956
0.49077074812477495
0.4947071070654837
0.4857310303071526
0.48487032814616127
0.49955446720034874
0.4804224772816567
0.47364419679860265
0.49213312682356103
0.5038512159467519
0.5009506381854386
0.5057571977715938
0.4997030423115867
0.4913733661484245
0.4897290102411921
0.49484664707526566
0.4994964625447587
0.49798169142109366
0.4884509595563741
0.4864430309350731
0.4990835630066277
0.4842704858616876
0.495498932004238
0.498231203114239
0.49155185405195667
0.48495618348591607
0.482242939501552
0.4862281235496727
0.4817912140138779
0.49364924954371314
0.48357793132719845
0.4831625819906259
0.4842608198102707
0.4784333481503064
0.4887289054998488
0.4850117127837005
0.48214110443049013
0.4833109369398166
0.4804506281165265
0.48208447555454564
0.5007027847962172
0.4821037090052469
0.4829175871579016
0.48115330045302285
0.47349432442788725
0.4731113324203335
0.4743371082154519
0.46969413110755187
0.46806486317278134
0.47491002356702366
0.47606974797339147
0.461865159863926
0.46752071357230246
0.478469819712984
0.47600279297088643
0.4856739510635797
0.48333492286286417
0.4664955511888709
0.4592203367215238
0.4757734063135718
0.4802990264171438
0.4640612516410386
0.4685099342773542
0.46053765666220703
0.47848875014967807
0.4591475528170207
0.45908515915427744
0.4701350299465349
0.47718894015938423
0.4755967943169051
0.4690382183030843
0.4725622389297584
0.4717648904036707
0.492414613174039
0.4681921156471651
0.47494042609359166
0.49201305959360897
0.47891147413682156
0.4877017360675373
0.48675642896267474
0.48046614296010987
0.47396196171520055
0.4638756349746636
0.46448921603992116
0.47038404570359993
0.47598624781975657
0.47758747908711396
0.4788285730629293
0.4682236842930471
0.4707672118674935
0.47774403030927903
0.5058734949925122
0.48361089370942084
0.4743878163463491
0.5023769575831233
0.4729498001516048
0.4791111754468169
0.4713857770910109
0.4725232042763536
0.46552095320631554
0.49347100190208304
0.48806147429919366
0.4747885438074196
0.4856030132048754
0.4926856180081286
0.4716353674283885
0.4798399624797677
0.4798178717099796
0.4906739114650252
0.4862682406529437
0.4803367555257174
0.4769622888202791
0.46589366440254365
0.47634553810197755
0.47839101744983553
0.484616134422905
0.48863163520030956
0.4798034913632412
0.48439070069598383
0.48098510358677204
0.4800452161062436
0.479842855398679
0.48083712888482016
0.48550469881376573
0.47294167005274773
0.4720966761648237
0.4808866665147468
0.477970837186147
0.48114341134039273
0.47644583362257914
0.49613991927671186
0.4620482309061976
0.48610744682449186
0.478437346649798
0.47088726543488957
0.4789725979011763
0.4759348701585675
0.47784779103394026
0.46815936856367363
0.47685465960459655
0.48621148082065996
0.4677903728490691
0.4727868516713299
0.47892607336751725
0.4785269887935245
0.4696877088473816
0.46940455691555705
0.4730625810616653
0.4728329519520925
0.4803853512706336
0.47763127521124227
0.48245159701900375
0.4897922891009727
0.47511082177413555
0.48386304026073584
0.48760368583536023
0.4771196145484751
0.4815795982180438
0.4747449657218243
0.49642373397364586
0.46342552926626074
0.4832752869515943
0.48821212025427374
0.47514913180382934
0.4961027666140184
0.4831262969206438
0.46817263337328646
0.4869511565047649
0.4804980441214913
0.480034267084481
0.47861234386312906
0.48288582721554
0.47877152230019177
0.4861819886314298
0.47684907345279165
0.47780941553209566
0.4671179273195533
0.48386173340490984
0.47014377866537793
0.48447427949047905
0.4835760530851441
0.5001924648243394
0.4869930988821689
0.4692533342065203
0.4837775572939377
0.4783833407628009
0.49340312464685565
0.47548277270591083
0.48005362532740087
0.4691068184729839
0.5014188905671515
0.4840613704041473
0.47665161999439404
0.47139621076630434
0.4725178839126497
0.47476692074043
0.49047791842343724
0.4840115613702723
0.47613085648364134
0.4791513571244865
0.4910183152708334
0.47483371296884636
0.48582104924356495
0.4843584809661691
0.49052423841137455
0.47873448402576096
0.47380231301960546
0.4811531630008398
0.49740578549623243
0.478653723676868
0.469967731996609
0.49233235738185316
0.47781834090518677
0.4992632301615213
0.4710017729761766
0.46641258598254903
0.48622797756546443
0.47682347711503487
0.46775743781695334
0.4680885531583556
0.48719496603190904
0.47961503177898523
0.48142225447879017
0.4754267888587763
0.47163498967190737
0.46882747616497344
0.4838477449230617
0.47612392531476433
0.4781338177965514
0.48078362334122215
0.47483236281772495
0.4801284096496532
0.4784599196133572
0.46991795028988514
0.47796375274865344
0.4806547060849638
0.4904597942763477
0.47508867461057014
0.4700833453963006
0.47316510476892804
0.48579785543829596
0.4815790041138403
0.4720559223799625
0.4753922012455771
0.47169196918658624
0.47031244616763956
0.4613781204591301
0.4803745973574308
0.47292554410840637
0.4753014214530202
0.4723956160096982
0.4630554236507221
0.47242208047473533
0.46634558310770763
0.4678263657014979
0.4749149698829434
0.47333874710767526
0.4748025617661341
0.470690191992915
0.4702251003715212
0.4670021018857585
0.4689258075870235
0.46986591781374215
0.4619975044819851
0.46663717548917916
0.4651163033116513
0.46911454739974356
0.4654971306130381
0.46717923297013586
0.46241012991543357
0.46299108385797116
0.46637934168876194
0.46360994532559
0.465072830725934
0.4637271943924457
0.46882612508877686
0.46898004662885745
0.4817977940208785
0.4859828589845649
0.48259480711962616
0.4826445359247699
0.485031299464466
0.4822838921126481
0.46831219148984693
0.46666979353481386
0.48425002080790724
0.4887304081774106
0.4811366053636995
0.46214771629675727
0.4917761253903516
0.4863760247340236
0.47232432885993486
0.4639097766389411
0.4912286046634682
0.47176583120340065
0.4668269128630122
0.46356539834843224
0.48307253777881676
0.46471439702088313
0.4698355577747223
0.4710462589799931
0.4789171093979884
0.47420627779872504
0.4889199347643888
0.4784618818357184
0.4754089023141324
0.47676225450249277
0.48541257013482064
0.4801670321684489
0.4906296487952669
0.5000405969828676
0.4843734293729942
0.5036172903726908
0.48705889026663507
0.48764243213154645
0.47563040866044876
0.4701565906528774
0.4693024238453965
0.4706711493164163
0.4737215579505001
0.46794594190172417
0.4740119415456652
0.4948845821673522
0.487095869120811
0.4784697430060797
0.47882599032207135
0.45848877803796967
0.46946640633899994
0.4859002219911668
0.4701864415767035
0.4693455377255932
0.4768896876541348
0.48206780069430466
0.4635411369418068
0.45811405333447486
0.4716348762940766
0.4618925675488185
0.47597899211878303
0.4624778379823731
0.4618115719201429
0.462480099928654
0.48413896976162224
0.4672017480597905
0.4635011972657518
0.46885080429810533
0.47520617061676007
0.48139327419371897
0.46821029196487174
0.47462107414514004
0.45432896689118696
0.4637525114071762
0.48588366909115355
0.4787524083245965
0.4817933666555379
0.4582957848887932
0.4651295103159743
0.46847872265693435
0.46711631475587545
0.4718906756930714
0.4671793351308306
0.4816798284992049
0.46516396041490515
0.48087258607900374
0.46663821843239706
0.4633372706900284
0.4832859966026191
0.46960319132743716
0.4719652563707742
0.4770043920799119
0.4646995306748581
0.4774924367847559
0.46715101147693
0.4577841386262005
0.4730922047606659
0.47130217836186605
0.47521963153130414
0.4580885441828151
0.4607788753438795
0.4810704378613115
0.46819214226024086
0.4563178479805172
0.45913007151784924
0.4684471892073084
0.4699356707225274
0.4629158893189855
0.46693529603590817
0.4668178385944253
0.4619622989457711
0.4710490868452544
0.4741694884713569
0.46450227917644427
0.46876881963774547
0.4669070871954472
0.4663051489461688
0.4651933857943421
0.4616279523863977
0.4631514499023814
0.4612008061646253
0.4590939570837546
0.47411164365992564
0.46541148570276375
0.4595566677235564
0.4537731030132112
0.46288647611112277
0.46212263035029305
0.46280159556168543
0.458473363613063
0.4586101360858026
0.4589039992232296
0.4589004955892083
0.4602464527373418
0.4625460745397361
0.46695652949137806
0.4797814404097463
0.47166106348257214
0.47142258645735885
0.4607679711982576
0.4700947775929279
0.46154948204389956
0.4651954314698179
0.47259576266318737
0.4608762108704761
0.4611015070419815
0.463493208717524
0.4574779466452774
0.4646033755108511
0.4712599077580531
0.46076255133446004
0.47184432815580707
0.47165309897920493
0.45223343231533497
0.4679232492811587
0.4596377967187734
0.4690274720990341
0.4609110123736924
0.4695416389635967
0.4593279345019141
0.4680759110181224
0.4564274218759466
0.47312799222940555
0.46103668680927484
0.4651596676274252
0.471997015094457
0.458054911889558
0.4727421981718158
0.4645885092986514
0.46577334169095064
0.4646619643027459
0.4657823419632256
0.46133554857956316
0.4653941448155977
0.4642123206901525
0.472853681053083
0.4632611775489635
0.4657168229221361
0.46095431469694936
0.46761477969446325
0.4704832930110395
0.468293000632098
0.4665718146086909
0.4560890159450707
0.46651225786898687
0.46119101724915984
0.46401154880552314
0.4605677292211285
0.4647497834870954
0.4609945171461081
0.4675454634928569
0.46863584685679377
0.47296902950847836
0.4729544831060114
0.4649520082028904
0.4639319355290859
0.4600299428604613
0.46126345924590956
0.46225737778226683
0.4651499342711041
0.47253577404702174
0.4678036632478632
0.4603147504831196
0.4713851704388143
0.4645754217360289
0.4568195888793273
0.4604668817811383
0.46784107644634554
0.4774694735969006
0.468266502507375
0.4704109789991486
0.4627248904905852
0.4647501810515733
0.46523688439339494
0.4561895375647257
0.4603418328589452
0.4777338935897263
0.4593850883471018
0.463889889588185
0.4693912704204513
0.46951754445282884
0.465294423413452
0.46548616639677604
0.46948813644786974
0.4692143036585432
0.46658833778417624
0.4630382389419854
0.47418665823750444
0.4609845961211181
0.4667699503744568
0.4609041859443647
0.4735474821351276
0.46437583257488035
0.47232921914770737
0.46152291186796607
0.463606501813959
0.4578336983332935
0.4679668243291965
0.4698370393077547
0.4622377580480245
0.45634140673357615
0.47146644231882384
0.4695480624352843
0.469803082594413
0.46342583385759156
0.46302279430736587
0.46668492493267405
0.46524321004320734
0.46867478017305353
0.4716716285156881
0.46669809154559305
0.4622664469802395
0.46883583799734063
0.46237416059426834
0.4638340818699129
0.464241258741322
0.46027327250143485
0.4571838353398568
0.46638955955676714
0.46410996628192447
0.4551373212690349
0.4762453155406941
0.46491865111885
0.46565409450217377
0.4639869221642659
0.46345927899656075
0.4640992918734899
0.46669157903317365
0.46534566337159367
0.46262353300361186
0.47243378775955636
0.46969842374417714
0.4680460518649302
0.4695871049675623
0.4615181535230564
0.46577462679267073
0.4713973795162649
0.46384699945031144
0.458668426225492
0.46674725862079763
0.46521144062053427
0.46943754692339174
0.4632731490488792
0.46424802707960494
0.4739170399309462
0.46217561273789176
0.46776516733871515
0.4580655493454936
0.45840113237765095
0.4574383207023803
0.45948666748971195
0.4626849353287408
0.4646630046490067
0.4622014099354689
0.4739703272122479
0.46197141443245465
0.4697063424380972
0.4649620508130852
0.46421225028328283
0.46939965902019254
0.4667511885853147
0.45902169190907793
0.45867086626039344
0.4693125858179753
0.466880047150384
0.4578128242065685
0.4656110374984643
0.45882918888311425
0.4718306740593656
0.46583512655278486
0.461714670851196
0.4621853489929099
0.4675389256558045
0.4609779311607843
0.4676597956791176
0.4621437850061677
0.46405247525723303
0.46979531831896854
0.4563854525186854
0.4610397263945232
0.463670734707004
0.4617607201801732
0.46610651457057123
0.47790924923629435
0.45649325880403735
0.4639812323629844
0.47011173578390575
0.47242354981989015
0.47113461788287975
0.46740496672003906
0.4654207635597621
0.458439023744401
0.4538040269227305
0.4581676787405299
0.46854482572688705
0.4684974075958159
0.462769036962967
0.45936822698555907
0.46896772840756423
0.46445541034816573
0.46288974710039044
0.4669531964394201
0.4626000589879145
0.470077486171317
0.46427985278045336
0.4714549807881427
0.4626262798306534
0.4660592968044749
0.46222283644470874
0.45864926071610884
0.46738129765587677
0.4675049036790815
0.46823677088063365
0.45553168482736284
0.4654763856386561
0.47568109353729005
0.4620019569481356
0.4657711185306419
0.4553890597173498
0.4704449960172677
0.4744696201529714
0.464505794950717
0.46170718217462253
0.4744837241711299
0.4590475940076805
0.45987230113747135
0.4673180475094869
0.47006396764720054
0.45515383099125883
0.4594357461919379
0.47035029394909444
0.4704521258765844
0.4611915778931295
0.4627098574758489
0.47744260709059
0.46269226128897745
0.46433350772048904
0.46323737380937896
0.46929085141412086
0.46808768345596946
0.46224972936004627
0.47494434701129834
0.47775623529045036
0.4594414227253316
0.46110439523508834
0.46646378484972734
0.46426410457873407
0.46983902916959175
0.4606628185260487
0.4627872149834082
0.47099417318075687
0.4703938306805517
0.47569343345080145
0.46433976068055016
0.4697204707513575
0.4836183712600623
0.4645767148377019
0.47607904657413563
0.47258519081558653
0.4735104732856719
0.4776179626011247
0.4783085614463024
0.47314155799139557
0.47238660934414345
0.48008921774050073
0.4747274410632257
0.48072415338755714
0.47640702063114676
0.4709384669609636
0.4683787689929711
0.47179793091055766
0.47009352797946347
0.471940641032407
0.4823031810956128
0.4731707127315993
0.46769033339972016
0.47668591568561813
0.472560049503507
0.4836565189980501
0.46791241057339417
0.4863397304389133
0.46214827129910035
0.4682773010730453
0.47151233881452786
0.46183048118374276
0.4631894712505865
0.4779796426202788
0.46854511539494736
0.4696153968138054
0.46343808594461083
0.4630843924807599
0.46573635843098243
0.46090113868331434
0.465044658135757
0.4695114113705556
0.4658334844177996
0.4681900791769664
0.4650138035157984
0.46585492093272335
0.47151684297574814
0.4658380238976684
0.4730114914032021
0.4670329709565899
0.4641604765828722
0.46368822265629894
0.46541117367047324
0.4715080418479612
0.4662464790032536
0.4616898832370522
0.47067225651746486
0.4651140554748524
0.4656667031238101
0.46744965395940263
0.4730226545669214
0.4690757552716859
0.46966502951830963
0.48578978135680023
0.48060347904922984
0.47876537554364146
0.4740039388560172
0.46429402537990505
0.46736706230117125
0.46221801193230716
0.4693493555060375
0.4733949531081778
0.47785295021954605
0.47554507936195806
0.4748032447799859
0.47444932636385523
0.4729593328746854
0.4671037172069686
0.46420785907608003
0.4703465542274405
0.47468640879923657
0.46997820680685093
0.4761581012569207
0.4805625200435839
0.4733516491936766
0.4667830608440938
0.4878697735861223
0.48293459946766526
0.4758760147095557
0.4726032905505749
0.47775752812100863
0.4748490236846555
0.4717725400436695
0.47191225781927065
0.4707584178304353
0.48408684226527393
0.480072915636165
0.4800623289621607
0.47533653845288126
0.47676544625288436
0.4636534020434331
0.4791214765376495
0.48242486771468823
0.4825904974318031
0.47519340511717617
0.4713914952682085
0.47239267565467485
0.4775825182038339
0.46783423555293097
0.4759447596853168
0.480787347363026
0.4725874843801576
0.47579648917800615
0.4705743038314312
0.4671719536651962
0.4693529214514311
0.48123984803548275
0.4905152184261464
0.47631811734612844
0.47079705724639753
0.4702039413938556
0.476232432350957
0.46852156460064875
0.47908831560763315
0.47954997970997776
0.479342264203812
0.47116798791897
0.46208262301728215
0.4708061040648383
0.4705073745289536
0.48090704347105345
0.4655211494225865
0.4689931566122784
0.47285245716154956
0.4785503313072539
0.46920604176471825
0.47293849382754327
0.47509111596673226
0.48360687314424083
0.47410972648367344
0.47153816271438315
0.4673896431059326
0.46774268479697717
0.4685934943009835
0.48315646407579216
0.4721161009115576
0.47282020105192624
0.46769086099779444
0.47121129078413493
0.47325048020179245
0.47243103864589037
0.4692375814339713
0.49376609546594497
0.4786643572146131
0.4808227944911126
0.4763842353582167
0.4696241105241961
0.4811522172024152
0.4678749488690017
0.4916939513478416
0.48030086354888296
0.4630927067667471
0.46740019351589474
0.46816808409502053
0.4662907130422783
0.4721724763852631
0.46793625656200627
0.4732772880020344
0.4644902960211419
0.484820780977907
0.4853631120252234
0.4808452360307661
0.47353474679593727
0.47714342332434373
0.4746463869403592
0.4741059827020032
0.46979492870016
0.4784066473663711
0.47106273221044903
0.4947662292834092
0.4922008637187207
0.4851756281589753
0.4786799168425133
0.47195114388899284
0.47339453931109765
0.4682121709842323
0.47148345843579287
0.46435883961970276
0.4735443084827278
0.47948115864815216
0.47475404273857397
0.47881948185900264
0.47503144959045673
0.4723677241034153
0.47487494866273516
0.4792514391549056
0.4818830865138286
0.4774921281572991
0.49557272828617044
0.4777260720922458
0.46955255966899423
0.47256863305204944
0.48333810880885575
0.47451184305435384
0.5075326914109057
0.48694027439617016
0.4822873215007422
0.48322412940516835
0.4719921439739565
0.4658310759293186
0.484947713048166
0.4729560274391268
0.5010000999228879
0.4676601499211353
0.4892731658743332
0.4904788092138585
0.501420139127382
0.48909459998975535
0.4805559672874185
0.5059514435447757
0.49791242106160355
0.4691527333507841
0.5194419641255215
0.49549363899887017
0.4858815104670796
0.4744867697260936
0.48792080056535325
0.47461291365353836
0.47558440635258475
0.4798915391344778
0.47561445020452964
0.468709472061168
0.4763204354358917
0.49324594804614075
0.4721711842801486
0.49045899020863415
0.47358304405448937
0.4897253444118946
0.4875863555207789
0.47690070648086696
0.4916843993738938
0.49312286369680103
0.5007095663004414
0.498764040175152
0.49718621069090924
0.5129194857037004
0.5111184384720233
0.4780177436189171
0.5051624908756841
0.5060497050069745
0.47173553611926144
0.485302029984175
0.496872801168285
0.48707613612989487
0.5101101507564458
0.5166298623934482
0.49514300987310933
0.48615804874256763
0.5088050268185973
0.4993070168709427
0.4997659933831093
0.5072160048738406
0.48216866079804277
0.48372399748448097
0.49882757444269527
0.49272566215330565
0.5026402636549767
0.49214074387310736
0.5010647745219815
0.47793343703362917
0.49893143240825794
0.4869175117966333
0.49891701056285337
0.49502509264168276
0.5024127861418107
0.5086475937339892
0.4826746313267871
0.4977777136416898
0.49231876262087726
0.48679280533563407
0.4859408371766599
0.4912853848096507
0.49282633329034575
0.5082621602560377
0.49867391157694807
0.48913703070127784
0.48651148568483976
0.511831446553911
0.4807342329526791
0.4850433809441495
0.47632532470773
0.4806199712114817
0.4967052861566947
0.4989411524390075
0.5025458387684532
0.483281894180958
0.4730781682168355
0.4858230130814131
0.49784785207682736
0.4715427513534815
0.5020053439580172
0.46671802758306025
0.46780337822656126
0.48083521185884187
0.4888112925145749
0.4721936582731552
0.4809017846073953
0.48441415552337147
0.48390174669270664
0.4974654222416332
0.4695149310328888
0.4715440364475554
0.4727532565532715
0.4712999828742693
0.4680277060476009
0.45821656677154965
0.46492251363637527
0.4600303730437162
0.45837928046388376
0.461116478852365
0.46628999838725466
0.46651636460001206
0.46838950609338065
0.4677769790770964
0.46458158259908344
0.4666394217362234
0.48034911133291763
0.4616142951762042
0.4611827058899392
0.4720432444075554
0.46089522192429105
0.4512836015846916
0.4626231927121584
0.4564542026586722
0.4669963192838836
0.465076670123984
0.46027245028600733
0.4604625207042873
0.4630430360941084
0.47121861679936927
0.46593652401049596
0.46760487988754595
0.47970870672069416
0.47410174909875535
0.4628841150390759
0.47092809629722565
0.4638976685965061
0.4741695810735229
0.47049485531370744
0.4657134557634853
0.47616890708016785
0.46795086256793866
0.46972250572446667
0.46914545842438754
0.466850289974124
0.47336849019572547
0.46930099249113183
0.46468616803293794
0.4665945684165875
0.46468606041377036
0.4697490805399964
0.46949358848220907
0.4685811128341006
0.48231604191869165
0.46509811019348235
0.46309689720569286
0.47241572292842043
0.4669981346406206
0.47203988450532364
0.4716911353934261
0.4802908049007109
0.46979516603400395
0.4800483010321417
0.47320277536866784
0.4731322811121589
0.4721137443676754
0.47060420799141367
0.4719403159448725
0.4694845305684461
0.462190374530114
0.46159573689282973
0.47120814174894904
0.4742181311274117
0.4782303290738913
0.4611423718586861
0.4653877499283311
0.4688709550661507
0.47423074905408574
0.4690150620788338
0.4641641882599923
0.47313969894956537
0.4618599631434673
0.4690005368335495
0.4663680029249713
0.47122622327155855
0.466716916903651
0.4798949662288955
0.4687935586018002
0.46585426052137696
0.4644480197787039
0.47793345361914663
0.4644068156538945
0.4678198331791017
0.4662622614319542
0.4805879715984621
0.4634291293533329
0.4725890830905143
0.47114473348906644
0.4701883809065287
0.46457647020385
0.480815581627896
0.4608635493148066
0.4655057118949134
0.4615112458968248
0.46863517905190905
0.46602763455800494
0.4646124115814189
0.4674735641744603
0.45906042496011246
0.4672109166191951
0.47570052414468256
0.4676476953063461
0.46477897018703174
0.46739458640136705
0.4763248553879919
0.46549270530633224
0.4732073409837665
0.47067002123380813
0.46757735942143286
0.46669088414600735
0.47206575131007283
0.4668726900185315
0.48137665645910194
0.4715571179900937
0.47628105640221635
0.4806221829098035
0.47475383604115573
0.48140661160765047
0.4708301866257975
0.48524064128273336
0.472090476379536
0.4719884372057434
0.4754100413608867
0.4775857350445252
0.46422395138788064
0.47742942955732587
0.47533238862829014
0.4689351533089195
0.48225944614582383
0.48156739131419724
0.4750726374995901
0.4745520370151406
0.46924441781875464
0.4797768107842856
0.4701250239018766
0.4716431880390879
0.4643812041901354
0.4703011782149773
0.46958556108306493
0.47583003780385585
0.4657116532610892
0.4659589430443579
0.4607834198434431
0.46795737089901546
0.46855116462718505
0.4700968376855088
0.4738446922494889
0.46970325650233036
0.4693488775012364
0.47423576336246703
0.46468487396436037
0.4669938447843041
0.46027433897601583
0.4629184755206804
0.46441134706841286
0.4695551177880413
0.4744632801997442
0.4682499601923297
0.4685112206157956
0.4658592004573823
0.4663605601138152
0.46705665330773843
0.4595057277952038
0.47213379856156035
0.4714282373442023
0.4752211947532821
0.47221433524291834
0.47873694065065686
0.47080117122289933
0.47147624609801286
0.4638627334833161
0.47375652544850194
0.46183527803979707
0.4727818689757849
0.4664213721555866
0.4647859188687757
0.4580236258076774
0.4788784413239082
0.4663308171102402
0.4629157021070853
0.47084426943319724
0.47054392840960657
0.47262765914625215
0.4690026426754902
0.46500395871442035
0.47202423401487403
0.46745961100477085
0.4736556714542706
0.46437032491493824
0.4708152091604886
0.46762800669219634
0.4636713685841085
0.46332156659748613
0.47529050635210446
0.46556723181806153
0.4665072306913792
0.47824854781806825
0.46731181584141657
0.46684937592876036
0.47069400598034145
0.4757075580178912
0.4775783310771043
0.46987839927610947
0.47091064906444685
0.46724013622996635
0.4677032887113582
0.4674469898614374
0.47032632549255937
0.4673070060354204
0.46847021368078356
0.4702059317795867
0.471107577004978
0.4702861520345536
0.46755306338286223
0.4625986010700907
0.46752911095712363
0.4689824935077635
0.4660865735730644
0.4713591156186733
0.4679385242645744
0.4655576242007936
0.46648895019810105
0.46542829005053493
0.46636110016930044
0.47137044390583405
0.47192443581558263
0.4707653930206108
0.4638152339863727
0.46107552996546797
0.4627796773989684
0.47003270832682914
0.4767566540236598
0.4643843487902488
0.4706025525402389
0.46914101946856457
0.4600452617429755
0.4736989872034986
0.47205794703955567
0.4777065611651456
0.472075859598857
0.4726858590904861
0.4703951830969047
0.46158029683598
0.4634448371898092
0.46471121623986533
0.46571306387351524
0.4652015635485849
0.46260829030379536
0.46520715501901316
0.461227899051623
0.46657321965333853
0.47221942167178177
0.4678223180843291
0.4648366682371627
0.46701003969903393
0.4715449297143913
0.469750509746381
0.4667573973359414
0.4669855025917937
0.46754522604371157
0.4624454537426163
0.46341445062895514
0.46581640659560153
0.46412622418072186
0.46586006994437146
0.4667326716148871
0.4631137809781295
0.46178665682195874
0.46511328196026636
0.4722765657639584
0.4636221293413486
0.47174569619007395
0.46891083838123543
0.4663232224564311
0.46144983554841323
0.46891455773922175
0.46865917384398864
0.4693456052773832
0.4682746199804018
0.47577965247656157
0.47515697488433206
0.47333396974778763
0.45944021669001045
0.47289666057567525
0.4699654897445615
0.4686618913587149
0.48584431240085063
0.4637752293816665
0.4647426920331726
0.47328883955049944
0.45995039098319873
0.4695014611822881
0.4644216398904344
0.46606591409915565
0.4737152086024824
0.47681385505535717
0.46266447014507595
0.4572958023357793
0.48176332314598524
0.4656424197435319
0.4657321584773749
0.4587572929279706
0.46464753995912567
0.4748722055590535
0.46858134539246526
0.4678563894520217
0.4798299515504289
0.4621232638223081
0.4639574813135512
0.46474416293145
0.4648918483721524
0.4696500316280902
0.46430294999991006
0.47172704818212424
0.46073296308191947
0.4625482291249402
0.472483756101689
0.46589896009351817
0.46030533445147487
0.4669001979841466
0.4581618071978587
0.46993497275807483
0.4696749782175123
0.4653394694752477
0.46835745863794315
0.4706198451331775
0.46671189590416173
0.46643460430354394
0.4661857951748341
0.46511631789600727
0.47107361451164687
0.46424930622279564
0.462191206896461
0.4627021955287615
0.4665683327924802
0.46494550260623874
0.4629269451027334
0.4610568101693086
0.4626961846097732
0.4663171461619896
0.46719153932856894
0.4857847254554973
0.46369092863531136
0.45329940345169395
0.4641610085182661
0.4592880858912498
0.469478432175069
0.4566748059251037
0.48825082049999236
0.46826558530087753
0.477649682194068
0.48539679941281577
0.4677038104206325
0.48085898186053005
0.4589161481105709
0.4666864216826843
0.4566097724472308
0.4654894019754638
0.4645505901932211
0.471063892253138
0.49137307231362004
0.47021824269104795
0.46574960029412665
0.46958588587529687
0.4712458188088421
0.45516071293591864
0.49337854589305363
0.4625961650459309
0.475420982183605
0.4762689336394811
0.4791193500419903
0.4866887209137125
0.47863188149847447
0.45938232344760965
0.4694015177159031
0.477308723249253
0.46756594548497626
0.4668172973977531
0.4736518187602121
0.4667311960881852
0.47238995745479917
0.4763363434284583
0.4793619197697295
0.4718467437099146
0.4681503295045626
0.46796515204685285
0.4936037311851417
0.4677862363235696
0.4707701208400111
0.47169273166612824
0.4661706410228471
0.4656028442334149
0.4764654760942552
0.4677043743235265
0.4807999180635885
0.46903172446691255
0.4686402017419193
0.4753339852701877
0.4808794531076962
0.4690474965745248
0.48272523886461294
0.46070260785534123
0.4726520133875494
0.4635437990517361
0.47190774519545614
0.47020414913126873
0.4692058581812227
0.46617689134485024
0.46550959786681695
0.4878473806163328
0.47953736459528434
0.4778229621868111
0.4764027828877176
0.47086298066483717
0.46910094826357
0.46476325159822673
0.47122523157329443
0.47530556728240225
0.46182779161553833
0.460140438599263
0.47630474107014026
0.47222580557633737
0.4747523105835908
0.46056607456514914
0.4735306286387086
0.47865581518461514
0.4749297516632238
0.48702698423245894
0.46417227281337625
0.4795537805182243
0.48528447727939017
0.48442244687836644
0.47726145898177025
0.47374939935933297
0.4676857071493884
0.46977064444063193
0.4659909472115241
0.46561962579069205
0.4739486797213024
0.4753096614114725
0.46786996706719175
0.4726270357458459
0.4566777949997354
0.47576712951564554
0.465371974341797
0.4627412161828022
0.46811496439387645
0.4760693522848302
0.46624472335908573
0.4683299297713696
0.46555532672102073
0.47849747014972743
0.4737683107411838
0.48917347371380715
0.4771755953652383
0.4726712786015162
0.46734431538175475
0.46022061119625685
0.4737173841360246
0.4747525587185272
0.4704529381963525
0.4712928542890913
0.47521833308233946
0.47279477657040514
0.46273488350923475
0.4603265113514758
0.47314115155241676
0.46778860450915366
0.4648749588659577
0.47178009741395754
0.4664381978293658
0.46518663707732955
0.47239403313587863
0.47548064681980323
0.4678471115250223
0.48115117062465157
0.4684100006742766
0.46917726113639513
0.4696328994026901
0.47963202871081123
0.47901050801146267
0.48071005567012376
0.469930382500898
0.4688817338132825
0.489614609096851
0.46220508913425806
0.4692926001573289
0.4721999342059618
0.4851979957173069
0.47787189480011566
0.4867319825265406
0.4727459190581909
0.4681234871705663
0.479277190666776
0.4710939536610337
0.47472059967499125
0.4676085573578785
0.46852976553829145
0.4776880686199822
0.46784777360650043
0.4824478111703811
0.465819193247848
0.4768041496479043
0.477377705318047
0.4666491221393076
0.47423063379851865
0.4937871390341796
0.48279334835276866
0.48134481142485364
0.4694242706737224
0.4890749602023715
0.46939437952518764
0.47032260699884215
0.47538113653141767
0.46126496236323855
0.47998571706273035
0.4851428274097928
0.47352793861682974
0.46905922963337976
0.4659094388631315
0.4704360550258555
0.4587583205060502
0.45820202771693447
0.46241878467628694
0.47320440994865304
0.47208926184532846
0.49358015387548326
0.46852423919385006
0.46255734320853076
0.46618384710734845
0.4841545636913859
0.4847154319087985
0.4807158232058833
0.4936751370951091
0.4817418474913734
0.48322598502535336
0.4644477919414848
0.47172499622917563
0.47233539220425275
0.47709407335496795
0.4805079162290291
0.47459806790549924
0.4884882913588222
0.4837701331280954
0.47112193208400954
0.4632090217381988
0.46812963478633335
0.4688563973674246
0.4808679401915956
0.46101290707026993
0.4682013726537085
0.46908702510516237
0.4808919475157958
0.4694261236509132
0.4611177912105668
0.4739166759527986
0.4627019299751927
0.470523208255931
0.459801667044868
0.46408690320015034
0.4699912042359415
0.4667647640880519
0.47772207709668635
0.4785981381063597
0.4606061621744568
0.46627099328928084
0.46804871879080306
0.4607371347488724
0.46613205748430186
0.4647933697274584
0.4632924837751415
0.46631711287449384
0.4767604055094619
0.46672516019112303
0.45982425741015875
0.47893883363232914
0.4694983367629638
0.4677595803495484
0.4618601392719249
0.4693584902596528
0.4630946908326353
0.4831936176380983
0.4658351340466786
0.46887507368510534
0.47553220954468145
0.4640714637517755
0.46479594824619797
0.46024220329142324
0.4625743232899526
0.47517423956507765
0.48029896373947456
0.46739316404626685
0.4604506613273493
0.4702868390476522
0.47761477654126294
0.4802558426808479
0.47750113323069265
0.48263769209219004
0.482829505379262
0.4715590985425661
0.47593691482646
0.47039688561856413
0.4636205860131266
0.4778597393259539
0.4654541742166258
0.4718230753582561
0.483988417773986
0.46689283865462367
0.47514818622548916
0.47891025625333733
0.4865376682884036
0.47196226589434565
0.47101190809498783
0.4664553595231758
0.46878504177046654
0.4736638159971841
0.46941750999528586
0.45871033678574963
0.4738137102145101
0.4621226222578166
0.461104793354067
0.4685096096036915
0.46391191705507584
0.4687165800878282
0.46201838869871575
0.4601535597817989
0.47040705202739425
0.47523332968202586
0.4704476182967919
0.47258496037310577
0.46226086613811374
0.4710391887960239
0.4927874325022296
0.47134519063012353
0.4831824054873696
0.48396311037252626
0.48266668041812755
0.4763679086515136
0.4705755081227663
0.4739614288509211
0.47298022536799095
0.46590793301201183
0.4608206246243499
0.4681715036356971
0.47648109862514865
0.4789838819011772
0.4719139232888219
0.4759324896394344
0.480467483334542
0.4793204541248828
0.4869110961649201
0.4709142388692311
0.46587550916273174
0.47423950097183193
0.4767878068250016
0.4743534566459757
0.47667624566963407
0.4653101629301495
0.48131486709735266
0.47952095310201104
0.4740187513186657
0.46701211025556705
0.4664577303880569
0.4611081357250803
0.4652017083502783
0.48001372390257263
0.49421873962621043
0.4899600157704234
0.47366067860198885
0.47436951431470875
0.47567203920938345
0.47547916001068524
0.4831242771828274
0.4690854659420919
0.479021347383323
0.4858154553240851
0.4823135157336727
0.47441943932907554
0.45694865330467077
0.49175915756669963
0.46457110163371795
0.4657587908648576
0.4641414381009188
0.4632757716783255
0.4634720830378725
0.46727697388201606
0.4653407242272626
0.47523754657035
0.46671549763428477
0.4867785180828059
0.47861838105882626
0.4776931819821162
0.48429306291169355
0.4836713217512348
0.502395352949626
0.48355625568076754
0.47525534540639397
0.47530848446519613
0.47481015421611233
0.4778835585145087
0.4814581969026972
0.4925430028915388
0.4821575144843667
0.4831237244535437
0.4773575883934041
0.47413822464306454
0.47322247532451367
0.4797623558763993
0.48017583240373996
0.47113104791860505
0.48423232632511165
0.49100426661515395
0.4912660534378927
0.4933536413465228
0.4912234290060039
0.4769767052988844
0.4972711361974707
0.49836408169153257
0.47795400771219515
0.48660765136236434
0.48938230776884706
0.49615311236699006
0.4716795784941466
0.4779334270397861
0.5062649037505853
0.4857422885938636
0.4966746497483377
0.49355966527413536
0.4978388966973347
0.48763382524317245
0.4824002696829065
0.4765741682801338
0.4802813811275443
0.48041998608907427
0.4767205458689317
0.4889424591164764
0.4811127719808431
0.47157046489279997
0.4779529780721501
0.48370019113169194
0.48545386911421023
0.48307437746992266
0.48938735579373954
0.48236094997796947
0.5070719414117891
0.49650457884967514
0.49327771975003176
0.4790396184100636
0.47888966038266223
0.4884239361162795
0.4877867794486828
0.5118178842125329
0.4812467063421618
0.47429858971065025
0.5020802902799865
0.4927365834969804
0.489490782667169
0.4788328079062007
0.47127494531952613
0.48397156064261865
0.4993532459115297
0.4923381186642244
0.5013971674971427
0.5004807897932639
0.5134980761407106
0.496837384115333
0.5161037870539747
0.5018083467757073
0.506658556623114
0.4792463951152909
0.48695177700330816
0.5044729186403702
0.4757984254176515
0.4973156488771968
0.47189800752411815
0.4848811745616571
0.4864746204825959
0.48957080309035567
0.4764063702699539
0.511359418181823
0.4875182808175396
0.4813910814466603
0.4769246148176401
0.5007488226294703
0.4955901174785092
0.48862297545893735
0.4954839338801971
0.511667852368959
0.4883266687707459
0.48301578811454843
0.4738270508904271
0.48212875117672405
0.47590431786225107
0.4941056014082124
0.5135655010801778
0.46770751826215606
0.48419341841207275
0.4973484910139432
0.4912075260142734
0.49028562681177557
0.48008910339327193
0.4829779600340591
0.4742262343124735
0.4792170654831705
0.46974011829047435
0.4928775331805668
0.484175346367515
0.4963541773831474
0.4744968225608538
0.48055133619445356
0.4863430910878331
0.4949583297696019
0.48412917070798095
0.472589816736238
0.4839075504791634
0.4936143377920674
0.49117169670434346
0.4981092517804476
0.47868082280996116
0.5119834712798387
0.48634565856495254
0.4940161206071687
0.48255164800029143
0.47746273855130206
0.5041949655578245
0.5066677583318886
0.4772199446010673
0.4776623162639802
0.4794606720337264
0.4859183091603045
0.4805911087214517
0.4758158107566427
0.4730196789783109
0.4821502517830156
0.47793512091590257
0.48460120323029915
0.4796015860523651
0.47611120188658806
0.47139970285749694
0.47770503020057475
0.4776036088031078
0.4816902398667108
0.4889858761355915
0.49933921953451277
0.46560734425134553
0.48043790543771236
0.4703621240481036
0.4659135882921607
0.47855285008121784
0.4682759978236342
0.4951002164125725
0.4740480739941912
0.4952439866785607
0.47532269899339047
0.47063792500602486
0.47010966862050263
0.47705379635306444
0.46948624259862237
0.47251608315048743
0.4737894226060998
0.4620187639181477
0.4627522604491829
0.47571561433010884
0.48216906606427473
0.4700339837226296
0.4695673300119383
0.4778091630241079
0.4690820256051509
0.4551984252751425
0.4748041033399144
0.47349114634253525
0.48003848726072973
0.47311836074112446
0.4703035584627576
0.4716231586070584
0.4771126963802363
0.46645700193807066
0.47888735588883236
0.48652469417514277
0.4687028313727274
0.4677001443154462
0.4683073319417179
0.46739633220373134
0.4824518899412566
0.4700954456346712
0.4636614052378581
0.467708391550825
0.48083811638115037
0.47855947306464397
0.47440938265864047
0.4687708066867575
0.47385064560502443
0.4719222535485447
0.48250223183258173
0.4885210683689328
0.4901623668180502
0.48923159426611534
0.48158059631684136
0.475705160313626
0.47157366635469833
0.4793152923207804
0.49668764844873836
0.48810419537662547
0.4704607152232607
0.47889852467297994
0.49178221251554555
0.4828654100613052
0.4709567788980425
0.4940639094868498
0.4914634567898555
0.46942674772306925
0.46492934898015187
0.49514713361523793
0.4850281384741313
0.474548323273812
0.46322222737625895
0.4695186816140101
0.46561338999647406
0.47458832065912554
0.47108778232082527
0.46742644978504555
0.4662586046767616
0.4667602181002186
0.4740727484841492
0.4763960646533537
0.46582359163792414
0.4594330960258076
0.46310015674495797
0.46553864899882014
0.4625249063645872
0.4667264759480468
0.4587833449596441
0.46267321168803066
0.46291574454747964
0.4628547866503629
0.47007441164508734
0.4744295835770615
0.4820177973656432
0.47070263758692155
0.4691626532896403
0.4616439553779241
0.49322663501844444
0.46900489907298176
0.46848802033416587
0.4686171056346981
0.4737444725695083
0.47266533332354943
0.4656507412265307
0.4711381839896347
0.47107845597141984
0.4660868663928443
0.4678269096994171
0.47400652607791877
0.4699252983351272
0.46643840702271544
0.47409469953264927
0.4745924051760281
0.4721792257902028
0.4710699402753248
0.4647486484069167
0.47801912759174997
0.47495488338399616
0.4734666840266542
0.47717714143023326
0.46967935012015744
0.4698127699908632
0.47613934619839055
0.47560011302450117
0.4811550603537851
0.4717412330135664
0.46646867233900363
0.4676068283274245
0.4589350891756982
0.4631289735983149
0.48140257084363464
0.46818467309296163
0.4685653314065884
0.47167942025200715
0.4647556366350666
0.48027456021888343
0.475417646931279
0.47814095681118773
0.481423259316284
0.47970942446941806
0.46522390945513536
0.46403071687482794
0.4598433592056576
0.467241236770161
0.4684984558484316
0.48049989151343137
0.4770181488938466
0.4767833306037827
0.471103474440131
0.4768152839193485
0.4878920005244344
0.4645677012072423
0.4676153187448401
0.4704791783604573
0.4703497866499624
0.4706085925627772
0.47422223407148184
0.46702750641025603
0.4828199814777912
0.4703725075816359
0.4783643067197416
0.4795800241633033
0.4750916830309788
0.4726734502355439
0.4732054528672284
0.46852010207498196
0.46202446651195866
0.4584361565041379
0.4762426744227044
0.4739636702937772
0.4723191609202202
0.4573116250892156
0.4560039959343741
0.46848646893443163
0.4644546047729781
0.4649137036052206
0.460854089692073
0.46514205985619755
0.46908870244767464
0.46034598157751444
0.4565806254344105
0.47557282670988793
0.4611636263884314
0.4698724737973919
0.4640060058843844
0.4695473530365389
0.47147101019811155
0.4690284528333015
0.48386413480096235
0.465916081022375
0.48714013538517276
0.4628860742028808
0.4667278542211178
0.4699331705596633
0.4611199719713004
0.47704073630503036
0.4698072731329048
0.4635478596654452
0.4626494888965774
0.47030412634279534
0.46771499788718485
0.4645240813160264
0.47199680384438947
0.4630147048541007
0.4673926798433557
0.4836046395007071
0.4633400399944287
0.46780634920927405
0.4699977686405779
0.46942944304878886
0.46027341361221114
0.4658047314687766
0.46141744743403296
0.4631633612175916
0.4654811003764676
0.4595558801920238
0.46410426012939787
0.4623785505990781
0.46150716034806916
0.4597573849845654
0.4642045264163463
0.4616480172556153
0.4621143363523908
0.4621412457891767
0.4631578757518028
0.4572824522621941
0.46752349504042146
0.45708810906485237
0.4750781493162036
0.46218971435539563
0.45817919189533524
0.47209920931780824
0.4604241755396875
0.45995815612333807
0.4584746984114224
0.46083172311249415
0.4590820991548528
0.46390639719939064
0.46092527737144434
0.4721207635039185
0.4656146625056531
0.4613087586642946
0.47325184761821115
0.47212838333880586
0.46454913005280263
0.4740051142649986
0.4686844490299147
0.467574836821194
0.4682019899044696
0.4671650592986996
0.46555667618644453
0.45723642577818296
0.4655570601891224
0.4650615075501037
0.46619673083575763
0.469365028498178
0.46448343596841585
0.46173910123699125
0.4593117286931601
0.47174727400208566
0.4702025515085225
0.4586282784777409
0.46259146303080695
0.4787195964313088
0.46798271424038196
0.46633268471375444
0.4677770088353037
0.4740643314810921
0.4657239337302559
0.46041854722841546
0.4724092822401919
0.4692292837018819
0.4707256342446602
0.4745636096312872
0.4676026757504302
0.4625518402981979
0.4733165662612069
0.46885980414846923
0.48432652635196966
0.4731523339436342
0.48219942211263317
0.4746464757256571
0.47843824246908045
0.4686152431614833
0.46901261057595656
0.48457433001505834
0.4792098217764181
0.4762769163468196
0.48257545210280106
0.4709195683699291
0.47554043389945083
0.4766869365744435
0.4647224558972592
0.4719125201010323
0.48926190276206777
0.47374484274015827
0.466381528206249
0.47997898529580657
0.47469321043172213
0.4735128003729257
0.4694374454221116
0.4597184553843413
0.4694016498178999
0.4668729166697879
0.47751455634445217
0.47358389155540864
0.4846489987466944
0.4662838972405252
0.47187931260760263
0.48022189666126325
0.4674234215062504
0.4750793394328099
0.4656328375529629
0.4757670824308514
0.4802982233583748
0.4708062781402463
0.482200280061747
0.46333326670676955
0.4781928398762073
0.4785343234833788
0.48701775898942146
0.47068089291436366
0.4750859175422018
0.4793819483005647
0.46131575240074274
0.4864190589931221
0.4785054483472516
0.4699463224876332
0.4612856029374946
0.4695768555204925
0.4778191282826306
0.4645852747583166
0.4670860009599776
0.46534319204092456
0.46053729557592377
0.4669122400921935
0.4651119007714555
0.47295475227974143
0.4686844002651161
0.4568228544535184
0.4660189858377132
0.4618306433134652
0.4647401098836741
0.46316066763482644
0.4653143074696804
0.4719227624149143
0.4826091035750466
0.4593238898314184
0.46451884383157827
0.4688399088932458
0.477505492955132
0.4704258249192494
0.46281207093335713
0.47033874028529427
0.4832450828878244
0.4768771905685049
0.47646940564263973
0.46986599925629546
0.4661470548234426
0.4770399428200377
0.4741445525876851
0.463404464316919
0.46293225770005103
0.47116354514579895
0.4616663874348132
0.4569497794919634
0.47476216673991345
0.4638597657208202
0.4646251162956664
0.46939327235611156
0.47045998974593717
0.47419653571353876
0.4754972397773145
0.4694728376196813
0.46499742543773415
0.47307869370871625
0.46431800116337074
0.4672563817432663
0.46675798475415553
0.46475778546660984
0.4680311925748206
0.4719970138588688
0.4657724824811622
0.4595882688920147
0.46388396318707853
0.46567230650761887
0.47300169194529407
0.46899336546216264
0.46621843968847904
0.466382453853652
0.4633923891784496
0.46323408854115994
0.4722031117664269
0.46994934057119225
0.46606270207410877
0.474920182180084
0.46034798915034525
0.47350369146712895
0.4664975027985462
0.4613627911725266
0.4630948318553231
0.45921679313434627
0.45699301726108477
0.47237339102544895
0.47102028627934395
0.46391006044293287
0.46859916149041975
0.4609803197670972
0.46126426186887465
0.4587696894447536
0.4659617975987765
0.46657104791375364
0.46393338638611015
0.47305009325984115
0.4577808143407487
0.46825568138527707
0.47637724451607916
0.45755751220572116
0.47299784906283543
0.46431793704210556
0.4597239126284602
0.4656019827022812
0.47300860199143807
0.47367146883201355
0.46587582510079145
0.46637986432003004
0.4622822172845267
0.4858411223708688
0.4648896377078305
0.4579461516793724
0.456415856721927
0.4615673414647155
0.45860142548160865
0.4636255074780454
0.4746142026114292
0.4673891463345227
0.4580366936614794
0.45691802657957714
0.4626226819581976
0.46311636836751224
0.4669737100261341
0.4635029492706038
0.4841420676361071
0.4680449647186951
0.459073246404812
0.45900689305038433
0.4671484948047959
0.46873725642974495
0.45603701369664734
0.45217619610532306
0.4508833916333564
0.466955741925995
0.4763020010013331
0.46016350681867774
0.465426804934888
0.4620007155477305
0.46297551981815316
0.4972358382104749
0.4883085872770983
0.49548618872166833
0.4841252089941715
0.4778271909927545
0.48462402559886236
0.5005711635471377
0.46323799622098766
0.4717660325267038
0.46256442153887256
0.4618878268350865
0.47122302845066255
0.4462607840011327
0.4543172936459834
0.45610853001591856
0.45475000532361864
0.45455085367817744
0.45858465931392434
0.45579176416237166
0.457001785533545
0.45594654458387246
0.47442289166749846
0.46090248938979145
0.4568107886072137
0.4521560385003256
0.49377795708014244
0.4496247098191679
0.4549260686739812
0.4598992663961857
0.447716668834811
0.4479592846051487
0.45748275139388034
0.44504380079690103
0.4440548383603197
0.44943148738411437
0.45509496179501396
0.4537546137532442
0.44922544162150474
0.45764275733620374
0.45218862802157145
0.46366973524602906
0.46314656147658106
0.463327162562203
0.46980914182764966
0.46571196012081256
0.4677392500694049
0.46321895133529223
0.4681689591222632
0.4662014826123997
0.48003337036904414
0.46463185113340677
0.4475691285067409
0.4497713434797756
0.46177379458435286
0.45243034729922244
0.4594285659954816
0.4539021195618579
0.4612958478382193
0.4446615224499877
0.4559272827936638
0.456310947976225
0.45888506861439954
0.4507769811000354
0.45349789627619513
0.46419038986961086
0.4523311788739854
0.47029681962468695
0.45893901169570106
0.45470081206498963
0.4605200589710319
0.46155580387142287
0.4584079297417645
0.4601340416848536
0.4592115068821739
0.4646795614680288
0.4550892938618467
0.4600990240989077
0.4653304952291963
0.4590018079547006
0.4700723543687272
0.45959196629427856
0.46007607996185274
0.44858916824438383
0.4570558774935039
0.45104886518963183
0.44933475837641423
0.4499664969169404
0.45595878737180673
0.4497723745389359
0.4559164657345765
0.47286205813005133
0.4507103191534963
0.4501220751820366
0.45331150676397625
0.44771857507815543
0.4519686078105313
0.46702129102939355
0.4489457647685272
0.4473031388367293
0.452862832401402
0.44990224713537946
0.4610235896461798
0.46188304394093516
0.45508158504318463
0.457036294367629
0.452319898180025
0.4506603651486778
0.4680522607303331
0.4623969386822987
0.450407539050691
0.4649795276969951
0.48126652286143645
0.4605802854307776
0.45780097808760023
0.46496839429389397
0.44739292916193996
0.44812689219108653
0.4516433597702926
0.45322214044321185
0.45680156755327994
0.445745813489497
0.45857146679754585
0.45305332488608013
0.4476339670217582
0.4452866132207526
0.4524052408389567
0.4571298084081665
0.45593159595192756
0.4574247707940262
0.4533473987834521
0.45049818800309455
0.4561105231716106
0.4545364116548353
0.4527795993664919
0.4598164665830931
0.45501430301116225
0.45261753584345454
0.46675603487182415
0.45432787926736057
0.46291571693982775
0.4573399953755701
0.4557842401035024
0.45456447948684603
0.47395873201428074
0.45384943714161935
0.452778357831734
0.45215271301259385
0.45651227674633804
0.4537058508876292
0.45820129394544357
0.4500148460789942
0.44825988148380447
0.45256399454634966
0.45203967717905874
0.4590174042509081
0.45088776218255344
0.4517544697532541
0.45831270855157236
0.45890377436456253
0.4467067880804108
0.45157664457225705
0.4527895489950973
0.44904794332730347
0.44517573992364884
0.45860577649631995
0.4709405141146393
0.46159361201549326
0.4603213498086898
0.4675691430645676
0.4502670227214946
0.45874752308464156
0.4538633324997909
0.4556104413778146
0.4601763061403812
0.4626528936508985
0.44855572955507417
0.4575765142386287
0.4644616710324049
0.48194114610439964
0.4515978647437247
0.45691823364825185
0.45170076848066454
0.4604926797438612
0.4548888801045283
0.46606019496434364
0.45315399197141165
0.4638716443434411
0.4629949474232579
0.4748656128256529
0.4521830593743583
0.45062589134691605
0.45320693667139494
0.46203449009173403
0.4555164412930691
0.44925834851167384
0.4633003628138991
0.46855693314348873
0.4673971509337737
0.44781468740496033
0.4601511513791276
0.462196586695247
0.45567712160269375
0.4642077741076916
0.47474191978192226
0.4617065599012902
0.4639381094683222
0.4562761518421735
0.4575597615339276
0.4724343111623861
0.4716459992967272
0.46974240135666506
0.45096714421250694
0.46458760636483937
0.453990707197795
0.4692469979859927
0.45795822779837925
0.47323294357757106
0.4697423833612283
0.4784181495192619
0.46323571447099676
0.4583412835007097
0.4655080567787902
0.4688986695336702
0.465804709633345
0.4589300446908489
0.47584105073170424
0.4742196150395958
0.46447142622599996
0.47413601948304734
0.465927257438223
0.4551787479701796
0.47848665298260945
0.4638736974059066
0.46740403317047674
0.46744963044001714
0.4552775798481585
0.46620320873832877
0.4664829767096403
0.4678459522335454
0.46959260541064773
0.4596909467564436
0.4835639849002646
0.46082461979375117
0.46475417182937934
0.45849285325739736
0.46456527779823265
0.45936118281659505
0.45359437879115155
0.4945215180699271
0.45591519904761996
0.47726268780465125
0.44822699842380753
0.4598827940766149
0.46504484703207094
0.4686115952437409
0.45682074974400777
0.45743668750250216
0.4691296459726033
0.47115800354718207
0.4680936611764419
0.467832594935572
0.4611239913659319
0.44960177073826096
0.456981697565846
0.453686290329865
0.4543295798399335
0.45456513063084397
0.45738150421438456
0.4601350240995482
0.460252653577774
0.4711851679062829
0.4678954133865716
0.4664499240107976
0.4577178712057918
0.4637258949567278
0.4616599116525661
0.47254349875516366
0.462976197654146
0.4674850727840219
0.4597545877318452
0.4614489463128514
0.4740833606726656
0.4590315531748078
0.4533818260077719
0.46291653538647975
0.4645784003175431
0.46428959737396364
0.4728010518808759
0.453818931270887
0.4662410740100007
0.4572230058181453
0.4675599821824316
0.45841947404501726
0.4547008104635139
0.4517028822567327
0.46367080408805095
0.4566790922617318
0.4703650903419001
0.46666731085286156
0.4603442041077113
0.457373193106048
0.45273006682559125
0.46978069413286244
0.47952090863277974
0.476201113720162
0.46839455119018264
0.4613495415662776
0.47461852369177027
0.47041202079685523
0.45443221251570093
0.4645518999342508
0.465594564743287
0.46784169076634036
0.47255234065139723
0.46692037203934283
0.4590839402306892
0.4621228145165841
0.46318242529851833
0.4602163685480942
0.46291018737899664
0.4575507368742834
0.4711206370312859
0.46416643942433056
0.46654623309441245
0.46371813500833103
0.4562050804905853
0.4647807511737906
0.4704283390023012
0.4615618511357018
0.45567760925824635
0.47151239115032983
0.46696573398461366
0.47013489877927894
0.45315888330865595
0.4585982703457125
0.4590455855908891
0.46334140937199125
0.462894878313388
0.4684944182305542
0.458379123128819
0.4525950443884055
0.47492410249495237
0.4611208274672284
0.45586792968932466
0.4671317302311036
0.47246370369299256
0.46593696218753017
0.46862751203604897
0.4686111638662572
0.46724896043474634
0.46325621854004473
0.4670002161555272
0.46736612598209765
0.46394624224824604
0.4777996357396763
0.4614100354393483
0.4779065691597637
0.4675141307997758
0.46902648020537513
0.4774253608943347
0.4748942942990093
0.47276582940808387
0.4650937192162814
0.4690350383215355
0.46878489204767254
0.4692191392752256
0.4709475053010851
0.4650607561513621
0.47233724111357306
0.4613435068656188
0.4683336108116825
0.4635889849961633
0.45758287704694334
0.47268454281639005
0.47527153251877047
0.4586171401554318
0.4657072509710889
0.45905794847006776
0.4595523816337181
0.4715033577693042
0.46051537677960036
0.4609090209626106
0.47175084069651685
0.469994220364917
0.4701141188868505
0.4607638124897719
0.4712941035131921
0.4687852257612035
0.4571144240953921
0.4654618682333256
0.4518311960349832
0.4717042628011465
0.468374726766944
0.45530179637756407
0.46185920590743174
0.4708431126206328
0.4591732994788064
0.45880928777629526
0.45291872331395244
0.45942618865504226
0.4603600145934289
0.4753614484980167
0.45153277173183326
0.46229515980686936
0.4723007597632823
0.4574629447167506
0.4589049258877984
0.4561398375230481
0.4644788930604472
0.45833732722408693
0.4657023288495979
0.45944843856114487
0.4650736952706513
0.4593819172279
0.4563817491859419
0.4606249539149449
0.45829094465845677
0.4671518844085179
0.4639344368695137
0.46139836591735617
0.45682875935934725
0.45412209623317007
0.463674868998204
0.47362851268912964
0.4520771373561218
0.45472954425997875
0.4586113407
0.4609991105156622
0.46286430033792586
0.4566847323296529
0.45218098980713856
0.45031642795882587
0.45955280789797065
0.4506232149858306
0.46838263734194613
0.45149627838819517
0.4668924856569124
0.4578805439223949
0.44756612131632684
0.4499084573997697
0.45650850745371624
0.46287450641743944
0.45489801478820074
0.4728606649516439
0.47191807195106167
0.4664861766082122
0.45109012327738235
0.4632743005205032
0.46086760739218197
0.45711210093340376
0.45019840856043947
0.46280050060962585
0.4566139429556033
0.46309058036760276
0.46343009846149325
0.45502155484720574
0.4608155816196663
0.4533625221596454
0.4576823424206453
0.4546758869435716
0.46456544579227366
0.45613959793833253
0.46379940159931904
0.4857164990000839
0.46205332988752407
0.46022533406777244
0.4577330288488535
0.4598622621078141
0.4551808201088132
0.4621684005318828
0.46028891452986637
0.46871045011870693
0.4596193366817109
0.47459334720223645
0.45565055913414
0.4602414956495546
0.4610594137816671
0.4611528245994733
0.4669944211590497
0.46275040106863957
0.45830771138270615
0.45660408972887184
0.4636243807806876
0.4676491465326024
0.4639022890985915
0.45679140427417847
0.46394350834485243
0.4588956765476052
0.46476627861352593
0.46061577174460555
0.4624751951479333
0.47504764804561905
0.46177765641918983
0.46226496143178314
0.4589523403466028
0.4701955979750262
0.4686686522190816
0.4598605588948585
0.4657372700595093
0.462788605086066
0.46950628175896914
0.4762813013651033
0.46182972454084253
0.4623139805210518
0.4729155325393245
0.4610059186262664
0.467655452341237
0.45043384512362555
0.4606255833899247
0.4592416584802546
0.4661254850619316
0.4581949939386393
0.4550064338781671
0.46330109039678175
0.45685466414221515
0.46237319622728446
0.45120574368837774
0.46156322164444163
0.4543052821715047
0.45322405154153217
0.4599776118589473
0.45322272630207533
0.46280159181839525
0.4619646653850681
0.4604695946594831
0.47050108136128027
0.4606775864007793
0.457586162741055
0.4626292838242755
0.45723832032735046
0.4610591455222188
0.4679391414336398
0.46200682471018967
0.456070150494834
0.46177103427698957
0.4580979103303865
0.4612542124654733
0.4602316759101177
0.4571627535754422
0.4688823214680008
0.4608317320670538
0.47108164808526753
0.46139477956928543
0.462693393282606
0.45545870962719676
0.46289307619680226
0.461084121502605
0.45809545428418896
0.45116681943266607
0.45689852595952357
0.4647884237467329
0.4512918050915834
0.44734444070580476
0.45177875518457306
0.479747467003272
0.4606575987231543
0.44925649846452687
0.45310309852183694
0.4539652674307338
0.4678062967689585
0.46818052259208764
0.46371055683664003
0.45865565233525846
0.4609261791541973
0.4570740048451307
0.4626990133369455
0.4673070207794755
0.4568193883047165
0.4662654780002836
0.4777435967479115
0.4514768075148684
0.46737490941731313
0.4594042365101081
0.4579893156009975
0.4577032855390875
0.47262982109004514
0.4696145889119861
0.45789021442755606
0.46362230024656015
0.4564667448492066
0.46600079975823017
0.45319210346156463
0.4502806355206154
0.45731022331715815
0.4540600351438126
0.4603709210358317
0.45197788767362995
0.4630332876254373
0.4621082446389044
0.4598357479765148
0.45963427182049243
0.4494537387766025
0.44932897944555905
0.45588505025369025
0.46222436454356336
0.454094055630904
0.4666217808115646
0.45264593169094663
0.45446000120583135
0.44787307903664203
0.47534408704306347
0.4522538583370082
0.49689999706988064
0.45264710988976053
0.46046984142505404
0.4538716839748613
0.4779682886923527
0.4676342520349298
0.4837409781124979
0.45995036247980053
0.45825218026358283
0.45884395116871396
0.45888469431354867
0.45869121453647665
0.4664550225619576
0.46796107799229536
0.4524235810389043
0.4591585313503431
0.4489944261915138
0.4778000434520282
0.4650702762346396
0.472333080260659
0.44631332344685914
0.45752704329240335
0.45819721802705077
0.4541777442302494
0.46073632255372443
0.4576637635273386
0.460992191192564
0.47201270701677067
0.4584423674620861
0.4563101934264088
0.4650205090625688
0.45896524224734186
0.47218841619397145
0.4648213527365237
0.4603067922345418
0.45710984950820543
0.4563897004433592
0.45971924938621345
0.4741335048420712
0.4653166330384955
0.4646382134804588
0.45607192497093546
0.45601368449451113
0.45093830942785723
0.46309525769699983
0.4731909416928549
0.4628368821332641
0.4704963692064305
0.45751906268034637
0.45812910073838914
0.4649077355343767
0.46731120128974135
0.4783389102462946
0.460548863620378
0.46775093337627516
0.4537775384415811
0.45574229252121135
0.4579455119073419
0.4685099546729492
0.46394613495528225
0.4815757738659999
0.46572919171272226
0.45660542110233343
0.47598039627395555
0.45475981088107925
0.46147992623667816
0.45917883312844576
0.4699054710071535
0.46591103710884624
0.463330986134967
0.46505602277751235
0.46539199075699506
0.46903674229481446
0.4696441807794022
0.470861743961413
0.470460829381397
0.4660718646028799
0.4681478525326362
0.46941508590430053
0.45680565213566093
0.47102477060224507
0.45571266895053053
0.463254280574164
0.46298257730407155
0.47088215480278334
0.4619945916673557
0.45981627624329313
0.4613360223610479
0.45706431459733865
0.4600708669113662
0.45805088497763824
0.4643259273409761
0.47356076559350574
0.46126783469868987
0.4679575861922298
0.4621942071728893
0.46310446581956294
0.459840334886047
0.46498529331662153
0.470167984375271
0.48031360953936825
0.4720634480401023
0.46941377302962534
0.47360991806193486
0.47820862763958594
0.4712407457566317
0.4654071699147157
0.465799172571472
0.4637870712746942
0.46607229720420984
0.4678971437051756
0.46167262109178264
0.45786376991477745
0.465877860023447
0.4625823186435543
0.4736208935135629
0.46589116792816276
0.4614918914287367
0.4653712196901585
0.4652127497633174
0.4732744992390835
0.46397000293647905
0.4697932128231944
0.4622875393108457
0.465541802678197
0.4604171995943871
0.46679186044983273
0.4800326302945522
0.45517880008354406
0.47330434213320827
0.4676565767622942
0.47937010777998423
0.47477246117975885
0.4716336700024244
0.46753036613813764
0.46176888342915273
0.47782157866195335
0.47640193333807385
0.46346005360317516
0.45962726434284923
0.47220982443946496
0.4651332760438601
0.4703538138483753
0.4782355345674762
0.4725589224213397
0.48078598217412816
0.4777019805698632
0.4762372039284932
0.45907768660467685
0.46172019790124963
0.46282610589242046
0.4553068235476211
0.47546907516636944
0.4578002707647249
0.46847713615930264
0.4752329109783849
0.4789428269998028
0.46871752260778604
0.47138874512799284
0.46157578812607414
0.46160667396522675
0.46992272505135174
0.4652424613009703
0.47126667825836727
0.4638152979400985
0.4701504567486542
0.47893623495084503
0.4617781573623333
0.46503434123906273
0.4627067339411817
0.4596302483477623
0.4716176413144949
0.46768401381881736
0.4636574215913179
0.4641466131979942
0.4695483403533109
0.4574347050386282
0.46462592074472014
0.4669601162894088
0.4804585792470801
0.46867482346664935
0.470863734570758
0.4773740789533682
0.4716254588363605
0.4723306310356768
0.4800471892262523
0.4636216357687798
0.46518582640077477
0.46959389328599205
0.4641649281493062
0.46402406831909293
0.4698860171751494
0.46856040521044795
0.47698156832763405
0.46246760478299026
0.47539093284363976
0.4718211568720622
0.4646759962809911
0.4674942124890024
0.4845763478658054
0.4766192054464572
0.45403936265481465
0.46383149643736327
0.462273087898938
0.464794999210503
0.4811057960363065
0.47747163810245596
0.47398700715587133
0.4782313663432359
0.4640091912936468
0.47283292037928387
0.46256229836762697
0.46653826330446396
0.48421613008658865
0.4770159513274095
0.471691573582844
0.48400879222679
0.4819971143214123
0.4710359532240761
0.46553027392881074
0.47564655784840737
0.48014339090060226
0.47112559643795016
0.4656736009513182
0.47624437343687337
0.47112762803970637
0.4768822627673403
0.469892651503703
0.4829836676728737
0.47500356796780696
0.4895306181078737
0.47288727354049453
0.4751240011673241
0.4764830107495036
0.480584111285404
0.48159455939731316
0.465419632227435
0.47522913423759333
0.4639683074915239
0.46304428205649095
0.4587710538923018
0.4566494380867799
0.47105626214687946
0.4755514498867919
0.47164953892666805
0.48161104821368755
0.46045106429630467
0.46164303740767354
0.464232147284506
0.47594291034993946
0.4694931870897455
0.4828940300492799
0.45302422064145453
0.4600861171749308
0.47734572070584647
0.47674671813570835
0.4612300796357056
0.46770799910097
0.4573341806692839
0.46661799462121717
0.4686300326238623
0.4686254654810753
0.4656970373829386
0.4635621435712574
0.4614810509290557
0.47958483345394276
0.4833958223664153
0.4667470874607785
0.4561657686638051
0.4657943098623333
0.45131887208564103
0.47070648682922006
0.47581781633474274
0.47290160557776945
0.47685965748403464
0.4598606851383079
0.45952188515790826
0.46990311733412515
0.4742535326786483
0.46058772819309945
0.470176996247665
0.4636360563641048
0.4703165126878684
0.47513169406321737
0.46261871387121883
0.46176247226980205
0.4704977592655885
0.458330030012053
0.46934237307538373
0.47759968041476164
0.4687302331991605
0.4729348117983085
0.461430796648437
0.48797801236473
0.47805426171999377
0.4658637512752292
0.4751611881362245
0.46413192087689176
0.4636381389207864
0.46844748425911387
0.4573615917349785
0.46248284329434486
0.47410927146546294
0.4717594952764125
0.46409650281501924
0.4598629807893954
0.4611887449116884
0.4630954309939594
0.46035931951417003
0.46311658089492785
0.4724760602544239
0.47218679057879176
0.46910128881392743
0.4694469619733372
0.4575462417910348
0.4612782602593092
0.4609978734114029
0.4622432426254245
0.46648163509663026
0.4713071300798718
0.4682365737309675
0.4681967816995036
0.4662660052150357
0.46098935952258885
0.46376195599440534
0.45596056287363446
0.4547531221345411
0.4690044680646869
0.459525320767666
0.4702750269670257
0.4629905107022842
0.46727103865690284
0.46067645099934706
0.46468073866367554
0.46432631444605504
0.4698756124254785
0.46578300031872205
0.458107228938817
0.45872295723140966
0.46319994501233586
0.4547309887699527
0.4660238336762796
0.4654077035282946
0.46345961256622864
0.4583309800885277
0.46663954105583366
0.46511683088048933
0.4648115364652152
0.4636501984612436
0.4732717038939068
0.4637911931514747
0.46263515247829545
0.46242643256722943
0.46066913207818716
0.46671590936838264
0.4662181268342592
0.4593429274330897
0.4745497050563616
0.46197439935017043
0.4649582001784967
0.4583119190351026
0.4668260318055398
0.453268700746118
0.4618827869682711
0.4663087576484183
0.46091026368144583
0.46944053660846463
0.4655312064372733
0.4587272111954543
0.4676730774110677
0.47081190911684345
0.4550315647865014
0.4617329018624705
0.46482389257699247
0.4663970379758461
0.45875538615610484
0.46734180597741265
0.46147449158591514
0.47709738809140284
0.46415180309791865
0.46377870641208374
0.4514916265845288
0.4710443277082031
0.45935304482970485
0.4635867997669439
0.4686319039257203
0.4609482848205429
0.4513358010074884
0.4697602280755367
0.4588320397613684
0.4568986058840544
0.4607934329119072
0.46673614299572647
0.4747243008140175
0.45927613603188616
0.45859290807430464
0.4613820511742891
0.4661122235354356
0.4792501093406287
0.4642790206268018
0.46089577022047945
0.4649460232949596
0.4543542895542553
0.4829019232791866
0.46582184878802785
0.4616526806056754
0.4647429750614633
0.45788602063050216
0.4617398494705859
0.45989153150834367
0.4610327113842144
0.4626745771313102
0.4660274453808428
0.47332110836870295
0.45740762303460697
0.4692317254400661
0.46185146735132265
0.45864048673727315
0.4573107645622507
0.4555423144317525
0.4578790021897716
0.46630652151907165
0.45711881520968045
0.45562468198592293
0.46613171204046727
0.4635783006237678
0.4614102562804288
0.461810679824106
0.4650579832791328
0.4514763748013149
0.4643500936816489
0.46431344695648724
0.4685981558288486
0.45458414015024107
0.4555790006735651
0.45498180421242673
0.44785549224045923
0.4562354972296825
0.45106325430312416
0.4547691076804587
0.4556473835775903
0.4709339673406426
0.46117385372031877
0.467031646616765
0.45592834065745286
0.4591883779162562
0.4674530160247643
0.45701588532459636
0.4685240458460579
0.46700051801826
0.4663745299714217
0.4702053549991371
0.4623987978362882
0.4602210540937022
0.4697646890561033
0.4627132549972664
0.47465330929929017
0.46025849899216464
0.4594659306979769
0.4652047667052468
0.4565998536912958
0.4611088090300812
0.46996138440263474
0.457527417742119
0.45813124371527814
0.4634806735870291
0.4668183223475976
0.45881777181232253
0.4715520063412006
0.4630881925116095
0.4613566537342293
0.4541991766701159
0.4565817022270742
0.4599911596219848
0.47225971942772405
0.4685465261312273
0.4627201932794295
0.46185133771555076
0.46318686492307404
0.4681318857022854
0.4697412193121665
0.4556389335317115
0.46457489926086953
0.46707080311983523
0.46348522486451654
0.4552172188151716
0.45550863635215033
0.4583424153380344
0.4588048067452675
0.4655260577163241
0.449458173824499
0.4529687234957515
0.45854561629096513
0.4539828857137155
0.4581479263818626
0.45643653243854715
0.4570780153058023
0.460822403685145
0.46247500618708925
0.45726193053194936
0.4587226202158411
0.45339675276095004
0.45945148452056606
0.4461129377438939
0.4568217704981005
0.45674692242909526
0.4499701938992113
0.4611129499199176
0.4585071358733268
0.45520474310265485
0.4510197505225235
0.45846019053488585
0.4573134165669231
0.4631184177456811
0.45525943996669893
0.4584222249521196
0.46156165217827577
0.45674086096621047
0.4612854652674944
0.45825587875616774
0.4666898402938461
0.451774317324467
0.4583768482960578
0.44856320952587436
0.45607823721241164
0.45788691265875486
0.46335598949841217
0.4631964540679075
0.4545003536593943
0.4706024764492886
0.4573937644522585
0.45833216684641087
0.45740140170654964
0.4566870592238352
0.46155311847407593
0.45979098473044056
0.4700484930195536
0.4611469823063864
0.4616123060177503
0.4546828472843435
0.45968099620552655
0.45995507829169746
0.45257276341231606
0.46537462695168647
0.45942920586761204
0.4657427728034532
0.450069641221713
0.4702710433366678
0.45685683276013495
0.46208615213734566
0.46544629486195055
0.47116437579731746
0.4650165176595893
0.46778530937471063
0.47024070724839595
0.4596935344101961
0.45596950732766656
0.4716262560568045
0.46413288281276266
0.4665273292997398
0.45954835039275466
0.4646224890557255
0.463385496708188
0.46428612593663143
0.47196061735503225
0.4524597936297294
0.45074441175372026
0.46090834744647396
0.469265599474025
0.4584951918854257
0.4618328819791093
0.4620115431246398
0.47184356855790205
0.47558311643896967
0.47072035610833907
0.4623220308307977
0.4637423279188259
0.4659516027310003
0.46021699486640416
0.46184119612052155
0.45796795962836406
0.4853643077609369
0.46972528762331645
0.4706380383909871
0.4647473192904393
0.4746433393485542
0.45517952310892484
0.4674964136167482
0.454003759713971
0.46605775079862055
0.45910751918435894
0.46901602628791406
0.4606373314961907
0.4668963213370173
0.46367523408459893
0.466210357224695
0.45852338526892333
0.46838304172154904
0.46376973891428014
0.47623672365216035
0.47190550567333117
0.466676459426791
0.46613957282015067
0.45516235168895725
0.47600472208937916
0.4627719574709987
0.4684437282360487
0.46505274687426407
0.4644143672660651
0.47468142228975224
0.4566041768619567
0.45936786595760754
0.4564747239145958
0.4605031391477861
0.46689645860567947
0.45539974213916734
0.460372025552281
0.4564253465159388
0.46171075562861386
0.4641352899149897
0.468154268208985
0.46404514376485767
0.4540142603253446
0.45854115886487395
0.45876116014799473
0.4713754238109185
0.46098132974535583
0.45381196890142034
0.4604815280027498
0.46261148201665403
0.46681329026832813
0.4543810749248643
0.46307117725658986
0.45836409599956685
0.45389336779729444
0.46073823718825097
0.4560328799547057
0.46247601506628194
0.4531129656248262
0.4709159448327426
0.45979245924985995
0.4492253399684212
0.46344145554875243
0.45908996065074503
0.4608835747562095
0.4662469668191574
0.457213494770584
0.4567121739245846
0.46343826011978523
0.46436542244836027
0.45938406547798644
0.4577235319276866
0.4595795583701285
0.4682922978504989
0.44883087171726094
0.4577417466745971
0.4574182516207066
0.4601283383763716
0.46003026874204694
0.464771447812781
0.46340234409558256
0.4658419394403368
0.4567368596879848
0.4520970863087349
0.4527552430768972
0.4546098152769653
0.4551376095948888
0.458001926864309
0.46170844728915383
0.46462607803014155
0.4572279827805747
0.461792481297181
0.46456650983388276
0.4623213098011086
0.4698508044284995
0.47322016926737703
0.46666003406264117
0.4569307352558357
0.4612877354484385
0.45804871290577165
0.4753340826765947
0.4651328518577623
0.4612676178361512
0.4560335886577049
0.45728272998699193
0.46003625774675194
0.472474922477092
0.4747907202558633
0.4576373421832761
0.4615752625234262
0.459342564434187
0.4725825207487131
0.46334629892838386
0.45741285251780534
0.46268901903685894
0.45791167165297086
0.4613249558761698
0.4726279235735271
0.4679310439690842
0.4635905292528821
0.46349787497335304
0.4543862938590902
0.460196802497875
0.468963112256955
0.4660176583692065
0.4699371064833368
0.46822518616749537
0.4733352672819943
0.4642072848702718
0.46237181014905143
0.4619900661256452
0.4569032927405924
0.46107981804887566
0.4614536581202625
0.46356857392177026
0.4561016644634733
0.47795025279388165
0.4655543209341494
0.46104077640496055
0.4645028086939828
0.4743233730233735
0.4597560461537278
0.4671494066027946
0.46684689104846744
0.4701149059937197
0.4672992375708726
0.464317101690423
0.4603973859097095
0.4619649418653751
0.4783257393366145
0.4572914243936864
0.45899158080566466
0.45917281355596384
0.4593977850451567
0.4679138563620502
0.4607369755699738
0.4594096219423716
0.4621133238098431
0.4574530901779896
0.4678755668064608
0.45401417279233114
0.4623961091166698
0.4534220568458291
0.46020867613867095
0.4573668232575239
0.46127970386884654
0.4574071684295452
0.4613590435533359
0.45712023690023995
0.47283198049099484
0.46387913400948416
0.4574742509233092
0.45816514692010873
0.46334011535405606
0.4544652832280059
0.4589577870910443
0.4655973099901932
0.4601340085427553
0.4512007985511678
0.4505359213829871
0.46749567031272704
0.4575007473288755
0.45210860584327495
0.4559916291803117
0.4506183732201077
0.45372952348639645
0.4581993324520802
0.45662677910545285
0.46231224244161667
0.46874940533909654
0.46614984600766374
0.4536207578778808
0.45653690375557127
0.47688259139958794
0.4524755550507713
0.4545291198007119
0.45834871354315704
0.45057797262295907
0.4644220816524202
0.4623450500130178
0.46256987452639536
0.46612895230691925
0.4663297678589464
0.4659763134707474
0.46117468478013246
0.46972381859948625
0.465899499429943
0.4663553185036909
0.45888891737851434
0.466439918362056
0.45946594849440686
0.45454170599779925
0.4646880123099035
0.4684594114366817
0.4599032579195968
0.4611554899345605
0.4511196235356229
0.4843646806561337
0.4613207114415693
0.463279472281413
0.46640826777679245
0.465710831736243
0.471258874780324
0.45851450304319763
0.4644505048604512
0.4585944839619298
0.46854630346483583
0.4677917629052055
0.4757042249615858
0.46348718300325953
0.4630221213412467
0.4652059058931831
0.467628466376964
0.45883022294416076
0.4572935580200488
0.46039169464459745
0.46372138765959003
0.46260398509582457
0.45739447533317723
0.4601124939296348
0.4577689734825701
0.45757441917957886
0.4675146502169838
0.46412122533257955
0.45928483359348976
0.4617640855448414
0.459383121318935
0.4635715899368874
0.46244149543044794
0.4659615682794627
0.4678254820718085
0.46091675719551756
0.47005189750687193
0.46751975881735175
0.46401636386869877
0.4623326303051354
0.465505220598429
0.4630885986703078
0.46531336316576677
0.4621292272515276
0.4569200557821078
0.4644726965070173
0.46386348620024653
0.4583070742353576
0.462259269624102
0.4605395173789383
0.4724542488540801
0.4679598114447403
0.4744085018584451
0.4663931495533099
0.46432947273705977
0.45481651107877863
0.4779588557260218
0.46367489542876184
0.4584845142080797
0.4570124144254206
0.4475988339948745
0.46623673299716667
0.4709521652601369
0.4662510670334781
0.4678337590113316
0.45546267815288544
0.46074315532714244
0.4612586827666111
0.4580838353819286
0.4581556754039864
0.4599971642481722
0.4653598532278361
0.4611820668010623
0.4621041250945699
0.4615601441654618
0.4575875837504067
0.4618873175384987
0.47078625172606714
0.47683083325298703
0.4731621603936267
0.46339075231715315
0.454538638363075
0.4680318281063092
0.4640405293977569
0.46687820579820405
0.45566508790004906
0.4629310348430255
0.46464160330217247
0.4700350255687209
0.4743631600258739
0.46789936294645795
0.45581373439919165
0.4677772102747069
0.4641976708725923
0.45777844144459934
0.469498638769158
0.4599141916894878
0.4726073962135142
0.45976545433906524
0.4582998357212983
0.4650691076292585
0.4589389618614874
0.46549624190081423
0.46756215269784257
0.47226999515993995
0.4630995377983915
0.46338546002317604
0.4629060087654832
0.4652387464125913
0.46275758082040463
0.4638825134699954
0.46461022328903834
0.46756249674192774
0.45890882749934386
0.4665763464667731
0.46946935381051663
0.4608052514004475
0.46251643173941415
0.4685328991965276
0.4672143906944566
0.4689655006524028
0.470793301057056
0.46257296772454615
0.4791612787310904
0.47043897689474756
0.47011884998015374
0.46798702192647057
0.4681403203179139
0.4797393678126248
0.47251486166341494
0.4770058468121897
0.48591134220578136
0.47736303417749765
0.47810812922022716
0.46652387102501086
0.46983838601513606
0.4702449374348864
0.4708055558889604
0.47337922535536253
0.47233544049393206
0.4713078840002298
0.4660814147699966
0.4643923894649864
0.4731232375234714
0.47173390509124213
0.4626598135635189
0.4599990993193548
0.46302954768791427
0.4649049324261703
0.4583919192354118
0.4624374888506672
0.4585865999545477
0.45654680488132243
0.46587758585843925
0.46672217922694653
0.45779920426701143
0.4621261920560471
0.4677413986208161
0.46295275714209966
0.4622121087224329
0.46543868037431085
0.4607092393349811
0.4669508802092732
0.4773791506496547
0.46946282738576384
0.46574979596708244
0.4722841136593512
0.4610282277444064
0.4708225963120857
0.4724500778594546
0.45858134488886393
0.4657801565675658
0.46376383422601003
0.4611969359005672
0.4552558692077618
0.46071208824855703
0.46172759658566237
0.459547609661862
0.4603003637816972
0.46457498808474945
0.4625644458935025
0.4623706353057673
0.4594234425162246
0.4731569185328232
0.4608390086990763
0.45682169745245915
0.46322138195264534
0.4675958031179446
0.4618289802721459
0.467071302410186
0.4673690732776714
0.4702359336880513
0.46631922877608867
0.4580334246123462
0.4707533911337384
0.46506166007518607
0.46542525727843775
0.47379380968981555
0.4600006102113156
0.4664560090424227
0.45325789672828803
0.4534378351834063
0.4634546638978035
0.4727100098006977
0.4666456653315763
0.4576188702850681
0.4567048551492588
