0.5933625786763304
0.5949837879076865
0.6140568376883464
0.6464810223154682
0.6724203700171657
0.7001716574480259
0.722773221438108
0.7333587640663742
0.7432767499523174
0.7442304024413504
0.7398436009917986
0.7421323669654778
0.746042342170513
0.7495708563799351
0.7523364485981309
0.7550066755674232
0.7544344840740035
0.7563417890520694
0.7569139805454892
0.7608239557505245
0.7625405302307839
0.7638756437154302
0.7607285905016212
0.7599656685103948
0.7591073812702651
0.7592981117680717
0.7602517642571047
0.761300781995041
0.761300781995041
0.7626358954796872
0.7654014876978829
0.7589166507724585
0.7642571047110432
0.7613961472439443
0.7497615868777417
0.7543391188251002
0.7580583635323288
0.7613961472439443
0.7569139805454892
0.7674995231737555
0.7658783139423994
0.7641617394621399
0.761300781995041
0.7616822429906542
0.7620637039862674
0.7637802784665269
0.7620637039862674
0.7630173564753004
0.7644478352088498
0.7640663742132366
0.765115391951173
0.7647339309555597
0.7668319664314324
0.7654014876978829
0.7710280373831776
0.7710280373831776
0.7704558458897578
0.7702651153919512
0.768930001907305
0.7728399771123403
0.7694068281518215
0.7699790196452413
0.769883654396338
0.7716002288765974
0.7718863246233073
0.7755102040816326
0.775319473583826
0.7736028991035666
0.7750333778371161
0.7761777608239557
0.7724585161167271
0.7724585161167271
0.7707419416364677
0.7729353423612436
0.7718863246233073
0.7745565515925996
0.7745565515925996
0.7722677856189205
0.7718863246233073
0.7724585161167271
0.7758916650772458
0.7769406828151821
0.7739843600991798
0.7744611863436963
0.7777036048064085
0.7800877360289911
0.7759870303261491
0.7806599275224109
0.7786572572954416
0.7801831012778944
0.7809460232691208
0.785809650963189
0.7883845126835781
0.789624260919321
0.7942017928666794
0.7945832538622926
0.7974442113293916
0.7954415411024223
0.7990654205607477
0.7966812893381652
0.7977303070761015
0.7941064276177761
0.7974442113293916
0.7977303070761015
0.7962044630936487
0.8004958992942972
0.8004005340453939
0.8045012397482357
0.8043105092504291
0.7995422468052642
0.8008773602899104
0.8040244135037192
0.807743658210948
0.8060270837306885
0.8031661262635895
0.8024032042723631
0.8005912645432005
0.8019263780278466
0.8016402822811367
0.8023078390234598
0.8032614915124928
0.8018310127789433
0.800114438298684
0.8013541865344268
0.8023078390234598
0.8034522220102994
0.8030707610146862
0.8038336830059126
0.8018310127789433
0.803642952508106
0.8021171085256532
0.8045012397482357
0.8041197787526225
0.8034522220102994
0.8048827007438489
0.8050734312416555
0.8059317184817852
0.8043105092504291
0.8051687964905588
0.803642952508106
0.8060270837306885
0.8058363532328819
0.8106999809269502
0.8128933816517261
0.8142284951363723
0.8102231546824337
0.8110814419225634
0.812225824909403
0.8170894526034713
0.8140377646385657
0.8166126263589548
0.8181384703414076
0.8182338355903109
0.8182338355903109
0.8191874880793439
0.8190921228304406
0.8156589738699218
0.8182338355903109
0.8161358001144383
0.8222391760442495
0.8157543391188251
0.8220484455464429
0.8242418462712188
0.8215716193019263
0.8220484455464429
0.8218577150486363
0.8198550448216669
0.821762349799733
0.8228113675376693
0.8222391760442495
0.8233835590310891
0.8215716193019263
0.8226206370398627
0.8220484455464429
0.8211901583063131
0.8209994278085065
0.8228113675376693
0.8239557505245089
0.8235742895288957
0.8200457753194735
0.8199504100705702
0.822716002288766
0.8225252717909594
0.8193782185771505
0.8239557505245089
0.823669654777799
0.8245279420179287
0.8252908640091551
0.8251001335113485
0.8254815945069617
0.8263398817470914
0.8234789242799924
0.8250047682624452
0.8254815945069617
0.8203318710661834
0.8206179668128933
0.823669654777799
0.8223345412931528
0.8280564562273508
0.8235742895288957
0.8209994278085065
0.8283425519740607
0.8288193782185771
0.8267213427427046
0.8201411405683768
0.8220484455464429
0.8238603852756056
0.8292962044630936
0.8276749952317376
0.8247186725157353
0.8262445164981881
0.8273888994850277
0.8277703604806409
0.8285332824718673
0.8316803356856761
0.8283425519740607
0.831012778943353
0.8324432576769025
0.8259584207514782
0.8307266831966431
0.8290101087163837
0.8304405874499332
0.8276749952317376
0.8252908640091551
0.824623307266832
0.823669654777799
0.8267213427427046
0.83005912645432
0.8267213427427046
0.827484264733931
0.8244325767690254
0.8259584207514782
0.8241464810223155
0.8251001335113485
0.825576959755865
0.8259584207514782
0.826530612244898
0.8296776654587068
0.828437917222964
0.8247186725157353
0.8260537860003815
0.8257676902536716
0.8261491512492848
0.8261491512492848
0.8250047682624452
0.8267213427427046
0.8254815945069617
0.8244325767690254
0.8258630555025749
0.8254815945069617
0.8264352469959947
0.8307266831966431
0.8282471867251574
0.8303452222010299
0.8262445164981881
0.825576959755865
0.829105473965287
0.8281518214762541
0.8293915697119969
0.8301544917032233
0.829105473965287
0.8288193782185771
0.8283425519740607
0.8295823002098035
0.8298683959565134
0.8297730307076101
0.8311081441922563
0.82052260156399
0.8293915697119969
0.8289147434674804
0.8244325767690254
0.8186152965859241
0.8225252717909594
0.8230020980354759
0.8244325767690254
0.8211901583063131
0.8202365058172801
0.8235742895288957
0.8187106618348274
0.8189967575815373
0.8193782185771505
0.8204272363150867
0.8241464810223155
0.8191874880793439
0.824623307266832
0.82052260156399
0.8203318710661834
0.8233835590310891
0.8209994278085065
0.8222391760442495
0.8203318710661834
0.8199504100705702
0.8233835590310891
0.8253862292580584
0.8201411405683768
0.8203318710661834
0.8234789242799924
0.8233835590310891
0.8237650200267023
0.8226206370398627
0.8219530802975396
0.8222391760442495
0.8208086973106999
0.822429906542056
0.8209994278085065
0.8218577150486363
0.8231928285332825
0.8244325767690254
0.8226206370398627
0.8230020980354759
0.8212855235552164
0.8221438107953462
0.822716002288766
0.8209994278085065
0.8225252717909594
0.8228113675376693
0.822429906542056
0.8212855235552164
0.8234789242799924
0.8270074384894145
0.8258630555025749
0.8264352469959947
0.8257676902536716
0.821476254053023
0.8258630555025749
0.826530612244898
0.827484264733931
0.8271028037383178
0.8244325767690254
0.8253862292580584
0.8266259774938013
0.826530612244898
0.8271981689872211
0.827484264733931
0.8243372115201221
0.8244325767690254
0.8272935342361244
0.8268167079916079
0.826530612244898
0.8253862292580584
0.827484264733931
0.8257676902536716
0.83005912645432
0.8270074384894145
0.8261491512492848
0.8275796299828343
0.8225252717909594
0.8207133320617966
0.8220484455464429
0.823669654777799
0.8251001335113485
0.8237650200267023
0.8239557505245089
0.8222391760442495
0.8226206370398627
0.8194735838260537
0.8228113675376693
0.8278657257295442
0.8325386229258058
0.8299637612054167
0.8307266831966431
0.8248140377646386
0.8259584207514782
0.8312988746900629
0.8282471867251574
0.8253862292580584
0.8208086973106999
0.8210947930574098
0.8271028037383178
0.8230020980354759
0.8210947930574098
0.8240511157734122
0.8186152965859241
0.8232881937821858
0.8226206370398627
0.8189967575815373
0.822429906542056
0.8164218958611482
0.8193782185771505
0.8210947930574098
0.8183292008392142
0.819568949074957
0.8209994278085065
0.8213808888041197
0.8216669845508296
0.8209040625596032
0.8209040625596032
0.8241464810223155
0.8223345412931528
0.8264352469959947
0.8252908640091551
0.8202365058172801
0.8219530802975396
0.8233835590310891
0.8226206370398627
0.8230020980354759
0.8239557505245089
0.8197596795727636
0.8180431050925043
0.8198550448216669
0.8247186725157353
0.8203318710661834
0.8221438107953462
0.8230974632843792
0.8233835590310891
0.8269120732405112
0.828437917222964
0.829105473965287
0.8297730307076101
0.8283425519740607
0.8261491512492848
0.8263398817470914
0.8272935342361244
0.8271028037383178
0.8267213427427046
0.8241464810223155
0.8272935342361244
0.8234789242799924
0.8242418462712188
0.8266259774938013
0.8263398817470914
0.8210947930574098
0.8228113675376693
0.8210947930574098
0.8200457753194735
0.8187106618348274
0.8199504100705702
0.8193782185771505
0.8240511157734122
0.8253862292580584
0.8219530802975396
0.8312035094411596
0.828437917222964
0.8312988746900629
0.8313942399389662
0.8297730307076101
0.8292008392141903
0.8175662788479878
0.8289147434674804
0.8282471867251574
0.8260537860003815
0.8295823002098035
0.83005912645432
0.8276749952317376
0.8268167079916079
0.8281518214762541
0.8296776654587068
0.8285332824718673
0.8294869349609002
0.8296776654587068
0.8292962044630936
0.8292962044630936
0.8293915697119969
0.829105473965287
0.8285332824718673
0.8285332824718673
0.8268167079916079
0.8262445164981881
0.8253862292580584
0.8269120732405112
0.8282471867251574
0.8250047682624452
0.8285332824718673
0.8260537860003815
0.8286286477207706
0.8251001335113485
0.8221438107953462
0.8244325767690254
0.8225252717909594
0.8261491512492848
0.8251001335113485
0.8189967575815373
0.8230974632843792
0.8208086973106999
0.8247186725157353
0.8170894526034713
0.8251001335113485
0.8262445164981881
0.8203318710661834
0.8252908640091551
0.8242418462712188
0.8260537860003815
0.8142284951363723
0.822716002288766
0.8230020980354759
0.8189967575815373
0.8130841121495327
0.8192828533282472
0.8146099561319855
0.8148006866297921
0.8208086973106999
0.8142284951363723
0.8155636086210185
0.8181384703414076
0.8170894526034713
0.8159450696166317
0.8189967575815373
0.8154682433721152
0.8225252717909594
0.8163265306122449
0.8220484455464429
0.8254815945069617
0.8207133320617966
0.8181384703414076
0.8229067327865726
0.822716002288766
0.8264352469959947
0.8287240129696738
0.8247186725157353
0.8244325767690254
0.8231928285332825
0.8209994278085065
0.8248140377646386
0.8231928285332825
0.8232881937821858
0.8228113675376693
0.8223345412931528
0.8243372115201221
0.8231928285332825
0.8209040625596032
0.8186152965859241
0.8212855235552164
0.8226206370398627
0.8297730307076101
0.822716002288766
0.8251954987602518
0.8264352469959947
0.8249094030135419
0.8272935342361244
0.8237650200267023
0.8294869349609002
0.8283425519740607
0.8279610909784475
0.8251001335113485
0.8280564562273508
0.8301544917032233
0.8259584207514782
0.8275796299828343
0.8308220484455464
0.8270074384894145
0.8260537860003815
0.8261491512492848
0.8261491512492848
0.8290101087163837
0.8251001335113485
0.8277703604806409
0.8266259774938013
0.8288193782185771
0.83005912645432
0.831966431432386
0.8327293534236124
0.8335876406637421
0.8339691016593553
0.836067137135228
0.8365439633797445
0.8341598321571619
0.8340644669082586
0.8372115201220676
0.8359717718863247
0.8379744421132939
0.8374976158687775
0.8364485981308412
0.8375929811176808
0.8312035094411596
0.8399771123402632
0.8358764066374214
0.8407400343314896
0.8365439633797445
0.8383559031089071
0.8410261300781995
0.8385466336067137
0.8384512683578104
0.8394049208468434
0.8394049208468434
0.8395002860957467
0.8380698073621972
0.8398817470913599
0.8377837116154874
0.8392141903490368
0.8372115201220676
0.8371161548731643
0.8286286477207706
0.8324432576769025
0.8375929811176808
0.8324432576769025
0.831966431432386
0.8333969101659355
0.8350181193972916
0.8278657257295442
0.8298683959565134
0.8341598321571619
0.8358764066374214
0.8327293534236124
0.835113484646195
0.8377837116154874
0.8297730307076101
0.8307266831966431
0.8385466336067137
0.8359717718863247
0.8314896051878695
0.8391188251001335
0.8368300591264544
0.8362578676330346
0.8376883463665841
0.8333969101659355
0.8288193782185771
0.831012778943353
0.8315849704367728
0.8285332824718673
0.8308220484455464
0.8341598321571619
0.837020789624261
0.8321571619301926
0.8327293534236124
0.834827388899485
0.8349227541483883
0.8309174136944497
0.8295823002098035
0.8253862292580584
0.8234789242799924
0.8282471867251574
0.8308220484455464
0.8342551974060652
0.8241464810223155
0.8237650200267023
0.8271028037383178
0.8209040625596032
0.8330154491703223
0.8296776654587068
0.8261491512492848
0.8276749952317376
0.8251001335113485
0.8332061796681289
0.8200457753194735
0.8263398817470914
0.8269120732405112
0.8276749952317376
0.822429906542056
0.8197596795727636
0.8176616440968911
0.8153728781232119
0.8098416936868206
0.8173755483501812
0.8140377646385657
0.8099370589357239
0.8170894526034713
0.815086782376502
0.812225824909403
0.8173755483501812
0.8234789242799924
0.8317757009345794
0.8333969101659355
0.8129887469006294
0.8350181193972916
0.8343505626549685
0.8237650200267023
0.818901392332634
0.8235742895288957
0.8282471867251574
0.8199504100705702
0.8344459279038718
0.8272935342361244
0.8331108144192256
0.8220484455464429
0.827484264733931
0.8261491512492848
0.831012778943353
0.8378790768643907
0.8336830059126454
0.8337783711615487
0.8301544917032233
0.8269120732405112
0.8313942399389662
0.8445546442876216
0.8444592790387183
0.8328247186725157
0.8361625023841313
0.8322525271790959
0.829105473965287
0.8292962044630936
0.8339691016593553
0.8294869349609002
0.8324432576769025
0.8349227541483883
0.8292008392141903
0.8294869349609002
0.8426473393095556
0.8354949456418082
0.8397863818424566
0.8369254243753577
0.8276749952317376
0.832920083921419
0.8367346938775511
0.8383559031089071
0.8336830059126454
0.8343505626549685
0.8314896051878695
0.8316803356856761
0.8359717718863247
0.8332061796681289
0.8402632080869731
0.8402632080869731
0.8404539385847797
0.8365439633797445
0.8326339881747091
0.8295823002098035
0.8314896051878695
0.8332061796681289
0.8320617966812893
0.8422658783139424
0.8286286477207706
0.8356856761396148
0.8378790768643907
0.8347320236505817
0.8429334350562655
0.8413122258249094
0.8372115201220676
0.8377837116154874
0.8389280946023269
0.841502956322716
0.8391188251001335
0.8410261300781995
0.8426473393095556
0.8379744421132939
0.8369254243753577
0.8303452222010299
0.8343505626549685
0.8376883463665841
0.8392141903490368
0.8392141903490368
0.8408353995803929
0.8362578676330346
0.8398817470913599
0.8397863818424566
0.8410261300781995
0.8347320236505817
0.8349227541483883
0.8383559031089071
0.83959565134465
0.8376883463665841
0.8392141903490368
0.8358764066374214
0.8392141903490368
0.8298683959565134
0.8321571619301926
0.8381651726111005
0.8307266831966431
0.8324432576769025
0.8282471867251574
0.8303452222010299
0.83005912645432
0.8398817470913599
0.8391188251001335
0.8428380698073622
0.843410261300782
0.8436963570474919
0.8373068853709709
0.836067137135228
0.8368300591264544
0.8372115201220676
0.842456608811749
0.8397863818424566
0.8403585733358764
0.8450314705321381
0.8450314705321381
0.8395002860957467
0.8371161548731643
0.8394049208468434
0.8452222010299447
0.8422658783139424
0.8457943925233645
0.8390234598512302
0.8415983215716193
0.8505626549685295
0.8430288003051688
0.8477016975014304
0.8444592790387183
0.8470341407591074
0.8495136372305931
0.8506580202174328
0.8412168605760061
0.8415983215716193
0.8399771123402632
0.8423612435628457
0.8461758535189777
0.8380698073621972
0.8369254243753577
0.8322525271790959
0.8513255769597559
0.8349227541483883
0.8418844173183292
0.8352088498950982
0.8411214953271028
0.844363913789815
0.8471295060080107
0.847892427999237
0.8425519740606523
0.8408353995803929
0.8471295060080107
0.8415983215716193
0.849799732977303
0.8471295060080107
0.8430288003051688
0.845317566278848
0.8397863818424566
0.8381651726111005
0.8419797825672325
0.8435056265496853
0.8336830059126454
0.8389280946023269
0.8384512683578104
0.835781041388518
0.8343505626549685
0.8341598321571619
0.8415983215716193
0.8469387755102041
0.8346366584016784
0.8406446690825863
0.8463665840167843
0.8492275414838832
0.8449361052832348
0.8421705130650391
0.8468434102613008
0.8479877932481403
0.8456036620255579
0.8419797825672325
0.8435056265496853
0.8410261300781995
0.8402632080869731
0.8431241655540721
0.8390234598512302
0.8380698073621972
0.8428380698073622
0.8384512683578104
0.8383559031089071
0.8461758535189777
0.8379744421132939
0.8390234598512302
0.8367346938775511
0.8410261300781995
0.8356856761396148
0.8426473393095556
0.8450314705321381
0.842456608811749
0.8448407400343315
0.8407400343314896
0.8422658783139424
0.8480831584970436
0.8452222010299447
0.8458897577722678
0.8409307648292962
0.8416936868205226
0.8394049208468434
0.8465573145145909
0.8481785237459469
0.8482738889948502
0.840549303833683
0.8429334350562655
0.8436963570474919
0.8389280946023269
0.8469387755102041
0.8446500095365249
0.8368300591264544
0.8409307648292962
0.8417890520694259
0.8427427045584589
0.8421705130650391
0.8393095555979401
0.8398817470913599
0.8379744421132939
0.8432195308029754
0.8475109670036238
0.8404539385847797
0.8397863818424566
0.8418844173183292
0.8389280946023269
0.8408353995803929
0.8376883463665841
0.8427427045584589
0.8404539385847797
0.8383559031089071
0.8441731832920084
0.8407400343314896
0.8448407400343315
0.8469387755102041
0.8396910165935533
0.8433148960518787
0.846271218767881
0.8430288003051688
0.8495136372305931
0.8468434102613008
0.8451268357810414
0.8430288003051688
0.8365439633797445
0.8398817470913599
0.8447453747854282
0.8442685485409117
0.843410261300782
0.845317566278848
0.8456990272744612
0.8468434102613008
0.8458897577722678
0.8482738889948502
0.8497043677283997
0.8486553499904634
0.8445546442876216
0.8505626549685295
0.8481785237459469
0.8463665840167843
0.850085828724013
0.8481785237459469
0.8417890520694259
0.842456608811749
0.8482738889948502
0.8477970627503337
0.8438870875452985
0.8375929811176808
0.8448407400343315
0.8456036620255579
0.8466526797634942
0.8446500095365249
0.8470341407591074
0.8458897577722678
0.8423612435628457
0.8440778180431051
0.8444592790387183
0.8471295060080107
0.8465573145145909
0.8448407400343315
0.8511348464619493
0.8470341407591074
0.8481785237459469
0.8479877932481403
0.8479877932481403
0.8477016975014304
0.8429334350562655
0.8444592790387183
0.8429334350562655
0.8423612435628457
0.8442685485409117
0.8482738889948502
0.8512302117108526
0.8467480450123975
0.8423612435628457
0.8445546442876216
0.8407400343314896
0.8477016975014304
0.8503719244707229
0.8467480450123975
0.8469387755102041
0.8512302117108526
0.8452222010299447
0.8466526797634942
0.8433148960518787
0.8477016975014304
0.8470341407591074
0.8511348464619493
0.8524699599465955
0.8522792294487889
0.8481785237459469
0.8520884989509823
0.8530421514400153
0.8516116727064658
0.8471295060080107
0.850085828724013
0.8437917222963952
0.8421705130650391
0.8441731832920084
0.8479877932481403
0.8458897577722678
0.8446500095365249
0.8486553499904634
0.8523745946976922
0.846271218767881
0.8502765592218196
0.8477970627503337
0.8494182719816898
0.8466526797634942
0.8482738889948502
0.8447453747854282
0.8484646194926568
0.8402632080869731
0.8472248712569139
0.8442685485409117
0.8431241655540721
0.8452222010299447
0.8474156017547205
0.8485599847415601
0.8466526797634942
0.8464619492656876
0.8465573145145909
0.8470341407591074
0.8483692542437535
0.8458897577722678
0.8516116727064658
0.8503719244707229
0.8461758535189777
0.8472248712569139
0.8487507152393667
0.8456036620255579
0.8475109670036238
0.8470341407591074
0.847892427999237
0.8490368109860766
0.8498950982262063
0.8452222010299447
0.8450314705321381
0.8436963570474919
0.8493229067327865
0.8473202365058172
0.8455082967766546
0.8487507152393667
0.84884608048827
0.8397863818424566
0.8465573145145909
0.8419797825672325
0.847892427999237
0.845317566278848
0.8456036620255579
0.8483692542437535
0.8490368109860766
0.8456990272744612
0.8429334350562655
0.8456990272744612
0.8433148960518787
0.8431241655540721
0.843410261300782
0.8438870875452985
0.8433148960518787
0.8486553499904634
0.8549494564180813
0.8508487507152394
0.8412168605760061
0.8402632080869731
0.8444592790387183
0.8438870875452985
0.8461758535189777
0.8417890520694259
0.8428380698073622
0.8474156017547205
0.8477970627503337
0.8380698073621972
0.846271218767881
0.8409307648292962
0.8396910165935533
0.843410261300782
0.8422658783139424
0.8423612435628457
0.8463665840167843
0.8469387755102041
0.8464619492656876
0.8464619492656876
0.840549303833683
0.8436009917985886
0.843410261300782
0.8456036620255579
0.8471295060080107
0.8518977684531757
0.844363913789815
0.8468434102613008
0.8461758535189777
0.8458897577722678
0.8428380698073622
0.844363913789815
0.8447453747854282
0.8451268357810414
0.8437917222963952
0.8435056265496853
0.8416936868205226
0.8420751478161358
0.8457943925233645
0.843410261300782
0.8436009917985886
0.843410261300782
0.8475109670036238
0.846271218767881
0.8450314705321381
0.8477016975014304
0.8479877932481403
0.8498950982262063
0.8439824527942018
0.8476063322525271
0.8440778180431051
0.8464619492656876
0.8456990272744612
0.8466526797634942
0.8447453747854282
0.8479877932481403
0.8504672897196262
0.8456990272744612
0.843410261300782
0.8496090024794964
0.8450314705321381
0.8421705130650391
0.8440778180431051
0.8460804882700744
0.844363913789815
0.8433148960518787
0.8437917222963952
0.8477016975014304
0.8436009917985886
0.845317566278848
0.8490368109860766
0.8440778180431051
0.8523745946976922
0.8476063322525271
0.8456036620255579
0.8484646194926568
0.8490368109860766
0.8458897577722678
0.851039481213046
0.8549494564180813
0.8487507152393667
0.8433148960518787
0.8438870875452985
0.8430288003051688
0.8455082967766546
0.8481785237459469
0.8492275414838832
0.846271218767881
0.8454129315277513
0.845317566278848
0.8498950982262063
0.8497043677283997
0.8442685485409117
0.849799732977303
0.8477970627503337
0.8438870875452985
0.8466526797634942
0.8493229067327865
0.8496090024794964
0.8484646194926568
0.8482738889948502
0.8461758535189777
0.8498950982262063
0.8480831584970436
0.8477016975014304
0.8503719244707229
0.8463665840167843
0.847892427999237
0.8483692542437535
0.8483692542437535
0.8514209422086592
0.8489414457371733
0.8440778180431051
0.8485599847415601
0.8482738889948502
0.8491321762349799
0.8527560556933054
0.8536143429334351
0.8514209422086592
0.8531375166889186
0.8524699599465955
0.8504672897196262
0.8509441159641427
0.8546633606713714
0.8526606904444021
0.850753385466336
0.8511348464619493
0.84884608048827
0.8477016975014304
0.8551401869158879
0.8597177188632462
0.8520884989509823
0.8494182719816898
0.8575243181384703
0.8522792294487889
0.8585733358764066
0.851039481213046
0.8566660308983406
0.8559031089071143
0.8533282471867252
0.8504672897196262
0.8523745946976922
0.8544726301735648
0.8547587259202747
0.8528514209422087
0.8465573145145909
0.853900438680145
0.8516116727064658
0.8468434102613008
0.8512302117108526
0.8486553499904634
0.8512302117108526
0.851993133702079
0.8536143429334351
0.8552355521647912
0.8547587259202747
0.8531375166889186
0.8540911691779516
0.8526606904444021
0.8497043677283997
0.8547587259202747
0.8549494564180813
0.8524699599465955
0.8407400343314896
0.8503719244707229
0.8539958039290483
0.8411214953271028
0.8537097081823384
0.8522792294487889
0.8534236124356285
0.8536143429334351
0.855807743658211
0.8447453747854282
0.8469387755102041
0.8527560556933054
0.8477016975014304
0.8497043677283997
0.8543772649246615
0.8517070379553691
0.8521838641998856
0.8465573145145909
0.8481785237459469
0.8514209422086592
0.8535189776845318
0.8552355521647912
0.8523745946976922
0.8503719244707229
0.8505626549685295
0.8498950982262063
0.8523745946976922
0.8496090024794964
0.8520884989509823
0.8504672897196262
0.8502765592218196
0.8494182719816898
0.8494182719816898
0.8549494564180813
0.8547587259202747
0.8535189776845318
0.851993133702079
0.8522792294487889
0.8532328819378219
0.8466526797634942
0.8584779706275033
0.8484646194926568
0.8543772649246615
0.8561892046538242
0.8518977684531757
0.8526606904444021
0.8539958039290483
0.8552355521647912
0.8522792294487889
0.847892427999237
0.8575243181384703
0.8539958039290483
0.8509441159641427
0.8550448216669846
0.8555216479115011
0.855807743658211
0.8535189776845318
0.8536143429334351
0.8516116727064658
0.8531375166889186
0.8505626549685295
0.8473202365058172
0.8511348464619493
0.8492275414838832
0.84884608048827
0.8544726301735648
0.8531375166889186
0.8544726301735648
0.8458897577722678
0.8559984741560176
0.8498950982262063
0.8485599847415601
0.8530421514400153
0.8452222010299447
0.8496090024794964
0.8572382223917604
0.8486553499904634
0.851039481213046
0.8524699599465955
0.8515163074575625
0.850753385466336
0.8516116727064658
0.8496090024794964
0.8518977684531757
0.8506580202174328
0.8547587259202747
0.8505626549685295
0.8543772649246615
0.849799732977303
0.8495136372305931
0.843410261300782
0.8467480450123975
0.8540911691779516
0.8495136372305931
0.851039481213046
0.84884608048827
0.8527560556933054
0.8518977684531757
0.8547587259202747
0.845317566278848
0.849799732977303
0.8538050734312417
0.8545679954224681
0.8538050734312417
0.852946786191112
0.8468434102613008
0.8502765592218196
0.8520884989509823
0.8502765592218196
0.8471295060080107
0.8499904634751096
0.8494182719816898
0.8521838641998856
0.8461758535189777
0.8523745946976922
0.8536143429334351
0.849799732977303
0.8446500095365249
0.8522792294487889
0.8545679954224681
0.8457943925233645
0.8525653251954988
0.8426473393095556
0.8562845699027275
0.8566660308983406
0.8482738889948502
0.849799732977303
0.8555216479115011
0.8555216479115011
0.8501811939729162
0.8498950982262063
0.8501811939729162
0.8536143429334351
0.8532328819378219
0.854854091169178
0.8490368109860766
0.852946786191112
0.8525653251954988
0.8518977684531757
0.854854091169178
0.8505626549685295
0.8512302117108526
0.8545679954224681
0.849799732977303
0.8516116727064658
0.8477970627503337
0.8537097081823384
0.8567613961472439
0.8547587259202747
0.849799732977303
0.8495136372305931
0.8534236124356285
0.8538050734312417
0.8532328819378219
0.8549494564180813
0.8568567613961472
0.8517070379553691
0.8527560556933054
0.8546633606713714
0.8551401869158879
0.8584779706275033
0.8537097081823384
0.8554262826625978
0.8556170131604044
0.8530421514400153
0.8534236124356285
0.8537097081823384
0.8560938394049209
0.8565706656494373
0.8565706656494373
0.8570474918939538
0.8560938394049209
0.8584779706275033
0.8566660308983406
0.8576196833873736
0.855807743658211
0.8569521266450505
0.8561892046538242
0.8587640663742132
0.8584779706275033
0.8556170131604044
0.8584779706275033
0.8567613961472439
0.8569521266450505
0.8534236124356285
0.8537097081823384
0.8485599847415601
0.8466526797634942
0.8485599847415601
0.8480831584970436
0.8463665840167843
0.8503719244707229
0.8540911691779516
0.8550448216669846
0.8503719244707229
0.8467480450123975
0.8511348464619493
0.8569521266450505
0.8468434102613008
0.8494182719816898
0.8520884989509823
0.8573335876406637
0.8460804882700744
0.8535189776845318
0.854854091169178
0.8557123784093077
0.8493229067327865
0.8569521266450505
0.8525653251954988
0.854854091169178
0.8506580202174328
0.8513255769597559
0.8475109670036238
0.8491321762349799
0.8518024032042724
0.8506580202174328
0.8497043677283997
0.8504672897196262
0.8454129315277513
0.8423612435628457
0.8494182719816898
0.8433148960518787
0.8495136372305931
0.8486553499904634
0.8535189776845318
0.8545679954224681
0.8536143429334351
0.8534236124356285
0.8518024032042724
0.8518024032042724
0.852946786191112
0.8456036620255579
0.8487507152393667
0.8508487507152394
0.8508487507152394
0.857428952889567
0.8531375166889186
0.8483692542437535
0.8528514209422087
0.8524699599465955
0.8534236124356285
0.8503719244707229
0.8551401869158879
0.8562845699027275
0.8518977684531757
0.8563799351516308
0.851039481213046
0.8552355521647912
0.8580011443829868
0.8580965096318901
0.8496090024794964
0.8544726301735648
0.8563799351516308
0.8531375166889186
0.8509441159641427
0.8492275414838832
0.8528514209422087
0.850753385466336
0.8596223536143429
0.8557123784093077
0.8474156017547205
0.8501811939729162
0.8504672897196262
0.8584779706275033
0.8559984741560176
0.8531375166889186
0.8547587259202747
0.8521838641998856
0.8550448216669846
0.8508487507152394
0.8549494564180813
0.8511348464619493
0.8580965096318901
0.8568567613961472
0.8480831584970436
0.8546633606713714
0.8527560556933054
0.8506580202174328
0.8549494564180813
0.8533282471867252
0.8543772649246615
0.8583826053786
0.8527560556933054
0.854854091169178
0.8524699599465955
0.8586687011253099
0.8565706656494373
0.8520884989509823
0.8545679954224681
0.8590501621209231
0.8577150486362769
0.8547587259202747
0.8541865344268549
0.8590501621209231
0.8554262826625978
0.8573335876406637
0.8560938394049209
0.853900438680145
0.8556170131604044
0.8569521266450505
0.8557123784093077
0.8552355521647912
0.854854091169178
0.8564753004005341
0.8576196833873736
0.8578104138851802
0.8572382223917604
0.8578104138851802
0.8549494564180813
0.8534236124356285
0.8595269883654396
0.8598130841121495
0.8562845699027275
0.8570474918939538
0.8545679954224681
0.8586687011253099
0.8586687011253099
0.8591455273698264
0.8591455273698264
0.8589547968720198
0.8584779706275033
0.8565706656494373
0.8508487507152394
0.8555216479115011
0.8561892046538242
0.859336257867633
0.8545679954224681
0.8591455273698264
0.8559031089071143
0.8561892046538242
0.8582872401296967
0.8586687011253099
0.8580011443829868
0.8587640663742132
0.8569521266450505
0.8555216479115011
0.8599084493610528
0.8561892046538242
0.8552355521647912
0.8620064848369254
0.8562845699027275
0.8582872401296967
0.8552355521647912
0.8596223536143429
0.8559984741560176
0.8582872401296967
0.8572382223917604
0.8588594316231165
0.8525653251954988
0.8592408926187297
0.8564753004005341
0.8533282471867252
0.8590501621209231
0.8554262826625978
0.8580965096318901
0.8567613961472439
0.8559031089071143
0.8559984741560176
0.8581918748807934
0.8571428571428571
0.8583826053786
0.8552355521647912
0.8573335876406637
0.855807743658211
0.8595269883654396
0.8565706656494373
0.8575243181384703
0.8576196833873736
0.8569521266450505
0.8610528323478924
0.8575243181384703
0.8584779706275033
0.859336257867633
0.8570474918939538
0.857428952889567
0.8580011443829868
0.8561892046538242
0.8559031089071143
0.8534236124356285
0.8547587259202747
0.859336257867633
0.859336257867633
0.8601945451077627
0.8576196833873736
0.8585733358764066
0.8578104138851802
0.8544726301735648
0.8553309174136945
0.8576196833873736
0.8544726301735648
0.8561892046538242
0.859336257867633
0.8577150486362769
0.8565706656494373
0.8532328819378219
0.8561892046538242
0.8557123784093077
0.8573335876406637
0.8575243181384703
0.8575243181384703
0.8615296585924089
0.8589547968720198
0.8530421514400153
0.8604806408544726
0.8580011443829868
0.8551401869158879
0.8551401869158879
0.8562845699027275
0.8567613961472439
0.8543772649246615
0.8564753004005341
0.854854091169178
0.8591455273698264
0.8557123784093077
0.8591455273698264
0.8559031089071143
0.8591455273698264
0.8559031089071143
0.8566660308983406
0.8565706656494373
0.8577150486362769
0.8575243181384703
0.8595269883654396
0.8566660308983406
0.8565706656494373
0.8580965096318901
0.8600038146099561
0.8546633606713714
0.8546633606713714
0.8585733358764066
0.8581918748807934
0.8580965096318901
0.8581918748807934
0.8569521266450505
0.8544726301735648
0.8534236124356285
0.857428952889567
0.8598130841121495
0.8565706656494373
0.8595269883654396
0.8592408926187297
0.8587640663742132
0.8589547968720198
0.8618157543391188
0.8577150486362769
0.8568567613961472
0.8598130841121495
0.850753385466336
0.8584779706275033
0.8595269883654396
0.8585733358764066
0.8584779706275033
0.8570474918939538
0.8562845699027275
0.8576196833873736
0.8592408926187297
0.8551401869158879
0.8565706656494373
0.8579057791340835
0.8575243181384703
0.8585733358764066
0.8569521266450505
0.8565706656494373
0.8579057791340835
0.860289910356666
0.8568567613961472
0.857428952889567
0.8563799351516308
0.8597177188632462
0.8600991798588594
0.8560938394049209
0.8579057791340835
0.8586687011253099
0.8618157543391188
0.8606713713522792
0.8611481975967957
0.8592408926187297
0.8580011443829868
0.8583826053786
0.8598130841121495
0.8553309174136945
0.8585733358764066
0.8559984741560176
0.8583826053786
0.8597177188632462
0.8564753004005341
0.8591455273698264
0.8588594316231165
0.8592408926187297
0.8564753004005341
0.8581918748807934
0.8605760061033759
0.8584779706275033
0.8600038146099561
0.8554262826625978
0.8575243181384703
0.8585733358764066
0.8570474918939538
0.8572382223917604
0.8598130841121495
0.8577150486362769
0.8575243181384703
0.8569521266450505
0.8547587259202747
0.8609574670989891
0.8596223536143429
0.8587640663742132
0.8600038146099561
0.8578104138851802
0.8535189776845318
0.8598130841121495
0.8580011443829868
0.8559031089071143
0.8549494564180813
0.8553309174136945
0.8552355521647912
0.8589547968720198
0.860289910356666
0.8617203890902155
0.8589547968720198
0.8563799351516308
0.8565706656494373
0.8591455273698264
0.859336257867633
0.8560938394049209
0.8595269883654396
0.8578104138851802
0.8576196833873736
0.8578104138851802
0.8554262826625978
0.8580965096318901
0.8566660308983406
0.8583826053786
0.8581918748807934
0.8577150486362769
0.8599084493610528
0.8559031089071143
0.8575243181384703
0.8570474918939538
0.8590501621209231
0.857428952889567
0.8531375166889186
0.8584779706275033
0.8563799351516308
0.8620064848369254
0.8553309174136945
0.8554262826625978
0.8571428571428571
0.8594316231165363
0.8531375166889186
0.8603852756055693
0.859336257867633
0.8559984741560176
0.8586687011253099
0.8623879458325386
0.8596223536143429
0.854854091169178
0.8561892046538242
0.8599084493610528
0.8576196833873736
0.8544726301735648
0.8579057791340835
0.8587640663742132
0.8600991798588594
0.8568567613961472
0.8580011443829868
0.8609574670989891
0.8535189776845318
0.8518977684531757
0.8611481975967957
0.8594316231165363
0.8578104138851802
0.8586687011253099
0.8580965096318901
0.8592408926187297
0.8592408926187297
0.8579057791340835
0.8566660308983406
0.8555216479115011
0.8592408926187297
0.8572382223917604
0.849799732977303
0.8590501621209231
0.8533282471867252
0.8546633606713714
0.8549494564180813
0.8555216479115011
0.8527560556933054
0.8552355521647912
0.8552355521647912
0.8528514209422087
0.8533282471867252
0.851039481213046
0.8534236124356285
0.8560938394049209
0.8579057791340835
0.8559984741560176
0.8583826053786
0.855807743658211
0.8518977684531757
0.8572382223917604
0.8596223536143429
0.852946786191112
0.8551401869158879
0.8523745946976922
0.8571428571428571
0.849799732977303
0.861243562845699
0.8570474918939538
0.857428952889567
0.8591455273698264
0.8568567613961472
0.8532328819378219
0.8560938394049209
0.8562845699027275
0.8600038146099561
0.8587640663742132
0.857428952889567
0.8601945451077627
0.8590501621209231
0.8578104138851802
0.8567613961472439
0.8584779706275033
0.8607667366011825
0.8579057791340835
0.8570474918939538
0.8595269883654396
0.8557123784093077
0.8585733358764066
0.8603852756055693
0.8599084493610528
0.8598130841121495
0.8568567613961472
0.8588594316231165
0.8614342933435056
0.8583826053786
0.8592408926187297
0.8579057791340835
0.8576196833873736
0.8563799351516308
0.8575243181384703
0.859336257867633
0.8497043677283997
0.8530421514400153
0.8535189776845318
0.8564753004005341
0.8601945451077627
0.8591455273698264
0.8585733358764066
0.8571428571428571
0.8538050734312417
0.8559984741560176
0.8557123784093077
0.8556170131604044
0.8547587259202747
0.8572382223917604
0.8578104138851802
0.8600038146099561
0.8577150486362769
0.8556170131604044
0.8562845699027275
0.8533282471867252
0.8526606904444021
0.8559031089071143
0.8580965096318901
0.8511348464619493
0.8522792294487889
0.8554262826625978
0.8570474918939538
0.8547587259202747
0.8557123784093077
0.8555216479115011
0.8559984741560176
0.8591455273698264
0.8509441159641427
0.8538050734312417
0.8535189776845318
0.8549494564180813
0.8545679954224681
0.8595269883654396
0.8554262826625978
0.8514209422086592
0.8516116727064658
0.8561892046538242
0.8570474918939538
0.8569521266450505
0.8546633606713714
0.8595269883654396
0.8552355521647912
0.8516116727064658
0.853900438680145
0.8541865344268549
0.8566660308983406
0.8579057791340835
0.8557123784093077
0.8532328819378219
0.8485599847415601
0.8555216479115011
0.8551401869158879
0.8560938394049209
0.8540911691779516
0.8557123784093077
0.8527560556933054
0.8517070379553691
0.8534236124356285
0.8553309174136945
0.8585733358764066
0.8564753004005341
0.8555216479115011
0.8503719244707229
0.8579057791340835
0.8557123784093077
0.8553309174136945
0.8520884989509823
0.857428952889567
0.8560938394049209
0.857428952889567
0.8562845699027275
0.8536143429334351
0.8553309174136945
0.8570474918939538
0.8562845699027275
0.8588594316231165
0.8511348464619493
0.8567613961472439
0.8567613961472439
0.8566660308983406
0.8546633606713714
0.8564753004005341
0.8571428571428571
0.8575243181384703
0.8499904634751096
0.8541865344268549
0.8528514209422087
0.8550448216669846
0.8567613961472439
0.8536143429334351
0.8580011443829868
0.849799732977303
0.854854091169178
0.8601945451077627
0.8571428571428571
0.8559031089071143
0.8570474918939538
0.855807743658211
0.855807743658211
0.8553309174136945
0.8584779706275033
0.8513255769597559
0.8494182719816898
0.851993133702079
0.8554262826625978
0.8528514209422087
0.8526606904444021
0.8543772649246615
0.8564753004005341
0.8523745946976922
0.8565706656494373
0.846271218767881
0.8484646194926568
0.8499904634751096
0.852946786191112
0.8551401869158879
0.8559031089071143
0.8557123784093077
0.8576196833873736
0.8603852756055693
0.8532328819378219
0.8518024032042724
0.8491321762349799
0.8506580202174328
0.8540911691779516
0.8557123784093077
0.8543772649246615
0.8528514209422087
0.8491321762349799
0.851993133702079
0.8470341407591074
0.8527560556933054
0.8545679954224681
0.853900438680145
0.8506580202174328
0.8537097081823384
0.8436963570474919
0.8501811939729162
0.8518977684531757
0.8526606904444021
0.8538050734312417
0.8580011443829868
0.8496090024794964
0.8538050734312417
0.8454129315277513
0.8581918748807934
0.850753385466336
0.8486553499904634
0.8451268357810414
0.8499904634751096
0.8528514209422087
0.8437917222963952
0.846271218767881
0.8563799351516308
0.8403585733358764
0.8480831584970436
0.8516116727064658
0.8534236124356285
0.8492275414838832
0.8535189776845318
0.8555216479115011
0.8525653251954988
0.8557123784093077
0.8576196833873736
0.8527560556933054
0.8491321762349799
0.8538050734312417
0.851039481213046
0.8547587259202747
0.8489414457371733
0.8503719244707229
0.8551401869158879
0.8492275414838832
0.8481785237459469
0.8461758535189777
0.8467480450123975
0.8491321762349799
0.8414075910738127
0.8436009917985886
0.8542818996757582
0.8455082967766546
0.8456036620255579
0.855807743658211
0.851039481213046
0.8474156017547205
0.8495136372305931
0.8435056265496853
0.8420751478161358
0.8485599847415601
0.851993133702079
0.8469387755102041
0.8470341407591074
0.8457943925233645
0.844363913789815
0.8514209422086592
0.852946786191112
0.8474156017547205
0.8509441159641427
0.8464619492656876
0.8486553499904634
0.8470341407591074
0.8518024032042724
0.8466526797634942
0.8502765592218196
0.8463665840167843
0.84884608048827
0.8471295060080107
0.845317566278848
0.8511348464619493
0.8466526797634942
0.8496090024794964
0.850753385466336
0.8492275414838832
0.849799732977303
0.8479877932481403
0.8461758535189777
0.845317566278848
0.8492275414838832
0.850753385466336
0.8441731832920084
0.851993133702079
0.8509441159641427
0.8540911691779516
0.8509441159641427
0.8471295060080107
0.8457943925233645
0.844363913789815
0.8508487507152394
0.8546633606713714
0.8498950982262063
0.8468434102613008
0.8546633606713714
0.8460804882700744
0.855807743658211
0.8546633606713714
0.8522792294487889
0.8496090024794964
0.8538050734312417
0.8520884989509823
0.851993133702079
0.8511348464619493
0.8470341407591074
0.8554262826625978
0.8547587259202747
0.8537097081823384
0.8543772649246615
0.8559031089071143
0.8597177188632462
0.8575243181384703
0.8580965096318901
0.8575243181384703
0.8572382223917604
0.8567613961472439
0.8550448216669846
0.8547587259202747
0.8552355521647912
0.8566660308983406
0.8560938394049209
0.8517070379553691
0.8582872401296967
0.8579057791340835
0.8536143429334351
0.8579057791340835
0.8616250238413122
0.8573335876406637
0.8590501621209231
0.8549494564180813
0.8580965096318901
0.8591455273698264
0.8579057791340835
0.8579057791340835
0.8545679954224681
0.8568567613961472
0.8559031089071143
0.8530421514400153
0.8557123784093077
0.8592408926187297
0.8567613961472439
0.8580965096318901
0.8552355521647912
0.8557123784093077
0.8584779706275033
0.8559031089071143
0.8551401869158879
0.8553309174136945
0.8552355521647912
0.8559031089071143
0.8542818996757582
0.8556170131604044
0.8578104138851802
0.8563799351516308
0.8573335876406637
0.8563799351516308
0.8550448216669846
0.8560938394049209
0.8518024032042724
0.8599084493610528
0.8584779706275033
0.8546633606713714
0.8566660308983406
0.8552355521647912
0.8560938394049209
0.8521838641998856
0.8560938394049209
0.8546633606713714
0.8554262826625978
0.8560938394049209
0.8570474918939538
0.8575243181384703
0.8555216479115011
0.855807743658211
0.8578104138851802
0.8591455273698264
0.8541865344268549
0.8525653251954988
0.8538050734312417
0.8591455273698264
0.8561892046538242
0.854854091169178
0.8536143429334351
0.8581918748807934
0.8588594316231165
0.8549494564180813
0.8577150486362769
0.8554262826625978
0.8553309174136945
0.8547587259202747
0.8570474918939538
0.8514209422086592
0.8556170131604044
0.8575243181384703
0.859336257867633
0.8544726301735648
0.8587640663742132
0.8583826053786
0.8585733358764066
0.8547587259202747
0.8585733358764066
0.8549494564180813
0.8567613961472439
0.8554262826625978
0.8580011443829868
0.8532328819378219
0.8606713713522792
0.8581918748807934
0.8597177188632462
0.8578104138851802
0.8572382223917604
0.8586687011253099
0.8584779706275033
0.8625786763303452
0.857428952889567
0.8554262826625978
0.8577150486362769
0.8597177188632462
0.8569521266450505
0.8545679954224681
0.8586687011253099
0.8570474918939538
0.8563799351516308
0.8579057791340835
0.8586687011253099
0.8590501621209231
0.8588594316231165
0.8547587259202747
0.8566660308983406
0.8564753004005341
0.8534236124356285
0.8556170131604044
0.8546633606713714
0.8571428571428571
0.8536143429334351
0.8565706656494373
0.8562845699027275
0.8562845699027275
0.8557123784093077
0.8598130841121495
0.8542818996757582
0.8546633606713714
0.8584779706275033
0.8541865344268549
0.8534236124356285
0.8551401869158879
0.8568567613961472
0.8582872401296967
0.8543772649246615
0.8583826053786
0.8566660308983406
0.8584779706275033
0.8572382223917604
0.8571428571428571
0.8566660308983406
0.8591455273698264
0.8580011443829868
0.8595269883654396
0.8576196833873736
0.8584779706275033
0.8585733358764066
0.8560938394049209
0.8578104138851802
0.8594316231165363
0.8568567613961472
0.861243562845699
0.8580011443829868
0.8617203890902155
0.8603852756055693
0.8601945451077627
0.8586687011253099
0.855807743658211
0.8583826053786
0.8584779706275033
0.859336257867633
0.8588594316231165
0.8587640663742132
0.8613389280946023
0.8568567613961472
0.8571428571428571
0.8573335876406637
0.8580965096318901
0.8559031089071143
0.8571428571428571
0.8583826053786
0.8606713713522792
0.8573335876406637
0.8595269883654396
0.8588594316231165
0.8598130841121495
0.8592408926187297
0.8620064848369254
0.8536143429334351
0.8605760061033759
0.8601945451077627
0.8580011443829868
0.8569521266450505
0.8566660308983406
0.8588594316231165
0.8605760061033759
0.8595269883654396
0.8609574670989891
0.8583826053786
0.8599084493610528
0.8594316231165363
0.8601945451077627
0.8603852756055693
0.8619111195880221
0.8576196833873736
0.8606713713522792
0.8584779706275033
0.8540911691779516
0.8581918748807934
0.8601945451077627
0.8575243181384703
0.8551401869158879
0.8543772649246615
0.8572382223917604
0.8559031089071143
0.8580965096318901
0.8585733358764066
0.8584779706275033
0.8587640663742132
0.8575243181384703
0.8583826053786
0.8576196833873736
0.8553309174136945
0.8576196833873736
0.8560938394049209
0.8592408926187297
0.8599084493610528
0.8577150486362769
0.8577150486362769
0.8549494564180813
0.8586687011253099
0.8598130841121495
0.8571428571428571
0.8591455273698264
0.859336257867633
0.8566660308983406
0.8566660308983406
0.8569521266450505
0.8581918748807934
0.8598130841121495
0.8603852756055693
0.8569521266450505
0.8541865344268549
0.8599084493610528
0.857428952889567
0.8563799351516308
0.860289910356666
0.8572382223917604
0.8571428571428571
0.8549494564180813
0.8560938394049209
0.8561892046538242
0.8557123784093077
0.8603852756055693
0.8600991798588594
0.8571428571428571
0.8589547968720198
0.8584779706275033
0.8599084493610528
0.8594316231165363
0.8588594316231165
0.8576196833873736
0.8553309174136945
0.8580965096318901
0.8587640663742132
0.8592408926187297
0.855807743658211
0.8573335876406637
0.8568567613961472
0.8589547968720198
0.8585733358764066
0.8585733358764066
0.8596223536143429
0.8583826053786
0.8586687011253099
0.8581918748807934
0.8582872401296967
0.8592408926187297
0.8584779706275033
0.857428952889567
0.8556170131604044
0.8586687011253099
0.8559984741560176
0.8585733358764066
0.8578104138851802
0.8589547968720198
0.8567613961472439
0.855807743658211
0.8582872401296967
0.8568567613961472
0.8561892046538242
0.8559031089071143
0.8554262826625978
0.860289910356666
0.8541865344268549
0.8565706656494373
0.8575243181384703
0.851993133702079
0.8594316231165363
0.8580965096318901
0.8568567613961472
0.8617203890902155
0.8589547968720198
0.8608621018500858
0.8580011443829868
0.8571428571428571
0.8559984741560176
0.8589547968720198
0.8630555025748617
0.8554262826625978
0.8567613961472439
0.8586687011253099
0.8615296585924089
0.8573335876406637
0.8556170131604044
0.8580011443829868
0.8580965096318901
0.8557123784093077
0.8598130841121495
0.8591455273698264
0.8598130841121495
0.8587640663742132
0.8575243181384703
0.8600991798588594
0.8552355521647912
0.861243562845699
0.8598130841121495
0.855807743658211
0.8584779706275033
0.8600991798588594
0.8587640663742132
0.8604806408544726
0.8579057791340835
0.8569521266450505
0.8603852756055693
0.8584779706275033
0.8579057791340835
0.8579057791340835
0.8572382223917604
0.8598130841121495
0.8590501621209231
0.8576196833873736
0.8589547968720198
0.8604806408544726
0.8604806408544726
0.8580011443829868
0.8584779706275033
0.8587640663742132
0.8597177188632462
0.8600038146099561
0.8585733358764066
0.8585733358764066
0.8526606904444021
0.8580965096318901
0.862197215334732
0.8596223536143429
0.8588594316231165
0.855807743658211
0.8626740415792485
0.851039481213046
0.8566660308983406
0.8532328819378219
0.8527560556933054
0.8591455273698264
0.8530421514400153
0.863150867823765
0.8585733358764066
0.8617203890902155
0.8592408926187297
0.8597177188632462
0.8579057791340835
0.8504672897196262
0.8562845699027275
0.8584779706275033
0.8559984741560176
0.8567613961472439
0.8623879458325386
0.8496090024794964
0.8582872401296967
0.8545679954224681
0.8561892046538242
0.8523745946976922
0.8509441159641427
0.8544726301735648
0.8597177188632462
0.8572382223917604
0.8542818996757582
0.8571428571428571
0.8587640663742132
0.8555216479115011
0.8583826053786
0.8567613961472439
0.8556170131604044
0.8537097081823384
0.8577150486362769
0.8582872401296967
0.8586687011253099
0.8524699599465955
0.8592408926187297
0.8565706656494373
0.8554262826625978
0.8590501621209231
0.8595269883654396
0.8560938394049209
0.8579057791340835
0.8533282471867252
0.857428952889567
0.8568567613961472
0.8547587259202747
0.8542818996757582
0.8589547968720198
0.8535189776845318
0.8610528323478924
0.8573335876406637
0.8597177188632462
0.8563799351516308
0.8561892046538242
0.8564753004005341
0.8576196833873736
0.8583826053786
0.8508487507152394
0.8539958039290483
0.8556170131604044
0.8546633606713714
0.8554262826625978
0.8567613961472439
0.8598130841121495
0.8583826053786
0.8550448216669846
0.8609574670989891
0.8611481975967957
0.8528514209422087
0.8559984741560176
0.8553309174136945
0.8608621018500858
0.8555216479115011
0.8555216479115011
0.8557123784093077
0.8534236124356285
0.860289910356666
0.8557123784093077
0.8523745946976922
0.8538050734312417
0.855807743658211
0.8570474918939538
0.8578104138851802
0.8579057791340835
0.8600038146099561
0.8587640663742132
0.8577150486362769
0.8560938394049209
0.8572382223917604
0.8577150486362769
0.8621018500858287
0.8557123784093077
0.8595269883654396
0.8600038146099561
0.8577150486362769
0.8550448216669846
0.8586687011253099
0.8569521266450505
0.8592408926187297
0.8546633606713714
0.8544726301735648
0.8514209422086592
0.8550448216669846
0.8559984741560176
0.857428952889567
0.8607667366011825
0.8560938394049209
0.8568567613961472
0.8568567613961472
0.8576196833873736
0.8571428571428571
0.8556170131604044
0.8586687011253099
0.8595269883654396
0.8562845699027275
0.8577150486362769
0.8600038146099561
0.8591455273698264
0.8615296585924089
0.8592408926187297
0.8570474918939538
0.8569521266450505
0.8592408926187297
0.8541865344268549
0.8588594316231165
0.8579057791340835
0.8573335876406637
0.8534236124356285
0.8525653251954988
0.8544726301735648
0.8580011443829868
0.8570474918939538
0.8513255769597559
0.8597177188632462
0.857428952889567
0.8578104138851802
0.8538050734312417
0.8530421514400153
0.8539958039290483
0.8568567613961472
0.8573335876406637
0.8540911691779516
0.8562845699027275
0.8563799351516308
0.8600991798588594
0.8575243181384703
0.8549494564180813
0.8584779706275033
0.8543772649246615
0.8592408926187297
0.8539958039290483
0.8553309174136945
0.8584779706275033
0.8566660308983406
0.8492275414838832
0.853900438680145
0.854854091169178
0.8583826053786
0.8544726301735648
0.8590501621209231
0.8568567613961472
0.8538050734312417
0.8610528323478924
0.8556170131604044
0.8547587259202747
0.8568567613961472
0.8581918748807934
0.8596223536143429
0.8584779706275033
0.8611481975967957
0.861243562845699
0.8610528323478924
0.8549494564180813
0.8580965096318901
0.8504672897196262
0.8587640663742132
0.8617203890902155
0.8601945451077627
0.8542818996757582
0.8539958039290483
0.8546633606713714
0.8486553499904634
0.853900438680145
0.8540911691779516
0.860289910356666
0.8577150486362769
0.8576196833873736
0.8557123784093077
0.8541865344268549
0.8569521266450505
0.8512302117108526
0.8520884989509823
0.8578104138851802
0.8601945451077627
0.859336257867633
0.8571428571428571
0.8543772649246615
0.8607667366011825
0.8592408926187297
0.8592408926187297
0.853900438680145
0.857428952889567
0.8609574670989891
0.8562845699027275
0.8601945451077627
0.8573335876406637
0.8604806408544726
0.8589547968720198
0.8587640663742132
0.8581918748807934
0.8584779706275033
0.8546633606713714
0.8621018500858287
0.8597177188632462
0.8598130841121495
0.8610528323478924
0.8582872401296967
0.8586687011253099
0.860289910356666
0.8597177188632462
0.8559031089071143
0.8589547968720198
0.8616250238413122
0.8556170131604044
0.8587640663742132
0.8583826053786
0.8613389280946023
0.8601945451077627
0.860289910356666
0.8544726301735648
0.8595269883654396
0.8605760061033759
0.8543772649246615
0.861243562845699
0.860289910356666
0.8633415983215716
0.8613389280946023
0.8562845699027275
0.8556170131604044
0.8605760061033759
0.8630555025748617
0.8589547968720198
0.8565706656494373
0.8551401869158879
0.8547587259202747
0.8538050734312417
0.8557123784093077
0.8559031089071143
0.8578104138851802
0.8594316231165363
0.8604806408544726
0.8545679954224681
0.8600991798588594
0.8576196833873736
0.8533282471867252
0.8610528323478924
0.8571428571428571
0.8552355521647912
0.8523745946976922
0.8581918748807934
0.8589547968720198
0.8584779706275033
0.8586687011253099
0.8573335876406637
0.8576196833873736
0.8613389280946023
0.8567613961472439
0.8603852756055693
0.8606713713522792
0.8600038146099561
0.8600038146099561
0.8583826053786
0.8614342933435056
0.862197215334732
0.8578104138851802
0.8578104138851802
0.8591455273698264
0.8562845699027275
0.8597177188632462
0.8572382223917604
0.8501811939729162
0.8577150486362769
0.8554262826625978
0.8532328819378219
0.8539958039290483
0.855807743658211
0.8578104138851802
0.8578104138851802
0.8583826053786
0.859336257867633
0.8617203890902155
0.8597177188632462
0.8555216479115011
0.8557123784093077
0.8584779706275033
0.8565706656494373
0.8523745946976922
0.8557123784093077
0.8545679954224681
0.8570474918939538
0.8611481975967957
0.8592408926187297
0.8550448216669846
0.855807743658211
0.855807743658211
0.8594316231165363
0.8552355521647912
0.854854091169178
0.855807743658211
0.8581918748807934
0.8594316231165363
0.8621018500858287
0.8592408926187297
0.8542818996757582
0.8492275414838832
0.8503719244707229
0.8567613961472439
0.855807743658211
0.8576196833873736
0.8577150486362769
0.8537097081823384
0.8607667366011825
0.8549494564180813
0.8527560556933054
0.8539958039290483
0.8567613961472439
0.862197215334732
0.850085828724013
0.8598130841121495
0.8580011443829868
0.8598130841121495
0.8614342933435056
0.8609574670989891
0.8591455273698264
0.8606713713522792
0.8555216479115011
0.861243562845699
0.8528514209422087
0.8556170131604044
0.8554262826625978
0.8545679954224681
0.8527560556933054
0.8477016975014304
0.8546633606713714
0.8565706656494373
0.8581918748807934
0.8568567613961472
0.8563799351516308
0.8539958039290483
0.8504672897196262
0.8550448216669846
0.8552355521647912
0.8578104138851802
0.8554262826625978
0.8570474918939538
0.8557123784093077
0.8541865344268549
0.8583826053786
0.853900438680145
0.8527560556933054
0.8532328819378219
0.8498950982262063
0.8518024032042724
0.857428952889567
0.8505626549685295
0.8502765592218196
0.8556170131604044
0.8513255769597559
0.8508487507152394
0.8489414457371733
0.8577150486362769
0.8546633606713714
0.8466526797634942
0.852946786191112
0.8492275414838832
0.8512302117108526
0.8496090024794964
0.855807743658211
0.8556170131604044
0.8566660308983406
0.8546633606713714
0.8538050734312417
0.8564753004005341
0.8527560556933054
0.8540911691779516
0.8581918748807934
0.855807743658211
0.8528514209422087
0.8526606904444021
0.8546633606713714
0.8528514209422087
0.8536143429334351
0.8467480450123975
0.8499904634751096
0.8506580202174328
0.8559984741560176
0.8541865344268549
0.8525653251954988
0.8523745946976922
0.8451268357810414
0.8551401869158879
0.8567613961472439
0.8481785237459469
0.8511348464619493
0.8505626549685295
0.8563799351516308
0.8591455273698264
0.8544726301735648
0.8476063322525271
0.8509441159641427
0.8495136372305931
0.8506580202174328
0.8449361052832348
0.8491321762349799
0.8447453747854282
0.8455082967766546
0.8463665840167843
0.8540911691779516
0.851993133702079
0.8476063322525271
0.8545679954224681
0.8489414457371733
0.8575243181384703
0.8537097081823384
0.852946786191112
0.8498950982262063
0.8555216479115011
0.8446500095365249
0.8534236124356285
0.8524699599465955
0.8555216479115011
0.8477970627503337
0.8505626549685295
0.8535189776845318
0.8504672897196262
0.8457943925233645
0.8517070379553691
0.8542818996757582
0.8569521266450505
0.8538050734312417
0.8559031089071143
0.8512302117108526
0.8426473393095556
0.8569521266450505
0.8516116727064658
0.8496090024794964
0.8498950982262063
0.8492275414838832
0.8528514209422087
0.8522792294487889
0.8564753004005341
0.8534236124356285
0.8568567613961472
0.8499904634751096
0.8520884989509823
0.8498950982262063
0.8564753004005341
0.8532328819378219
0.8512302117108526
0.8477970627503337
0.8527560556933054
0.855807743658211
0.8509441159641427
0.8508487507152394
0.8504672897196262
0.8481785237459469
0.8537097081823384
0.8428380698073622
0.851993133702079
0.8487507152393667
0.8541865344268549
0.8563799351516308
0.8460804882700744
0.8450314705321381
0.8543772649246615
0.8539958039290483
0.8538050734312417
0.8524699599465955
0.8541865344268549
0.8551401869158879
0.859336257867633
0.8522792294487889
0.8531375166889186
0.8522792294487889
0.8542818996757582
0.8545679954224681
0.8559984741560176
0.8542818996757582
0.8555216479115011
0.8538050734312417
0.8528514209422087
0.8476063322525271
0.8585733358764066
0.8533282471867252
0.8552355521647912
0.8577150486362769
0.8537097081823384
0.8595269883654396
0.8491321762349799
0.8564753004005341
0.8485599847415601
0.8543772649246615
0.8571428571428571
0.8560938394049209
0.8539958039290483
0.8576196833873736
0.8561892046538242
0.8560938394049209
0.8603852756055693
0.8600991798588594
0.8564753004005341
0.8533282471867252
0.8569521266450505
0.8577150486362769
0.8525653251954988
0.8580965096318901
0.8616250238413122
0.8532328819378219
0.8564753004005341
0.8541865344268549
0.854854091169178
0.8572382223917604
0.8549494564180813
0.8552355521647912
0.8576196833873736
0.8544726301735648
0.8522792294487889
0.8569521266450505
0.8566660308983406
0.8588594316231165
0.8576196833873736
0.8528514209422087
0.8583826053786
0.8603852756055693
0.855807743658211
0.8543772649246615
0.8550448216669846
0.8557123784093077
0.8580965096318901
0.8554262826625978
0.8568567613961472
0.8524699599465955
0.8504672897196262
0.8511348464619493
0.8499904634751096
0.8520884989509823
0.854854091169178
0.855807743658211
0.8530421514400153
0.8474156017547205
0.8498950982262063
0.8559984741560176
0.8538050734312417
0.850085828724013
0.8538050734312417
0.8580011443829868
0.8484646194926568
0.8502765592218196
0.855807743658211
0.8582872401296967
0.8479877932481403
0.852946786191112
0.8547587259202747
0.8587640663742132
0.8571428571428571
0.8557123784093077
0.8557123784093077
0.8560938394049209
0.8585733358764066
0.857428952889567
0.8575243181384703
0.8546633606713714
0.8544726301735648
0.8585733358764066
0.8604806408544726
0.8590501621209231
0.8587640663742132
0.8589547968720198
0.8581918748807934
0.8605760061033759
0.8586687011253099
0.8597177188632462
0.8595269883654396
0.8559984741560176
0.854854091169178
0.8526606904444021
0.8567613961472439
0.8567613961472439
0.8576196833873736
0.8505626549685295
0.8564753004005341
0.8571428571428571
0.8560938394049209
0.8543772649246615
0.8545679954224681
0.8587640663742132
0.8567613961472439
0.8560938394049209
0.8566660308983406
0.8567613961472439
0.8554262826625978
0.8572382223917604
0.8583826053786
0.8563799351516308
0.8559031089071143
0.8559984741560176
0.8549494564180813
0.8577150486362769
0.855807743658211
0.854854091169178
0.8569521266450505
0.8541865344268549
0.8585733358764066
0.8569521266450505
0.8539958039290483
0.8557123784093077
0.8535189776845318
0.853900438680145
0.8572382223917604
0.8580011443829868
0.861243562845699
0.8589547968720198
0.8531375166889186
0.8575243181384703
0.8568567613961472
0.8562845699027275
0.8585733358764066
0.8541865344268549
0.8549494564180813
0.8540911691779516
0.8533282471867252
0.8549494564180813
0.8598130841121495
0.8592408926187297
0.860289910356666
0.8597177188632462
0.8575243181384703
0.8550448216669846
0.8536143429334351
0.854854091169178
0.8564753004005341
0.8546633606713714
0.8498950982262063
0.857428952889567
0.8577150486362769
0.8566660308983406
0.8565706656494373
0.8565706656494373
0.8554262826625978
0.8587640663742132
0.8531375166889186
0.8559031089071143
0.8543772649246615
0.8528514209422087
0.8565706656494373
0.8561892046538242
0.8578104138851802
0.8572382223917604
0.8606713713522792
0.8611481975967957
0.8552355521647912
0.8560938394049209
0.8580965096318901
0.8603852756055693
0.8613389280946023
0.8579057791340835
0.8591455273698264
0.8583826053786
0.8596223536143429
0.8583826053786
0.8579057791340835
0.8596223536143429
0.8614342933435056
0.8531375166889186
0.8597177188632462
0.8560938394049209
0.8583826053786
0.8577150486362769
0.8557123784093077
0.8557123784093077
0.8530421514400153
0.8569521266450505
0.8514209422086592
0.8598130841121495
0.8573335876406637
0.8583826053786
0.8614342933435056
0.8546633606713714
0.8569521266450505
0.8589547968720198
0.859336257867633
0.8567613961472439
0.8576196833873736
0.8580965096318901
0.8560938394049209
0.8617203890902155
0.8580965096318901
0.8521838641998856
0.8585733358764066
0.857428952889567
0.8562845699027275
0.8553309174136945
0.8585733358764066
0.8568567613961472
0.8608621018500858
0.8567613961472439
0.8600991798588594
0.8572382223917604
0.8596223536143429
0.859336257867633
0.8591455273698264
0.8595269883654396
0.8606713713522792
0.8596223536143429
0.8597177188632462
0.8575243181384703
0.8576196833873736
0.8603852756055693
0.8576196833873736
0.8597177188632462
0.8553309174136945
0.8589547968720198
0.860289910356666
0.8564753004005341
0.8601945451077627
0.8597177188632462
0.8606713713522792
0.8588594316231165
0.8595269883654396
0.8595269883654396
0.8597177188632462
0.8565706656494373
0.8573335876406637
0.8579057791340835
0.8537097081823384
0.8561892046538242
0.8575243181384703
0.854854091169178
0.8576196833873736
0.8573335876406637
0.8576196833873736
0.8559031089071143
0.8564753004005341
0.8600038146099561
0.8584779706275033
0.8583826053786
0.8566660308983406
0.8565706656494373
0.8561892046538242
0.8580011443829868
0.8598130841121495
0.8552355521647912
0.8561892046538242
0.8597177188632462
0.8580965096318901
0.8539958039290483
0.8573335876406637
0.8570474918939538
0.8563799351516308
0.8557123784093077
0.8560938394049209
0.8591455273698264
0.8540911691779516
0.8580011443829868
0.8566660308983406
0.854854091169178
0.8580965096318901
0.8575243181384703
0.8556170131604044
0.8570474918939538
0.8520884989509823
0.8550448216669846
0.8528514209422087
0.8552355521647912
0.8541865344268549
0.8564753004005341
0.8577150486362769
0.8511348464619493
0.853900438680145
0.8540911691779516
0.851993133702079
0.8565706656494373
0.8557123784093077
0.8554262826625978
0.8599084493610528
0.8560938394049209
0.8512302117108526
0.855807743658211
0.8562845699027275
0.8532328819378219
0.8569521266450505
0.8531375166889186
0.8562845699027275
0.860289910356666
0.8580965096318901
0.8566660308983406
0.854854091169178
0.854854091169178
0.8523745946976922
0.8588594316231165
0.8559984741560176
0.8531375166889186
0.8572382223917604
0.8541865344268549
0.8576196833873736
0.8547587259202747
0.8540911691779516
0.8560938394049209
0.8522792294487889
0.8606713713522792
0.855807743658211
0.8543772649246615
0.8520884989509823
0.8554262826625978
0.853900438680145
0.8543772649246615
0.8603852756055693
0.8511348464619493
0.8543772649246615
0.8577150486362769
0.8600991798588594
0.8578104138851802
0.8552355521647912
0.8611481975967957
0.859336257867633
0.8590501621209231
0.8589547968720198
0.8562845699027275
0.8594316231165363
0.8573335876406637
0.8580011443829868
0.8594316231165363
0.8567613961472439
0.8588594316231165
0.8580011443829868
0.8600038146099561
0.8598130841121495
0.8553309174136945
0.8516116727064658
0.8608621018500858
0.8597177188632462
0.8591455273698264
0.8552355521647912
0.8577150486362769
0.8603852756055693
0.8562845699027275
0.8540911691779516
0.8561892046538242
0.8566660308983406
0.8571428571428571
0.8609574670989891
0.8567613961472439
0.8583826053786
0.8622925805836353
0.8622925805836353
0.8580011443829868
0.8627694068281518
0.8626740415792485
0.8563799351516308
0.8600991798588594
0.861243562845699
0.8567613961472439
0.8586687011253099
0.8572382223917604
0.855807743658211
0.8581918748807934
0.8597177188632462
0.8580965096318901
0.8606713713522792
0.8570474918939538
0.8586687011253099
0.8600991798588594
0.8576196833873736
0.8559984741560176
0.8591455273698264
0.8604806408544726
0.8586687011253099
0.8583826053786
0.8575243181384703
0.8584779706275033
0.8598130841121495
0.857428952889567
0.8603852756055693
0.8616250238413122
0.8562845699027275
0.8589547968720198
0.8598130841121495
0.855807743658211
0.8615296585924089
0.8565706656494373
0.8588594316231165
0.8615296585924089
0.8600038146099561
0.8610528323478924
0.861243562845699
0.8576196833873736
0.8562845699027275
0.8594316231165363
0.8584779706275033
0.8585733358764066
0.860289910356666
0.8611481975967957
0.8595269883654396
0.8590501621209231
0.8606713713522792
0.8582872401296967
0.8604806408544726
0.8561892046538242
0.8546633606713714
0.8599084493610528
0.8549494564180813
0.8592408926187297
0.8605760061033759
0.8586687011253099
0.853900438680145
0.8564753004005341
0.8580965096318901
0.857428952889567
0.8580965096318901
0.8515163074575625
0.8579057791340835
0.8592408926187297
0.8616250238413122
0.8599084493610528
0.8606713713522792
0.8575243181384703
0.8552355521647912
0.8580011443829868
0.8611481975967957
0.8609574670989891
0.8599084493610528
0.8589547968720198
0.8589547968720198
0.8600991798588594
0.852946786191112
0.8568567613961472
0.8615296585924089
0.8600991798588594
0.8569521266450505
0.8543772649246615
0.8609574670989891
0.8618157543391188
0.8629601373259584
0.8580965096318901
0.8560938394049209
0.8611481975967957
0.8587640663742132
0.8601945451077627
0.8588594316231165
0.850753385466336
0.8540911691779516
0.849799732977303
0.8540911691779516
0.8559031089071143
0.8549494564180813
0.8482738889948502
0.8589547968720198
0.8578104138851802
0.8595269883654396
0.8599084493610528
0.8590501621209231
0.8654396337974443
0.8621018500858287
0.8606713713522792
0.862197215334732
0.8650581728018311
0.8604806408544726
0.8622925805836353
0.8611481975967957
0.863150867823765
0.8563799351516308
0.8604806408544726
0.8619111195880221
0.8615296585924089
0.8504672897196262
0.8662025557886706
0.8615296585924089
0.8609574670989891
0.8640091550638948
0.865344268548541
0.8594316231165363
0.8666793820331871
0.8639137898149915
0.8637230593171848
0.8604806408544726
0.8623879458325386
0.863150867823765
0.8622925805836353
0.8621018500858287
0.8587640663742132
0.8606713713522792
0.8595269883654396
0.8576196833873736
0.8578104138851802
0.8559031089071143
0.8586687011253099
0.8579057791340835
0.8563799351516308
0.8549494564180813
0.859336257867633
0.8645813465573146
0.8622925805836353
0.8621018500858287
0.8632462330726683
0.8609574670989891
0.8610528323478924
0.8619111195880221
0.8672515735266069
0.8621018500858287
0.8632462330726683
0.8615296585924089
0.865344268548541
0.8621018500858287
0.8581918748807934
0.8621018500858287
0.8578104138851802
0.8626740415792485
0.8630555025748617
0.8608621018500858
0.8598130841121495
0.8607667366011825
0.8601945451077627
0.8623879458325386
0.8596223536143429
0.8647720770551212
0.8629601373259584
0.8601945451077627
0.8646767118062179
0.8591455273698264
0.8635323288193782
0.863150867823765
0.8657257295441542
0.8641998855617014
0.8650581728018311
0.8650581728018311
0.8651535380507344
0.8627694068281518
0.864390616059508
0.8652489032996377
0.8580011443829868
0.8636276940682815
0.8640091550638948
0.8648674423040245
0.8667747472820904
0.8645813465573146
0.8615296585924089
0.8661071905397673
0.8657257295441542
0.8659164600419607
0.8657257295441542
0.8603852756055693
0.863436963570475
0.8637230593171848
0.8633415983215716
0.8625786763303452
0.8651535380507344
0.8604806408544726
0.8630555025748617
0.8652489032996377
0.8603852756055693
0.8542818996757582
0.8625786763303452
0.8641998855617014
0.8613389280946023
0.866011825290864
0.8662979210375739
0.8645813465573146
0.8629601373259584
0.864390616059508
0.8655349990463476
0.8608621018500858
0.8609574670989891
0.8652489032996377
0.8664886515353805
0.8636276940682815
0.861243562845699
0.8590501621209231
0.8618157543391188
0.8616250238413122
0.8636276940682815
0.8605760061033759
0.8639137898149915
0.865344268548541
0.8599084493610528
0.8617203890902155
0.8618157543391188
0.8591455273698264
0.8619111195880221
0.8575243181384703
0.8594316231165363
0.8618157543391188
0.8611481975967957
0.8572382223917604
0.8619111195880221
0.8645813465573146
0.863436963570475
0.8649628075529278
0.8630555025748617
0.8628647720770551
0.863436963570475
0.8652489032996377
0.8639137898149915
0.8652489032996377
0.8598130841121495
0.8636276940682815
0.8644859813084113
0.8609574670989891
0.8616250238413122
0.8655349990463476
0.8637230593171848
0.8623879458325386
0.864390616059508
0.866965477779897
0.8605760061033759
0.8594316231165363
0.8618157543391188
0.8611481975967957
0.8601945451077627
0.8655349990463476
0.8611481975967957
0.8644859813084113
0.862197215334732
0.8615296585924089
0.8600991798588594
0.8635323288193782
0.8610528323478924
0.8578104138851802
0.8549494564180813
0.8655349990463476
0.8614342933435056
0.8637230593171848
0.8609574670989891
0.8630555025748617
0.8608621018500858
0.8640091550638948
0.8598130841121495
0.8608621018500858
0.855807743658211
0.8658210947930574
0.8656303642952509
0.8636276940682815
0.862197215334732
0.8627694068281518
0.8656303642952509
0.8605760061033759
0.8576196833873736
0.8604806408544726
0.866011825290864
0.8624833110814419
0.861243562845699
0.8620064848369254
0.8601945451077627
0.8575243181384703
0.8604806408544726
0.861243562845699
0.8638184245660881
0.8605760061033759
0.8579057791340835
0.8591455273698264
0.8569521266450505
0.8636276940682815
0.8600991798588594
0.8638184245660881
0.8588594316231165
0.8618157543391188
0.8570474918939538
0.8581918748807934
0.8555216479115011
0.860289910356666
0.8609574670989891
0.8584779706275033
0.8614342933435056
0.8601945451077627
0.8618157543391188
0.8567613961472439
0.8559984741560176
0.8595269883654396
0.8581918748807934
0.8613389280946023
0.8648674423040245
0.8552355521647912
0.8609574670989891
0.8598130841121495
0.8591455273698264
0.8633415983215716
0.8609574670989891
0.8587640663742132
0.8585733358764066
0.8577150486362769
0.8620064848369254
0.8552355521647912
0.862197215334732
0.8592408926187297
0.8606713713522792
0.8581918748807934
0.8601945451077627
0.8651535380507344
0.8509441159641427
0.861243562845699
0.8547587259202747
0.8664886515353805
0.8614342933435056
0.8595269883654396
0.8591455273698264
0.8626740415792485
0.8600991798588594
0.8571428571428571
0.8581918748807934
0.8588594316231165
0.8597177188632462
0.8620064848369254
0.8636276940682815
0.8617203890902155
0.8629601373259584
0.8628647720770551
0.864104520312798
0.8610528323478924
0.862197215334732
0.8629601373259584
0.8566660308983406
0.8580965096318901
0.8586687011253099
0.8610528323478924
0.8589547968720198
0.8600038146099561
0.8553309174136945
0.8579057791340835
0.8571428571428571
0.8607667366011825
0.8587640663742132
0.8561892046538242
0.8607667366011825
0.8642952508106047
0.8601945451077627
0.8586687011253099
0.8590501621209231
0.8568567613961472
0.8627694068281518
0.8585733358764066
0.864104520312798
0.8571428571428571
0.8603852756055693
0.8639137898149915
0.864104520312798
0.859336257867633
0.8620064848369254
0.8586687011253099
0.8583826053786
0.8608621018500858
0.860289910356666
0.8628647720770551
0.8577150486362769
0.8565706656494373
0.8565706656494373
0.8583826053786
0.8578104138851802
0.8577150486362769
0.8553309174136945
0.8645813465573146
0.8584779706275033
0.8580965096318901
0.8587640663742132
0.8560938394049209
0.8582872401296967
0.8610528323478924
0.8597177188632462
0.8600038146099561
0.8606713713522792
0.8604806408544726
0.8601945451077627
0.8577150486362769
0.8580965096318901
0.8578104138851802
0.8619111195880221
0.8613389280946023
0.8599084493610528
0.8573335876406637
0.8617203890902155
0.8624833110814419
0.8581918748807934
0.8576196833873736
0.8598130841121495
0.8630555025748617
0.8615296585924089
0.8607667366011825
0.8598130841121495
0.8610528323478924
0.859336257867633
0.8606713713522792
0.8639137898149915
0.8561892046538242
0.8613389280946023
0.8649628075529278
0.8596223536143429
0.8569521266450505
0.8605760061033759
0.8583826053786
0.8586687011253099
0.8596223536143429
0.860289910356666
0.8606713713522792
0.8591455273698264
0.8615296585924089
0.8569521266450505
0.8632462330726683
0.8565706656494373
0.8591455273698264
0.8598130841121495
0.8554262826625978
0.8563799351516308
0.8585733358764066
0.8611481975967957
0.8592408926187297
0.8591455273698264
0.8595269883654396
0.857428952889567
0.8611481975967957
0.8570474918939538
0.8604806408544726
0.8596223536143429
0.8607667366011825
0.8639137898149915
0.8562845699027275
0.8557123784093077
0.862197215334732
0.8601945451077627
0.8608621018500858
0.8623879458325386
0.8577150486362769
0.8614342933435056
0.8609574670989891
0.8570474918939538
0.8584779706275033
0.8576196833873736
0.864390616059508
0.8573335876406637
0.8589547968720198
0.8628647720770551
0.8591455273698264
0.864390616059508
0.8568567613961472
0.8585733358764066
0.8637230593171848
0.861243562845699
0.8580011443829868
0.8620064848369254
0.8619111195880221
0.8658210947930574
0.8607667366011825
0.8630555025748617
0.8582872401296967
0.8639137898149915
0.8611481975967957
0.8568567613961472
0.862197215334732
0.862197215334732
0.8633415983215716
0.8604806408544726
0.8614342933435056
0.8604806408544726
0.8623879458325386
0.8600038146099561
0.8628647720770551
0.8652489032996377
0.8621018500858287
0.8615296585924089
0.8590501621209231
0.859336257867633
0.8624833110814419
0.8620064848369254
0.8628647720770551
0.860289910356666
0.8571428571428571
0.8621018500858287
0.8622925805836353
0.861243562845699
0.8611481975967957
0.8594316231165363
0.8604806408544726
0.8627694068281518
0.8639137898149915
0.8605760061033759
0.8623879458325386
0.8565706656494373
0.8614342933435056
0.8578104138851802
0.8600991798588594
0.8650581728018311
0.8633415983215716
0.8624833110814419
0.8592408926187297
0.8622925805836353
0.8569521266450505
0.8564753004005341
0.8591455273698264
0.8629601373259584
0.8586687011253099
0.8584779706275033
0.861243562845699
0.8630555025748617
0.8592408926187297
0.8625786763303452
0.8588594316231165
0.8576196833873736
0.8621018500858287
0.8610528323478924
0.864104520312798
0.861243562845699
0.8603852756055693
0.8583826053786
0.8600991798588594
0.859336257867633
0.8536143429334351
0.8603852756055693
0.8591455273698264
0.8600038146099561
0.8583826053786
0.8616250238413122
0.8585733358764066
0.859336257867633
0.8583826053786
0.8604806408544726
0.8570474918939538
0.8636276940682815
0.8606713713522792
0.8600991798588594
0.8582872401296967
0.8583826053786
0.8572382223917604
0.8607667366011825
0.8633415983215716
0.8592408926187297
0.8575243181384703
0.8600038146099561
0.8617203890902155
0.8594316231165363
0.862197215334732
0.8600038146099561
0.8605760061033759
0.8605760061033759
0.8547587259202747
0.8615296585924089
0.8609574670989891
0.863436963570475
0.8587640663742132
0.8586687011253099
0.8619111195880221
0.8590501621209231
0.8586687011253099
0.8571428571428571
0.8569521266450505
0.859336257867633
0.8584779706275033
0.8569521266450505
0.8619111195880221
0.8586687011253099
0.866011825290864
0.8608621018500858
0.863150867823765
0.8594316231165363
0.8633415983215716
0.8641998855617014
0.859336257867633
0.8615296585924089
0.860289910356666
0.8632462330726683
0.8621018500858287
0.8608621018500858
0.8632462330726683
0.862197215334732
0.864390616059508
0.8624833110814419
0.8616250238413122
0.8620064848369254
0.8595269883654396
0.8642952508106047
0.8639137898149915
0.8608621018500858
0.863436963570475
0.8624833110814419
0.8570474918939538
0.8606713713522792
0.8630555025748617
0.8628647720770551
0.8636276940682815
0.8599084493610528
0.863436963570475
0.8625786763303452
0.8583826053786
0.8619111195880221
0.8600038146099561
0.8624833110814419
0.8624833110814419
0.8652489032996377
0.8606713713522792
0.8615296585924089
0.8632462330726683
0.8662979210375739
0.8642952508106047
0.8585733358764066
0.8639137898149915
0.8674423040244135
0.862197215334732
0.8572382223917604
0.8609574670989891
0.8659164600419607
0.8655349990463476
0.8647720770551212
0.8586687011253099
0.8580011443829868
0.8596223536143429
0.8627694068281518
0.8624833110814419
0.861243562845699
0.8610528323478924
0.8592408926187297
0.8642952508106047
0.8598130841121495
0.8551401869158879
0.866965477779897
0.8585733358764066
0.8628647720770551
0.8605760061033759
0.8598130841121495
0.8575243181384703
0.8575243181384703
0.8618157543391188
0.8607667366011825
0.8626740415792485
0.8582872401296967
0.8638184245660881
0.8662025557886706
0.8648674423040245
0.8642952508106047
0.8618157543391188
0.8654396337974443
0.8614342933435056
0.8620064848369254
0.8599084493610528
0.8628647720770551
0.863436963570475
0.8672515735266069
0.8628647720770551
0.8600991798588594
0.864390616059508
0.8604806408544726
0.8662025557886706
0.8627694068281518
0.8672515735266069
0.8590501621209231
0.863436963570475
0.8486553499904634
0.8647720770551212
0.8613389280946023
0.8641998855617014
0.8570474918939538
0.8586687011253099
0.8544726301735648
0.8608621018500858
0.8614342933435056
0.8619111195880221
0.8620064848369254
0.8623879458325386
0.8581918748807934
0.8585733358764066
0.8623879458325386
0.8632462330726683
0.8655349990463476
0.8567613961472439
0.8599084493610528
0.8580965096318901
0.8662025557886706
0.8627694068281518
0.8630555025748617
0.8636276940682815
0.8609574670989891
0.864104520312798
0.862197215334732
0.8592408926187297
0.8641998855617014
0.8649628075529278
0.8596223536143429
0.8614342933435056
0.8580011443829868
0.8597177188632462
0.8626740415792485
0.8650581728018311
0.8635323288193782
0.8628647720770551
0.8581918748807934
0.8600038146099561
0.8613389280946023
0.8641998855617014
0.8641998855617014
0.8642952508106047
0.8621018500858287
0.8570474918939538
0.8613389280946023
0.8571428571428571
0.8630555025748617
0.8629601373259584
0.8621018500858287
0.861243562845699
0.8563799351516308
0.8616250238413122
0.8606713713522792
0.864104520312798
0.8630555025748617
0.8645813465573146
0.8618157543391188
0.8618157543391188
0.8565706656494373
0.8604806408544726
0.8650581728018311
0.8576196833873736
0.8641998855617014
0.862197215334732
0.8618157543391188
0.8592408926187297
0.8617203890902155
0.8601945451077627
0.862197215334732
0.860289910356666
0.8587640663742132
0.8596223536143429
0.8584779706275033
0.8570474918939538
0.8608621018500858
0.8597177188632462
0.8582872401296967
0.8623879458325386
0.8599084493610528
0.8652489032996377
0.8621018500858287
0.8621018500858287
0.8585733358764066
0.8636276940682815
0.8608621018500858
0.8621018500858287
0.8638184245660881
0.8623879458325386
0.8642952508106047
0.8632462330726683
0.8609574670989891
0.8625786763303452
0.8615296585924089
0.8639137898149915
0.8629601373259584
0.8639137898149915
0.8607667366011825
0.8606713713522792
0.8562845699027275
0.8584779706275033
0.8595269883654396
0.8596223536143429
0.8571428571428571
0.860289910356666
0.8611481975967957
0.8613389280946023
0.8599084493610528
0.8597177188632462
0.8613389280946023
0.8610528323478924
0.8626740415792485
0.8620064848369254
0.8605760061033759
0.8592408926187297
0.8613389280946023
0.8638184245660881
0.8632462330726683
0.8628647720770551
0.8587640663742132
0.8603852756055693
0.8596223536143429
0.863436963570475
0.8627694068281518
0.8638184245660881
0.859336257867633
0.8561892046538242
0.8641998855617014
0.8605760061033759
0.8599084493610528
0.8562845699027275
0.8571428571428571
0.8589547968720198
0.8621018500858287
0.862197215334732
0.8580965096318901
0.8599084493610528
0.8630555025748617
0.863436963570475
0.8601945451077627
0.8603852756055693
0.859336257867633
0.8565706656494373
0.8606713713522792
0.8559031089071143
0.8571428571428571
0.8565706656494373
0.863436963570475
0.863436963570475
0.8627694068281518
0.8640091550638948
0.8594316231165363
0.8626740415792485
0.8611481975967957
0.8582872401296967
0.8576196833873736
0.8604806408544726
0.8570474918939538
0.8601945451077627
0.8625786763303452
0.8592408926187297
0.8603852756055693
0.8587640663742132
0.8619111195880221
0.8583826053786
0.8562845699027275
0.8623879458325386
0.8601945451077627
0.8605760061033759
0.8623879458325386
0.8581918748807934
0.8586687011253099
0.862197215334732
0.8600038146099561
0.8583826053786
0.8638184245660881
0.8597177188632462
0.8605760061033759
0.8557123784093077
0.8623879458325386
0.8604806408544726
0.8573335876406637
0.8582872401296967
0.8604806408544726
0.8579057791340835
0.8607667366011825
0.8599084493610528
0.8601945451077627
0.8601945451077627
0.8618157543391188
0.8591455273698264
0.8596223536143429
0.8582872401296967
0.8617203890902155
0.857428952889567
0.8575243181384703
0.8594316231165363
0.8580011443829868
0.8553309174136945
0.8561892046538242
0.8627694068281518
0.8608621018500858
0.8613389280946023
0.8604806408544726
0.8567613961472439
0.8569521266450505
0.8565706656494373
0.8577150486362769
0.8611481975967957
0.8571428571428571
0.8604806408544726
0.8600038146099561
0.8543772649246615
0.8580011443829868
0.8580965096318901
0.8547587259202747
0.8551401869158879
0.8586687011253099
0.8603852756055693
0.8562845699027275
0.8563799351516308
0.8578104138851802
0.859336257867633
0.8563799351516308
0.8577150486362769
0.8559984741560176
0.8581918748807934
0.8532328819378219
0.8564753004005341
0.851039481213046
0.8578104138851802
0.8579057791340835
0.855807743658211
0.8545679954224681
0.8552355521647912
0.8589547968720198
0.8560938394049209
0.8595269883654396
0.8596223536143429
0.863436963570475
0.8628647720770551
0.8562845699027275
0.8557123784093077
0.8564753004005341
0.8545679954224681
0.8610528323478924
0.8629601373259584
0.8605760061033759
0.8560938394049209
0.8594316231165363
0.8539958039290483
0.863150867823765
0.8611481975967957
0.8540911691779516
0.8552355521647912
0.8625786763303452
0.8579057791340835
0.8625786763303452
0.8596223536143429
0.8599084493610528
0.8600991798588594
0.8583826053786
0.860289910356666
0.8600991798588594
0.8557123784093077
0.8541865344268549
0.8600038146099561
0.8630555025748617
0.8599084493610528
0.8641998855617014
0.8573335876406637
0.8551401869158879
0.8585733358764066
0.8561892046538242
0.8615296585924089
0.8618157543391188
0.8559984741560176
0.8570474918939538
0.8600038146099561
0.8567613961472439
0.8608621018500858
0.8581918748807934
0.8553309174136945
0.8595269883654396
0.861243562845699
0.8584779706275033
0.8636276940682815
0.8589547968720198
0.8546633606713714
0.8595269883654396
0.8575243181384703
0.8599084493610528
0.8539958039290483
0.8556170131604044
0.8587640663742132
0.8572382223917604
0.8596223536143429
0.8594316231165363
0.8588594316231165
0.8630555025748617
0.8591455273698264
0.8562845699027275
0.8567613961472439
0.8587640663742132
0.8605760061033759
0.8604806408544726
0.8601945451077627
0.8630555025748617
0.860289910356666
0.8566660308983406
0.8565706656494373
0.860289910356666
0.855807743658211
0.8622925805836353
0.8616250238413122
0.8617203890902155
0.8581918748807934
0.8595269883654396
0.8580011443829868
0.8600991798588594
0.8581918748807934
0.8597177188632462
0.8609574670989891
0.859336257867633
0.8623879458325386
0.8629601373259584
0.8583826053786
0.8605760061033759
0.8573335876406637
0.8603852756055693
0.8580965096318901
0.8610528323478924
0.8597177188632462
0.8606713713522792
0.8581918748807934
0.8606713713522792
0.8609574670989891
0.8609574670989891
0.8592408926187297
0.8616250238413122
0.8580011443829868
0.8592408926187297
0.8613389280946023
0.8618157543391188
0.861243562845699
0.8627694068281518
0.8596223536143429
0.8608621018500858
0.8563799351516308
0.8609574670989891
0.8598130841121495
0.8591455273698264
0.8601945451077627
0.859336257867633
0.8597177188632462
0.8600038146099561
0.8603852756055693
0.862197215334732
0.8585733358764066
0.8622925805836353
0.8581918748807934
0.8633415983215716
0.8622925805836353
0.8584779706275033
0.8610528323478924
0.8581918748807934
0.8606713713522792
0.8606713713522792
0.8589547968720198
0.8591455273698264
0.8618157543391188
0.8625786763303452
0.8587640663742132
0.8595269883654396
0.8608621018500858
0.8588594316231165
0.8611481975967957
0.8556170131604044
0.8597177188632462
0.8614342933435056
0.8635323288193782
0.8573335876406637
0.8620064848369254
0.8617203890902155
0.8580965096318901
0.8618157543391188
0.8646767118062179
0.8577150486362769
0.8619111195880221
0.8624833110814419
0.862197215334732
0.8582872401296967
0.8561892046538242
0.8616250238413122
0.8624833110814419
0.861243562845699
0.8609574670989891
0.8539958039290483
0.8621018500858287
0.8619111195880221
0.8601945451077627
0.8637230593171848
0.8556170131604044
0.8587640663742132
0.8606713713522792
0.8599084493610528
0.8622925805836353
0.8604806408544726
0.8606713713522792
0.8619111195880221
0.8591455273698264
0.8588594316231165
0.8572382223917604
0.8617203890902155
0.8577150486362769
0.860289910356666
0.8616250238413122
0.8626740415792485
0.8630555025748617
0.8613389280946023
0.8610528323478924
0.8625786763303452
0.8637230593171848
0.861243562845699
0.861243562845699
0.8627694068281518
0.8614342933435056
0.8585733358764066
0.8651535380507344
0.8604806408544726
0.8607667366011825
0.8590501621209231
0.8622925805836353
0.8638184245660881
0.8616250238413122
0.8668701125309937
0.8616250238413122
0.8624833110814419
0.864390616059508
0.8635323288193782
0.8590501621209231
0.8600991798588594
0.8595269883654396
0.862197215334732
0.8615296585924089
0.8583826053786
0.8619111195880221
0.8584779706275033
0.8600991798588594
0.8587640663742132
0.8566660308983406
0.8604806408544726
0.8630555025748617
0.8587640663742132
0.8597177188632462
0.8552355521647912
0.8626740415792485
0.862197215334732
0.8598130841121495
0.8619111195880221
0.8601945451077627
0.859336257867633
0.8624833110814419
0.8616250238413122
0.8614342933435056
0.8601945451077627
0.8617203890902155
0.8581918748807934
0.8610528323478924
0.8600991798588594
0.8633415983215716
0.8627694068281518
0.8622925805836353
0.8578104138851802
0.8590501621209231
0.8599084493610528
0.8610528323478924
0.8585733358764066
0.8589547968720198
0.8596223536143429
0.8642952508106047
0.8588594316231165
0.8599084493610528
0.8617203890902155
0.8646767118062179
0.864390616059508
0.8632462330726683
0.860289910356666
0.8606713713522792
0.8650581728018311
0.8658210947930574
0.8618157543391188
0.8649628075529278
0.8627694068281518
0.8641998855617014
0.8639137898149915
0.8605760061033759
0.8620064848369254
0.8637230593171848
0.8617203890902155
0.8638184245660881
0.861243562845699
0.8672515735266069
0.8620064848369254
0.8632462330726683
0.866011825290864
0.8626740415792485
0.8623879458325386
0.8633415983215716
0.8644859813084113
0.8609574670989891
0.8621018500858287
0.8608621018500858
0.8622925805836353
0.8629601373259584
0.8606713713522792
0.863150867823765
0.8600991798588594
0.8644859813084113
0.8581918748807934
0.8647720770551212
0.8637230593171848
0.8659164600419607
0.8651535380507344
0.8644859813084113
0.859336257867633
0.8591455273698264
0.8652489032996377
0.8594316231165363
0.8632462330726683
0.8633415983215716
0.8635323288193782
0.8642952508106047
0.862197215334732
0.8635323288193782
0.8597177188632462
0.8624833110814419
0.862197215334732
0.8639137898149915
0.8624833110814419
0.8608621018500858
0.8655349990463476
0.8601945451077627
0.8627694068281518
0.8586687011253099
0.8640091550638948
0.8565706656494373
0.8639137898149915
0.8623879458325386
0.8588594316231165
0.8580965096318901
0.8592408926187297
0.8592408926187297
0.8578104138851802
0.8617203890902155
0.8638184245660881
0.8578104138851802
0.8596223536143429
0.8599084493610528
0.8607667366011825
0.8584779706275033
0.8615296585924089
0.8596223536143429
0.8572382223917604
0.8647720770551212
0.8646767118062179
0.8606713713522792
0.8579057791340835
0.8633415983215716
0.8601945451077627
0.8615296585924089
0.8588594316231165
0.8564753004005341
0.8579057791340835
0.8606713713522792
0.8583826053786
0.8600991798588594
0.862197215334732
0.8603852756055693
0.8624833110814419
0.8536143429334351
0.8587640663742132
0.8575243181384703
0.859336257867633
0.8552355521647912
0.8622925805836353
0.8582872401296967
0.8641998855617014
0.8600038146099561
0.8616250238413122
0.8576196833873736
0.8590501621209231
0.8583826053786
0.8603852756055693
0.8590501621209231
0.863150867823765
0.8576196833873736
0.8609574670989891
0.8563799351516308
0.8567613961472439
0.8601945451077627
0.8598130841121495
0.8628647720770551
0.8582872401296967
0.8594316231165363
0.8586687011253099
0.859336257867633
0.8607667366011825
0.8585733358764066
0.8615296585924089
0.8598130841121495
0.8619111195880221
0.8626740415792485
0.8596223536143429
0.8638184245660881
0.8624833110814419
0.861243562845699
0.8609574670989891
0.8607667366011825
0.8599084493610528
0.8598130841121495
0.8640091550638948
0.8626740415792485
0.8610528323478924
0.8565706656494373
0.8622925805836353
0.8652489032996377
0.8605760061033759
0.8592408926187297
0.8583826053786
0.8622925805836353
0.8596223536143429
0.8624833110814419
0.8636276940682815
0.8615296585924089
0.8637230593171848
0.8580965096318901
0.8640091550638948
0.8579057791340835
0.8605760061033759
0.8651535380507344
0.8600991798588594
0.8618157543391188
0.8607667366011825
0.8584779706275033
0.8636276940682815
0.8629601373259584
0.8599084493610528
0.8605760061033759
0.864104520312798
0.8637230593171848
0.8628647720770551
0.8583826053786
0.8646767118062179
0.8628647720770551
0.8629601373259584
0.8625786763303452
0.8624833110814419
0.859336257867633
0.8606713713522792
0.8589547968720198
0.8622925805836353
0.8638184245660881
0.8635323288193782
0.8624833110814419
0.863150867823765
0.8630555025748617
0.8607667366011825
0.8611481975967957
0.8625786763303452
0.8614342933435056
0.8613389280946023
0.8603852756055693
0.8579057791340835
0.8572382223917604
0.8584779706275033
0.8607667366011825
0.8617203890902155
0.860289910356666
0.8577150486362769
0.8599084493610528
0.8610528323478924
0.8639137898149915
0.8632462330726683
0.8605760061033759
0.8567613961472439
0.8583826053786
0.8638184245660881
0.8621018500858287
0.862197215334732
0.8573335876406637
0.8590501621209231
0.8636276940682815
0.8623879458325386
0.8627694068281518
0.8591455273698264
0.8545679954224681
0.8588594316231165
0.8605760061033759
0.861243562845699
0.8625786763303452
0.8620064848369254
0.8587640663742132
0.8605760061033759
0.859336257867633
0.8586687011253099
0.8566660308983406
0.8595269883654396
0.8607667366011825
0.8595269883654396
0.8624833110814419
0.8597177188632462
0.8603852756055693
0.8590501621209231
0.8629601373259584
0.854854091169178
0.8599084493610528
0.8598130841121495
0.8597177188632462
0.8582872401296967
0.8610528323478924
0.8599084493610528
0.8611481975967957
0.8597177188632462
0.8596223536143429
0.8607667366011825
0.8605760061033759
0.8605760061033759
0.8562845699027275
0.8633415983215716
0.8629601373259584
0.862197215334732
0.8617203890902155
0.8604806408544726
0.8617203890902155
0.8599084493610528
0.8599084493610528
0.8628647720770551
0.8600991798588594
0.8649628075529278
0.8614342933435056
0.8637230593171848
0.8604806408544726
0.8644859813084113
0.8626740415792485
0.8646767118062179
0.8614342933435056
0.8609574670989891
0.8589547968720198
0.8608621018500858
0.8638184245660881
0.8628647720770551
0.8627694068281518
0.8636276940682815
0.861243562845699
0.8594316231165363
0.862197215334732
0.8637230593171848
0.8638184245660881
0.8597177188632462
0.863150867823765
0.8630555025748617
0.8628647720770551
0.8651535380507344
0.8635323288193782
0.8636276940682815
0.8632462330726683
0.8596223536143429
0.8586687011253099
0.8607667366011825
0.8624833110814419
0.864104520312798
0.8571428571428571
0.8640091550638948
0.8618157543391188
0.8621018500858287
0.8638184245660881
0.8600038146099561
0.8607667366011825
0.8617203890902155
0.8580965096318901
0.8577150486362769
0.8582872401296967
0.8600991798588594
0.8582872401296967
0.8597177188632462
0.8581918748807934
0.8618157543391188
0.8584779706275033
0.8613389280946023
0.8640091550638948
0.8592408926187297
0.8580011443829868
0.8611481975967957
0.8600991798588594
0.865344268548541
0.851039481213046
0.8615296585924089
0.8604806408544726
0.8609574670989891
0.8604806408544726
0.8571428571428571
0.8635323288193782
0.8606713713522792
0.862197215334732
0.8585733358764066
0.8599084493610528
0.8532328819378219
0.8601945451077627
0.8586687011253099
0.8591455273698264
0.8594316231165363
0.8608621018500858
0.8619111195880221
0.862197215334732
0.8620064848369254
0.8608621018500858
0.8622925805836353
0.8609574670989891
0.8617203890902155
0.8609574670989891
0.8585733358764066
0.8606713713522792
0.8600991798588594
0.8607667366011825
0.8611481975967957
0.8603852756055693
0.8601945451077627
0.8586687011253099
0.8582872401296967
0.8600991798588594
0.8579057791340835
0.8600991798588594
0.8600038146099561
0.8616250238413122
0.8595269883654396
0.8614342933435056
0.861243562845699
0.8619111195880221
0.8642952508106047
0.8599084493610528
0.8619111195880221
0.8627694068281518
0.8601945451077627
0.8611481975967957
0.8594316231165363
0.8600038146099561
0.8577150486362769
0.8570474918939538
0.8608621018500858
0.8639137898149915
0.8555216479115011
0.8594316231165363
0.8625786763303452
0.8624833110814419
0.8674423040244135
0.8607667366011825
0.8584779706275033
0.8604806408544726
0.8583826053786
0.8630555025748617
0.8596223536143429
0.8606713713522792
0.861243562845699
0.8630555025748617
0.8615296585924089
0.8595269883654396
0.8616250238413122
0.8603852756055693
0.8623879458325386
0.8622925805836353
0.8599084493610528
0.8565706656494373
0.8561892046538242
0.8552355521647912
0.8607667366011825
0.8636276940682815
0.8583826053786
0.8600038146099561
0.8599084493610528
0.8626740415792485
0.8611481975967957
0.8592408926187297
0.8572382223917604
0.8575243181384703
0.8585733358764066
0.8621018500858287
0.8595269883654396
0.8596223536143429
0.8628647720770551
0.8598130841121495
0.8614342933435056
0.857428952889567
0.8626740415792485
0.8629601373259584
0.8589547968720198
0.8625786763303452
0.861243562845699
0.8572382223917604
0.8568567613961472
0.8600991798588594
0.860289910356666
0.859336257867633
0.8590501621209231
0.8620064848369254
0.8621018500858287
0.8615296585924089
0.8601945451077627
0.8632462330726683
0.859336257867633
0.8578104138851802
0.8615296585924089
0.8618157543391188
0.860289910356666
0.8598130841121495
0.8579057791340835
0.8584779706275033
0.859336257867633
0.8544726301735648
0.8575243181384703
0.8567613961472439
0.8588594316231165
0.8587640663742132
0.8546633606713714
0.8568567613961472
0.857428952889567
0.8536143429334351
0.8567613961472439
0.8563799351516308
0.8580965096318901
0.8576196833873736
0.8575243181384703
0.8554262826625978
0.8561892046538242
0.8565706656494373
0.8580011443829868
0.8592408926187297
0.8580011443829868
0.8567613961472439
0.8573335876406637
0.8601945451077627
0.8617203890902155
0.8614342933435056
0.8596223536143429
0.8618157543391188
0.8598130841121495
0.861243562845699
0.8623879458325386
0.8600038146099561
0.8579057791340835
0.8618157543391188
0.8601945451077627
0.8573335876406637
0.8604806408544726
0.8590501621209231
0.8585733358764066
0.8613389280946023
0.8587640663742132
0.8561892046538242
0.8589547968720198
0.8605760061033759
0.8572382223917604
0.8624833110814419
0.8569521266450505
0.8572382223917604
0.8621018500858287
0.8604806408544726
0.8605760061033759
0.8618157543391188
0.8633415983215716
0.8597177188632462
0.8615296585924089
0.8628647720770551
0.8608621018500858
0.8587640663742132
0.8616250238413122
0.8613389280946023
0.860289910356666
0.8566660308983406
0.8607667366011825
0.861243562845699
0.8605760061033759
0.8601945451077627
0.8609574670989891
0.8567613961472439
0.8587640663742132
0.8588594316231165
0.859336257867633
0.8610528323478924
0.8575243181384703
0.8596223536143429
0.8590501621209231
0.8571428571428571
0.8600038146099561
0.8588594316231165
0.8641998855617014
0.862197215334732
0.8613389280946023
0.8577150486362769
0.8584779706275033
0.8619111195880221
0.8607667366011825
