0.18246869409660108
0.1592128801431127
0.13416815742397137
0.13237924865831843
0.12880143112701253
0.13237924865831843
0.1252236135957066
0.11985688729874776
0.11985688729874776
0.12164579606440072
0.11627906976744186
0.11806797853309481
0.11627906976744186
0.11985688729874776
0.11627906976744186
0.11985688729874776
0.11985688729874776
0.11449016100178891
0.11985688729874776
0.11449016100178891
0.11449016100178891
0.11449016100178891
0.11270125223613596
0.11270125223613596
0.11270125223613596
0.10912343470483005
0.11449016100178891
0.11449016100178891
0.11449016100178891
0.11270125223613596
0.11627906976744186
0.11449016100178891
0.11270125223613596
0.11449016100178891
0.11091234347048301
0.11091234347048301
0.11270125223613596
0.11449016100178891
0.11091234347048301
0.11091234347048301
0.11449016100178891
0.11091234347048301
0.11091234347048301
0.10912343470483005
0.10912343470483005
0.10912343470483005
0.11091234347048301
0.10912343470483005
0.10912343470483005
0.10912343470483005
