0.13237924865831843
0.11627906976744186
0.11985688729874776
0.11806797853309481
0.11270125223613596
0.11091234347048301
0.11449016100178891
0.11627906976744186
0.11449016100178891
0.11449016100178891
0.11270125223613596
0.11449016100178891
0.11270125223613596
0.11270125223613596
0.11270125223613596
0.11627906976744186
0.11270125223613596
0.11270125223613596
0.11270125223613596
0.11627906976744186
0.11270125223613596
0.11270125223613596
0.11449016100178891
0.11091234347048301
0.11091234347048301
0.11449016100178891
0.11270125223613596
0.11270125223613596
0.11091234347048301
0.11091234347048301
0.11091234347048301
0.11091234347048301
0.11091234347048301
0.11091234347048301
0.11091234347048301
0.11270125223613596
0.11091234347048301
0.11091234347048301
0.11270125223613596
0.11270125223613596
0.11270125223613596
0.11270125223613596
0.11270125223613596
0.11091234347048301
0.11270125223613596
0.11270125223613596
0.11091234347048301
0.11091234347048301
0.11091234347048301
0.10912343470483005
