0.12164579606440072
0.10912343470483005
0.1073345259391771
0.11806797853309481
0.11270125223613596
0.11270125223613596
0.11091234347048301
0.11270125223613596
0.11091234347048301
0.11091234347048301
0.11091234347048301
0.10912343470483005
0.10912343470483005
0.10912343470483005
0.10912343470483005
0.10912343470483005
0.10912343470483005
0.11091234347048301
0.1073345259391771
0.11091234347048301
0.11091234347048301
0.10912343470483005
0.10912343470483005
0.11091234347048301
0.11091234347048301
0.11091234347048301
0.11091234347048301
0.11091234347048301
0.11091234347048301
0.11270125223613596
0.11091234347048301
0.11270125223613596
0.11091234347048301
0.10912343470483005
0.11270125223613596
0.10912343470483005
0.10912343470483005
0.10912343470483005
0.10912343470483005
0.10912343470483005
0.1073345259391771
0.1073345259391771
0.11091234347048301
0.10912343470483005
0.11091234347048301
0.10912343470483005
0.10912343470483005
0.10912343470483005
0.1073345259391771
0.10912343470483005
