0.22003577817531306
0.18604651162790697
0.16994633273703041
0.16279069767441862
0.15026833631484796
0.1449016100178891
0.14669051878354203
0.15026833631484796
0.1449016100178891
0.14311270125223613
0.13237924865831843
0.13237924865831843
0.13237924865831843
0.13059033989266547
0.12880143112701253
0.12701252236135957
0.12164579606440072
0.12164579606440072
0.11806797853309481
0.11806797853309481
0.11985688729874776
0.11985688729874776
0.11985688729874776
0.11985688729874776
0.11985688729874776
0.11985688729874776
0.11985688729874776
0.11806797853309481
0.11627906976744186
0.11806797853309481
0.11627906976744186
0.11449016100178891
0.11627906976744186
0.11449016100178891
0.11449016100178891
0.11449016100178891
0.11449016100178891
0.11449016100178891
0.11449016100178891
0.11449016100178891
0.11449016100178891
0.11449016100178891
0.11449016100178891
0.11449016100178891
0.11270125223613596
0.11449016100178891
0.11270125223613596
0.11270125223613596
0.11091234347048301
0.11270125223613596
