0.09481216457960644
0.08944543828264759
0.08407871198568873
0.12343470483005367
0.09481216457960644
0.09302325581395349
0.08586762075134168
0.10196779964221825
0.20572450805008943
0.08586762075134168
0.1252236135957066
0.1073345259391771
0.09481216457960644
0.08586762075134168
0.1806797853309481
0.08765652951699464
0.10196779964221825
0.1037567084078712
0.10196779964221825
0.09302325581395349
0.09302325581395349
0.08944543828264759
0.10196779964221825
0.09302325581395349
0.11806797853309481
0.1001788908765653
0.10196779964221825
0.13774597495527727
0.1073345259391771
0.1001788908765653
0.09660107334525939
0.1073345259391771
0.1073345259391771
0.11449016100178891
0.10196779964221825
0.13774597495527727
0.11449016100178891
0.10554561717352415
0.09302325581395349
0.08765652951699464
0.08586762075134168
0.10912343470483005
0.1073345259391771
0.1001788908765653
0.1001788908765653
0.09302325581395349
0.08765652951699464
0.08944543828264759
0.09302325581395349
0.08765652951699464
