0.7786873787259745
0.5454158548722841
0.39787467688826067
0.32693161642215973
0.28588262767560096
0.2572769717427147
0.23558953885924022
0.21862060454889984
0.20514583385930893
0.19433351272371094
0.18557358485910683
0.1784107277792217
0.17250470410264845
0.1675976690129799
0.16348739290026834
0.16000902552178425
0.1570259193846695
0.15442617146653612
0.1521194694971332
0.15003188291910544
0.14810198537524064
0.14628248765677257
0.14454447173928126
0.14287665041915681
0.1412785568043844
0.13975327876283308
0.1383034254663339
0.13692994724288665
0.13563225453471542
0.13440863078340654
0.13325657034522606
0.13217299141233782
0.1311543727438987
0.130196867256896
0.12929642173832492
0.1284489074511794
0.12765025077461756
0.12689654790011778
0.1261841506431789
0.12550971754853796
0.12487023179370758
0.12426299250358411
0.12368558825727463
0.12313586129791428
0.1226118692498714
0.12211184895603076
0.12163418501123532
0.12117738399303794
0.12074005434070312
0.12032089123777737
0.11991866559404944
0.1195322161820742
0.11916044406716331
0.11880230861101455
0.11845682448524024
0.11812305927773072
0.11780013140032246
0.11748720810681053
0.11718350350670315
0.1168882765152491
0.11660082871801848
0.11632050215256132
0.1160466770238952
0.11577876937767834
0.11551622875720073
0.11525853586955764
0.11500520028378435
0.1147557581802571
0.11450977016689552
0.11426681917400651
0.11402650843623065
0.11378845956710187
0.11355231072924443
0.11331771490122149
0.1130843382404864
0.112851858540716
0.11261996378100347
0.11238835076388627
0.11215672383895867
0.11192479370882055
0.11169227631432146
0.11145889179644708
0.1112243635327402
0.1109884172468542
0.11075078019068195
0.11051118039950064
0.11026934602171594
0.11002500472609592
0.10977788319085413
0.1095277066805912
0.10927419871894883
0.10901708086686158
0.10875607261853722
0.10849089142972665
0.10822125289546249
0.10794687109718512
0.10766745914200009
0.10738272991958513
0.10709239710485192
0.10679617643662505
0.10649378730404321
0.10618495467268678
0.10586941138108456
0.10554690083461568
0.10521718011710168
0.10488002352976616
0.10453522655176582
0.10418261019534118
0.10382202570114836
0.10345335948531109
0.10307653820974516
0.1026915338030625
0.10229836821411413
0.10189711763916659
0.10148791593404165
0.10107095691333542
0.10064649525996344
0.10021484582879597
0.0997763812333697
0.09933152775291074
0.09888075977598114
0.09842459318242282
0.0979635782211159
0.09749829252616149
0.09702933489240873
0.09655732028564662
0.09608287630689528
0.09560664101295313
0.0951292616926354
0.09465139399224258
0.09417370073584767
0.09369684991270613
0.09322151156942618
0.09274835367107753
0.09227803729097037
0.09181121167715012
0.0913485097864884
0.09089054478046124
0.0904379077809076
0.08999116694630328
0.08955086770426729
0.08911753380399373
0.0886916687529258
0.08827375717674264
0.08786426567907149
0.08746364285896974
0.08707231825054237
0.08669070006278032
0.0863191717059311
0.08595808718528856
0.08560776552050348
0.08526848440789846
0.0849404733864267
0.08462390679732018
0.08431889684541338
0.08402548707815952
0.08374364659688166
0.08347326530319817
0.08321415046051739
0.08296602481448985
0.08272852646638923
0.08250121062968865
0.08228355332433342
0.08207495697893073
0.08187475782337601
0.08168223486964199
0.08149662020318577
0.0813171102478426
0.08114287762791939
0.08097308323519815
0.08080688811609696
0.08064346482335796
0.08048200792351984
0.08032174341095825
0.08016193684580447
0.0800019001011357
0.0798409966697427
0.07967864553891123
0.0795143236906608
0.07934756732356463
0.07917797192049268
0.07900519130499581
0.0788289358386731
0.07864896991414251
0.07846510889460459
0.07827721564285632
0.07808519677123592
0.07788899873045706
0.07768860384052857
0.0774840263516903
0.07727530860814516
0.07706251737275634
0.07684574035718766
0.07662508298943752
0.07640066543951786
0.0761726199142648
0.07594108822397601
0.07570621961672393
0.07546816887074047
0.0752270946311206
0.07498315797410643
0.07473652118028079
0.07448734669695947
0.07423579626977816
0.07398203022378162
0.07372620687512053
0.0734684820555875
0.0732090087336144
0.07294793671687298
0.07268541242322434
0.07242157870836163
0.07215657474004764
0.07189053591032911
0.07162359377846503
0.07135587603855825
0.07108750650696836
0.07081860512555958
0.07054928797765547
0.07027966731427875
0.07000985158881741
0.06973994549874239
0.06947005003334712
0.06920026252678242
0.06893067671584478
0.06866138280214247
0.06839246751834134
0.06812401419825483
0.0678561028505572
0.06758881023590631
0.0673222099472353
0.06705637249294703
0.06679136538270951
0.06652725321551677
0.06626409776964119
0.06600195809407594
0.06574089060103387
0.06548094915906484
0.06522218518632564
0.06496464774354757
0.06470838362623996
0.06445343745569543
0.0641998517683635
0.0639476671031984
0.06369692208661323
0.06344765351470695
0.06319989643247237
0.06295368420973073
0.06270904861358889
0.062466019877251394
0.06222462676507036
0.061984896633756
0.061746855489715965
0.06151052804252546
0.061275937754577084
0.06104310688698424
0.06081205654184809
0.06058280670102545
0.06035537626155494
0.06012978306792387
0.059906043941367976
0.05968417470641418
0.05946419021487953
0.05924610436755037
0.05902993013376124
0.05881567956909624
0.05860336383143344
0.05839299319553882
0.05818457706641803
0.057978123991619106
0.05777364167266935
0.05757113697581575
0.05737061594223172
0.05717208379783192
0.05697554496282729
0.05678100306114271
0.0565884609297978
0.05639792062834641
0.056209383448455455
0.05602284992368869
0.055838319839556914
0.05565579224387838
0.05547526545749058
0.055296737085339755
0.05512020402796984
0.05494566249342857
0.054773108009593126
0.054602535436921416
0.05443393898162822
0.05426731220927421
0.05410264805876099
0.05393993885672161
0.05377917633228293
0.05362035163219065
0.05346345533627028
0.053308477473207015
0.05315540753661828
0.05300423450140137
0.05285494684032465
0.052707532540845634
0.05256197912212341
0.0524182736522054
0.052276402765363154
0.05213635267954691
0.051998109213939714
0.05186165780658101
0.05172698353203745
0.051594071119094205
0.051462904968443406
0.05133346917034472
0.05120574752223201
0.051079723546247326
0.05095538050667285
0.05083270142724191
0.0507116691083062
0.05059226614383524
0.0504744749382303
0.05035827772292843
0.05024365657277979
0.05013059342217798
0.050019070080925085
0.04990906824981316
0.0498005695359077
0.04969355546751501
0.04958800750882067
0.04948390707418379
0.04938123554207546
0.04927997426864958
0.04918010460093477
0.049081607889637675
0.0489844655015512
0.04888865883155731
0.04879416931422101
0.04870097843496728
0.04860906774083864
0.0485184188508322
0.04842901346580819
0.048340833377975456
0.04825386047995054
0.04816807677338932
0.048083464377198404
0.0480000055353241
0.04791768262412446
0.04783647815932814
0.04775637480258598
0.04767735536762001
0.047599402825976654
0.04752250031239109
0.047446631129771225
0.04737177875380731
0.04729792683721822
0.04722505921364161
0.047153159901177646
0.047082213105596335
0.04701220322321935
0.0469431148434835
0.04687493275119938
0.046807641928515185
0.04674122755659379
0.04667567501701708
0.046610969892927644
0.04654709796991572
0.04648404523666599
0.0464217978853732
0.04636034231193623
0.04629966511594361
0.04623975310045838
0.04618059327161409
0.04612217283803118
0.04606447921006406
0.04600749999888876
0.04595122301543981
0.0458956362692061
0.04584072796689514
0.045786486510973085
0.04573290049809022
0.045679958717400306
0.04562765014878061
0.04557596396096032
0.045524889509566104
0.04547441633509103
0.04542453416079323
0.04537523289053169
0.04532650260654487
0.04527833356717859
0.04523071620456931
0.0451836411222865
0.045137099092941925
0.045091081055768305
0.04504557811417451
0.04500058153327855
0.044956082737426746
0.04491207330769959
0.04486854497940904
0.044825489639592264
0.04478289932450248
0.04474076621710324
0.0446990826445657
0.04465784107577507
0.04461703411884498
0.04457665451864665
0.04453669515434994
0.04449714903698358
0.04445800930701203
0.04441926923193358
0.04438092220389996
0.044342961737359424
0.04430538146672391
0.044268175144062664
0.04423133663682313
0.044194859925578645
0.044158739101805525
0.04412296836568972
0.044087542023964046
0.04405245448777532
0.04401770027058344
0.043983273986092336
0.04394917034621254
0.04391538415905647
0.0438819103269663
0.043848743844574246
0.04381587979689626
0.04378331335745803
0.043751039786453984
0.043719054428939697
0.04368735271305632
0.04365593014828769
0.04362478232375028
0.0435939049065151
0.043563293639961816
0.04353294434216355
0.04350285290430489
0.04347301528912961
0.04344342752941981
0.04341408572650497
0.043384986048801644
0.04335612473038251
0.043327498069574755
0.043299102427587124
0.0432709342271659
0.04324298995127809
0.04321526614182308
0.04318775939837062
0.04316046637692589
0.04313338378872087
0.04310650839903093
0.04307983702601748
0.04305336653959433
0.04302709386031974
0.04300101595831127
0.04297512985218475
0.04294943260801561
0.04292392133832366
0.04289859320107854
0.04287344539872818
0.04284847517724768
0.042823679825208676
0.0427990566728698
0.042774603091286015
0.04275031649143798
0.0427261943233806
0.042702234075408754
0.04267843327324348
0.0426547894792332
0.04263130029157472
0.04260796334354916
0.04258477630277603
0.04256173687048209
0.04253884278078722
0.04251609180000471
0.042493481725956773
0.04247101038730575
0.04244867564289754
0.042426475381121556
0.04240440751928215
0.042382470002984354
0.042360660805533065
0.04233897792734332
0.04231741939536464
0.04229598326251647
0.0422746676071352
0.042253470532433425
0.04223239016596945
0.04221142465912832
0.04219057218661328
0.04216983094594734
0.04214919915698513
0.04212867506143404
0.0421082569223865
0.0420879430238586
0.04206773167034086
0.042047621186356215
0.042027609916026464
0.042007696222647516
0.041987878488273
0.04196815511330501
0.04194852451609317
0.04192898513254114
0.04190953541571993
0.04189017383548885
0.041870898878122634
