0.4267763444995715
0.305426325077466
0.25821336834697756
0.22871287544118465
0.2068314479380727
0.18948059662114156
0.1753261735000471
0.16361195575727092
0.15380728848329756
0.14550144046406221
0.13837312341640023
0.1321749089898683
0.12671952464446687
0.12186761811641274
0.11751729963583421
0.11359511213329913
0.1100476842307938
0.10683351004073066
0.10391532523641575
0.1012549476084109
0.0988124529863697
0.09654910050250942
0.09443104144087756
0.092431394553167
0.09053039926249719
0.08871449292739202
0.08697505826655505
0.08530717840270255
0.0837084978836101
0.08217821798207636
0.0807162500414641
0.0793225514766682
0.07799665868086542
0.0767374126652678
0.07554285456690721
0.07441025499448232
0.07333623559671527
0.07231694238969137
0.0713482361740822
0.07042587366979676
0.06954566205860387
0.06870357813351939
0.06789585026335632
0.06711900636352493
0.06636989393587314
0.0656456792915072
0.06494383280692008
0.06426210603095779
0.06359850511698655
0.06295126371779217
0.06231881732692628
0.06169978014843213
0.06109292492789973
0.06049716574732691
0.059911543527718776
0.05933521385086413
0.05876743666607104
0.05820756745803634
0.05765504949561415
0.05710940684182745
0.0565702378719767
0.0560372091119415
0.0555100492683047
0.054988543373307754
0.05447252700978397
0.05396188061398021
0.05345652387802546
0.052956410289621475
0.052461521855380056
0.051971864057304806
0.05148746109039928
0.05100835142441836
0.05053458372540997
0.05006621316385751
0.04960329812670314
0.04914589734098574
0.04869406740775575
0.04824786073672522
0.047807323865028374
0.04737249613765696
0.04694340872264922
0.04652008393093585
0.046102534808795725
0.04569076497003427
0.04528476863510757
0.04488453084531823
0.04449002782173022
0.04410122744043382
0.043718089798074795
0.043340567844033895
0.04296860805816969
0.04260215115555255
0.04224113280203718
0.04188548432680892
0.041535133420169845
0.04119000480677438
0.04085002088630166
0.04051510233514912
0.04018516866417578
0.039860138728821444
0.039539931189090986
0.03922446491795122
0.038913659357632795
0.03860743482418675
0.03830571276141176
0.03800841594595415
0.03771546864598223
0.03742679673635422
0.03714232777363375
0.03686199103465279
0.0365857175225804
0.03631343994462564
0.03604509266558924
0.03578061164147563
0.035519934337294855
0.035262999633035086
0.03500974772156382
0.03476012000194307
0.03451405897132572
0.034271508118246106
0.0340324118197432
0.03379671524436818
0.033564364262738906
0.03333530536692627
0.033109485599593466
0.03288685249346974
0.03266735402143263
0.032450938557194504
0.032237554846349985
0.03202715198733678
0.03181967942169817
0.031615086932904005
0.031413324652893
0.03121434307543516
0.031018093075378214
0.030824525932833177
0.030633593361365594
0.030445247539290454
0.030259441143212173
0.030076127383010968
0.029895260037537813
0.029716793490353693
0.029540682764920494
0.029366883558727287
0.029195352275907117
0.029026046057972713
0.028858922812368265
0.028693941238595005
0.028531060851732334
0.02837024200322657
0.028211445898868415
0.028054634613925187
0.027899771105429433
0.02774681922165944
0.027595743708873778
0.027446510215385904
0.02729908529308277
0.027153436396506973
0.02700953187963217
0.02686734099047104
0.02672683386365973
0.026587981511165756
0.02645075581126752
0.026315129495953597
0.02618107613688541
0.026048570130067058
0.025917586679358177
0.025788101778963374
0.025660092195024027
0.025533535446433765
0.025408409784991242
0.02528469417499808
0.025162368272404412
0.02504141240359365
0.024921807543898156
0.02480353529592532
0.02468657786777116
0.02457091805119047
0.024456539199788713
0.024343425207294607
0.024231560485966926
0.02412092994518584
0.024011518970272462
0.023903313401578464
0.023796299513881448
0.023690463996121226
0.023585793931503687
0.02348227677800273
0.023379900349281106
0.023278652796053116
0.023178522587907233
0.02307949849560534
0.02298156957387281
0.022884725144692024
0.02278895478110966
0.022694248291567014
0.02260059570476048
0.02250798725503814
0.022416413368337017
0.02232586464866389
0.02223633186512233
0.022147805939486197
0.02206027793431915
0.02197373904163949
0.021888180572127856
0.021803593944872995
0.02171997067765397
0.021637302377751088
0.02155558073328052
0.021474797505046106
0.021394944518899603
0.021316013658601207
0.02123799685917215
0.021160886100726643
0.0210846734027761
0.021009350818990774
0.02093491043240961
0.020861344351083996
0.02078864470414335
0.02071680363826814
0.0206458133145583
0.020575665905779333
0.0205063535939751
0.020437868568429662
0.02037020302396446
0.02030334915955465
0.02023729917724907
0.020172045281379326
0.020107579678040378
0.020043894574829264
0.019980982180824117
0.019918834706790046
0.019857444365595237
0.01979680337282272
0.01973690394756263
0.019677738313371135
0.019619298699380085
0.019561577341546055
0.01950456648402224
0.019448258380642253
0.019392645296502534
0.01933771950963021
0.01928347331272605
0.01922989901496965
0.01917698894387735
0.019124735447201783
0.01907313089486305
0.01902216768090305
0.01897183822545349
0.018922134976709058
0.01887305041289895
0.0188245770442486
0.018776707414925316
0.01872943410496128
0.018682749732148406
0.018636646953899366
0.018591118469070696
0.018546157019742226
0.018501755392950736
0.018457906422372473
0.018414602989952303
0.018371838027476963
0.018329604518089522
0.018287895497742613
0.018246704056590336
0.018206023340315094
0.01816584655139083
0.01812616695027939
0.018086977856561392
0.018048272650000058
0.01801004477153903
0.017972287724232785
0.01793499507411167
0.017898160450980638
0.017861777549153773
0.017825840128123712
0.01779034201316865
0.017755277095897075
0.017720639334731045
0.017686422755330965
0.01765262145096121
0.017619229582799354
0.017586241380190413
0.017553651140847608
0.017521453231000052
0.017489642085491967
0.017458212207831683
0.017427158170194718
0.01739647461338157
0.01736615624673184
0.01733619784799719
0.01730659426317414
0.017277340406298834
0.0172484312592056
0.017219861871250575
0.017191627359002315
0.01716372290590186
0.01713614376189166
0.017108885243018103
0.017081942731006466
0.017055311672811223
0.017028987580143182
0.017002966028974165
0.01697724265902187
0.016951813173214945
0.01692667333714061
0.016901818978475754
0.01687724598640299
0.016852950311012443
0.016828927962690768
0.01680517501149902
0.01678168758653922
0.016758461875311985
0.01673549412306552
0.01671278063213697
0.016690317761287096
0.0166681019250299
0.016646129592956648
0.016624397289056236
0.016602901591032365
0.016581639129617985
0.01656060658788825
0.01653980070057188
0.016519218253362597
0.01649885608223031
0.016478711072732927
0.016458780159329566
0.01643906032469533
0.016419548599038474
0.016400242059420075
0.01638113782907662
0.01636223307674654
0.016343525016000043
0.016325010904573323
0.01630668804370745
0.016288553777491915
0.016270605492213056
0.016252840615708364
0.016235256616725716
0.016217851004288894
0.016200621327068915
0.016183565172761576
0.016166680167471307
0.016149963975101524
0.016133414296751775
0.016117028870121362
0.01610080546892013
0.01608474190228603
0.016068836014209862
0.016053085682966914
0.016037488820556018
0.016022043372145734
0.016006747315527873
0.015991598660578213
0.015976595448724675
0.015961735752422518
0.015947017674637427
0.01593243934833552
0.01591799893598065
0.01590369462903957
0.015889524647493533
0.015875487239358083
0.01586158068020945
0.01584780327271827
0.015834153346190805
0.015820629256117054
0.015807229383725585
0.015793952135546095
0.01578079594297857
0.01576775926186904
0.015754840572092792
0.01574203837714402
0.015729351203732197
0.015716777601385172
0.015704316142058743
0.015691965419752856
0.015679724050134212
0.01566759067016498
0.015655563937738308
0.015643642531319488
0.01563182514959358
0.015620110511118864
0.015608497353986424
0.015596984435485628
0.01558557053177516
0.015574254437559984
0.015563034965774035
0.015551910947268027
0.015540881230503395
0.01552994468125095
0.015519100182295397
0.015508346633144572
0.01549768294974448
0.015487108064198648
0.015476620924492965
0.015466220494225568
0.015455905752340805
0.015445675692868806
0.01543552932466933
0.015425465671180014
0.015415483770169585
0.015405582673495207
0.015395761446864404
0.0153860191696009
0.01537635493441524
0.01536676784717892
0.015357257026703371
0.015347821604522135
0.015338460724677518
0.015329173543510889
0.01531995922945688
0.015310816962841162
0.015301745935682193
0.015292745351495987
0.015283814425105343
0.0152749523824515
0.015266158460409754
0.01525743190660875
0.01524877197925206
0.015240177946944123
0.015231649088518586
0.015223184692869766
0.01521478405878784
0.015206446494796194
0.015198171318992237
0.015189957858890867
0.015181805451270923
0.015173713442024176
0.015165681186007526
0.015157708046897037
0.015149793397045565
0.015141936617342276
0.015134137097074998
0.015126394233794919
0.015118707433183725
0.015111076108923295
0.015103499682567535
0.015095977583416534
0.015088509248393108
0.015081094121921393
0.015073731655807814
0.015066421309123898
0.015059162548091361
0.015051954845969311
0.01504479768294335
0.015037690546016481
0.015030632928902311
0.01502362433191992
0.015016664261890569
0.015009752232036466
0.015002887761880945
0.014996070377150792
0.014989299609680084
0.014982574997315683
0.014975896083824424
0.01496926241880221
0.014962673557584327
0.014956129061157222
0.014949628496072486
0.014943171434361649
0.014936757453452746
0.014930386136088334
0.014924057070244988
0.01491776984905404
0.01491152407072371
0.014905319338462623
0.014899155260404981
0.014893031449536135
0.014886947523620514
0.014880903105130005
0.014874897821173926
0.014868931303430033
0.01486300318807687
0.01485711311572717
0.014851260731362243
0.014845445684267933
0.014839667627971042
0.014833926220177322
0.01482822112271035
0.014822552001451477
0.014816918526280426
0.014811320371017664
0.014805757213366914
0.014800228734859214
0.014794734620797544
0.014789274560202566
0.014783848245759337
0.014778455373764645
0.014773095644075439
0.014767768760057984
0.014762474428538085
0.014757212359751705
0.014751982267296926
0.01474678386808631
0.01474161688229996
0.014736481033339983
0.014731376047784846
0.014726301655345152
0.01472125758881978
0.014716243584052897
