0.5649982053296843
0.3765479769569491
0.3060865401333992
0.2682779390985555
0.2419923475506969
0.22179275225341138
0.20569556831537064
0.19258724229727955
0.18177272012578402
0.17279647608671447
0.16531871177190013
0.15905423281826384
0.15376001969489717
0.14923702669528435
0.14532829347002946
0.14191252763745857
0.13889651044740653
0.1362083589862785
0.13379218405882412
0.13160402779481747
0.12960882163151077
0.1277781357545371
0.1260885427943872
0.12452045289095759
0.12305729860505685
0.12168496734321796
0.12039140050375796
0.11916630094972751
0.11800091023677
0.11688783193446461
0.11582088694022365
0.11479499179824948
0.11380605312299033
0.1128508716893762
0.11192704977872714
0.11103289589810257
0.11016732264400962
0.10932973638670654
0.10851992106576169
0.10773792156952301
0.10698393366222776
0.10625820657129526
0.10556096161340378
0.10489232704865827
0.10425228730405105
0.10364064460555895
0.10305699246319718
0.10250070205756555
0.10197092310951289
0.10146659981024123
0.10098650033022374
0.10052925630041945
0.10009340734427494
0.09967744560677969
0.09927985612262276
0.0988991503301954
0.0985338915784355
0.0981827127393212
0.09784432687544035
0.09751753232356064
0.09720121363490614
0.09689433968097365
0.09659595999737772
0.09630520017507156
0.09602125686517282
0.09574339276277057
0.09547093178227223
0.09520325452847822
0.09493979409594454
0.09468003218563856
0.09442349550444727
0.09416975240333642
0.0939184097089134
0.09366910970735014
0.09342152724664116
0.09317536693145476
0.0929303603933907
0.09268626362767259
0.09244285439482819
0.09219992969252701
0.09195730330832329
0.09171480346850977
0.09147227060159907
0.09122955523704745
0.0909865160607536
0.09074301814859509
0.09049893139784755
0.09025412917385
0.0900084871858229
0.08976188260146324
0.08951419340501579
0.0892652979981499
0.08901507503742648
0.08876340349665887
0.08851016293732486
0.08825523396563997
0.0879984988511335
0.08773984227879172
0.08747915220509
0.08721632078761775
0.08695124535840437
0.08668382941242347
0.08641398358489404
0.08614162659373689
0.08586668612667686
0.08558909965578246
0.08530881516556023
0.08502579178388152
0.0847400003079465
0.08445142362007979
0.08416005699040943
0.08386590826539256
0.08356899794275396
0.08326935913475296
0.08296703742282435
0.08266209060763323
0.08235458835945525
0.08204461177460214
0.08173225284436736
0.0814176138436844
0.08110080664735164
0.08078195198229657
0.08046117862488969
0.08013862255274816
0.07981442606080685
0.07948873685160827
0.07916170710980554
0.078833492570756
0.0785042515928028
0.07817414424242244
0.07784333140084636
0.0775119739000879
0.07718023169551144
0.0768482630812347
0.07651622395372819
0.07618426712805153
0.07585254171021129
0.07552119252821024
0.0751903596234628
0.07486017780341915
0.07453077625545942
0.07420227822142345
0.07387480073152011
0.07354845439580525
0.07322334325097149
0.07289956465979795
0.07257720926030736
0.07225636096144472
0.07193709698191465
0.07161948792871019
0.07130359791180958
0.07098948469149706
0.07067719985479981
0.07036678901759687
0.07005829204903204
0.06975174331499454
0.06944717193754303
0.06914460206730776
0.06884405316605133
0.06854554029673382
0.06824907441859392
0.0679546626849268
0.06766230874140808
0.06737201302298264
0.06708377304750107
0.06679758370445053
0.06651343753728733
0.06623132501802727
0.06595123481290868
0.0656731540380785
0.06539706850439367
0.06512296295056764
0.06485082126401255
0.06458062668885617
0.06431236202072482
0.06404600978799525
0.06378155241932541
0.06351897239736998
0.06325825239868184
0.06299937541988795
0.06274232489030626
0.06248708477125167
0.0622336396423442
0.06198197477519427
0.06173207619490201
0.06148393072985382
0.061237526050347504
0.060992850696611804
0.06074989409682098
0.06050864657573344
0.060269099354596255
0.06003124454297856
0.05979507512320413
0.0595605849280533
0.05932776861240446
0.0590966216194836
0.05886714014236891
0.058639321081391894
0.058413161998052986
0.0581886610660495
0.05796581701998598
0.05774462910231508
0.05752509700902222
0.05730722083454126
0.057091001016352096
0.05687643827968363
0.056663533582708946
0.05645228806258373
0.056242702982655254
0.05603477968112558
0.0558285195214278
0.05562392384453985
0.05542099392343349
0.0552197309198208
0.05502013584334233
0.05482220951330347
0.05462595252304997
0.05443136520704637
0.05423844761069792
0.0540471994629366
0.05385762015157596
0.053669708701418524
0.0534834637550823
0.05329888355650411
0.053115965937058154
0.05293470830421991
0.05275510763269281
0.052577160457908015
0.05240086287179894
0.05222621052074352
0.05205319860556353
0.05188182188346681
0.051712074671808037
0.05154395085355409
0.05137744388432086
0.05121254680086438
0.05104925223089609
0.05088755240410259
0.050727439164243215
0.05056890398220681
0.05041193796991065
0.05025653189492263
0.05010267619569942
0.04995036099733106
0.049799576127686575
0.04965031113387005
0.04950255529888293
0.049356297658411645
0.049211527017656104
0.049068231968119776
0.0489264009042907
0.04878602204014634
0.048647083425421546
0.048509572961584674
0.0483734784174706
0.048238787444526816
0.048105487591634986
0.04797356631947018
0.04784301101437054
0.04771380900169326
0.04758594755863582
0.047459413926506926
0.04733419532243333
0.047210278950499174
0.04708765201230859
0.0469663017169738
0.04684621529052748
0.046727379984767295
0.046609783085537315
0.046493411920457396
0.04637825386611031
0.04626429635470144
0.046151526880205886
0.046039933004016716
0.04592950236011649
0.04582022265978352
0.04571208169586062
0.0456050673465954
0.04549916757908317
0.045394370452322814
0.04529066411991344
0.045188036832407484
0.04508647693934222
0.04498597289097008
0.044886513239706376
0.04478808664131411
0.04469068185584433
0.044594287748350885
0.04449889328939649
0.04440448755536685
0.04431105972861069
0.044218599097418244
0.0441270950558567
0.04403653710347357
0.04394691484488372
0.04385821798925014
0.0437704363496732
0.043683559842497444
0.04359757848654622
0.043512482402296326
0.04342826181099792
0.04334490703375191
0.04326240849054804
0.04318075669927681
0.0430999422747146
0.04301995592749355
0.042940788463058904
0.042862430780618826
0.04278487387209121
0.0427081088210521
0.042632126801687494
0.04255691907775354
0.04248247700154521
0.04240879201287947
0.042335855638089684
0.04226365948903882
0.0421921952621476
0.042121454737442256
0.04205142977762069
0.04198211232713871
0.04191349441131659
0.04184556813546653
0.04177832568403914
0.04171175931979304
0.04164586138298339
0.04158062429057011
0.04151604053544818
0.04145210268569539
0.041388803383839996
0.04132613534614673
0.04126409136192012
0.04120266429282641
0.04114184707222966
0.041081632704546234
0.04102201426461226
0.040962984897066214
0.040904537815745816
0.0408466663030965
0.040789363709592574
0.040732623453170205
0.04067643901867044
0.04062080395729256
0.040565711886056496
0.0405111564872742
0.04045713150802888
0.04040363075966153
0.04035064811726444
0.04029817751918077
0.040246212966509994
0.04019474852261848
0.04014377831265472
0.04009329652306857
0.0400432974011352
0.039993775254481355
0.03994472445061518
0.039896139416458844
0.0398480146378832
0.03980034465924504
0.0397531240829253
0.03970634756886974
0.039660009834130226
0.03961410565240752
0.03956862985359477
0.03952357732332203
0.03947894300250085
0.039434721886870035
0.03939090902654165
0.03934749952554666
0.039304488541381376
0.03926187128455403
0.03921964301813145
0.039177799057285384
0.03913633476883975
0.03909524557081625
0.03905452693198246
0.0390141743713977
0.03897418345796038
0.03893454980995471
0.038895269094597736
0.03885633702758698
0.03881774937264745
0.03877950194107973
0.03874159059130787
0.03870401122842823
0.03866675980375778
0.03862983231438446
0.03859322480271673
0.03855693335603432
0.038520954106040575
0.03848528322841407
0.03844991694236247
0.03841485151017702
0.038380083236788154
0.038345608469321925
0.03831142359665854
0.03827752504899158
0.038243909297389106
0.03821057285335617
0.038177512268398696
0.03814472413358972
0.03811220507913707
0.03807995177395295
0.03804796092522537
0.03801622927799214
0.037984753614716565
0.03795353075486541
0.03792255755448984
0.037891830905807174
0.037861347736787405
0.037831105010739545
0.03780109972590348
0.0377713289150417
0.03774178964503605
0.037712479016485646
0.03768339416330881
0.03765453225234717
0.037625890482973184
0.03759746608670047
0.03756925632679732
0.03754125849790356
0.037513469925650154
0.03748588796628262
0.037458510006287256
0.037431333462021134
0.0374043557793452
0.03737757443326109
0.03735098692755073
0.037324590794420756
0.03729838359414913
0.037272362914736186
0.03724652637155889
0.03722087160702926
0.037195396290255985
0.037170098116709696
0.037144974807892674
0.037120024111011576
0.037095243798654615
0.03707063166847193
0.03704618554286048
0.03702190326865233
0.0369977827168069
0.036973821782107584
0.03695001838286172
0.03692637046060474
0.036902875979808715
0.03687953292759421
0.036856339313446417
0.036833293168935966
0.036810392547442394
0.036787635523883234
0.03676502019444593
0.036742544676324686
0.03672020710746091
0.036698005646287946
0.036675938471479846
0.036654003781704615
0.03663219979538109
0.03661052475044015
0.03658897690409057
0.036567554532588066
0.03654625593100942
0.036525079413030355
0.03650402331070749
0.036483085974265056
0.03646226577188514
0.03644156108950229
0.03642097033060285
0.03640049191602803
0.03638012428378088
0.03635986588883834
0.036339715202966964
0.03631967071454265
0.036299730928375434
0.03627989436553767
0.03626015956319667
0.03624052507445186
0.03622098946817611
0.03620155132886072
0.036182209256465446
0.03616296186627205
0.03614380778874291
0.036124745669382896
0.03610577416860592
0.03608689196160575
0.03606809773823133
0.036049390202865336
0.036030768074307794
0.03601223008566367
0.03599377498423445
0.03597540153141416
0.03595710850258917
0.035938894687042484
0.03592075888786206
0.03590269992185294
0.03588471661945427
0.03586680782465909
0.03584897239493982
0.035831209201176294
0.0358135171275886
0.03579589507167381
