0.9488340543690634
0.8854123130458508
0.8295350338259285
0.8182480601040492
0.8004702473678122
0.789535319331654
0.800348793705345
0.8019959528192567
0.7865073245745509
0.8147950783812746
0.7929446849419763
0.7951481831976663
0.7947817349906575
0.799545206063763
0.781737866506149
0.7970918960040344
0.7833112699555433
0.8054116692523994
0.7761229685283028
0.7790761583037148
0.7884166358741643
0.7979207717542118
0.7787151665357118
0.7652860991588545
0.7589587993596625
0.7385905550656289
0.7346553709572426
0.7293906192210053
0.7390954176982754
0.7322310085073063
0.7313879453131201
0.7202776330851722
0.7266352378126792
0.7189169580733739
0.7338884708924566
0.7231239512562669
0.7155823215474112
0.7042577549202776
0.7174456414242109
0.7143860164189393
0.7101820211282199
0.7168557340607103
0.7173595737950536
0.7076189304961633
0.7135808413349182
0.7204233173170197
0.7134406025737978
0.7455126672150826
0.7266589499409636
0.7442615732318351
0.7115577297024398
0.7122414691103733
0.71566743416612
0.7114908458541284
0.7088230453429881
0.7086229116586765
0.7172813904595712
0.7130207967985759
0.7197484772593691
0.7144328939812684
0.7233446514805724
0.7269697712678928
0.7411548672819528
0.733663405114474
0.7318569377222205
0.7386686113160263
0.7170671540989156
0.7233012373122638
0.7054044844590089
0.714604870067948
0.713759512416679
0.7266695020803989
0.7143429902462292
0.7195720837481555
0.7208318593672807
0.7496233146978089
0.7217206099048786
0.7099592366033164
0.7006028400801988
0.7117775577424458
0.7039833415942315
0.7125703030815805
0.7072474199301877
0.724973199778784
0.7148689978138835
0.7164013224624844
0.7204978586443856
0.7129386413093975
0.7017022119377695
0.708278813622987
0.7135169461058922
0.6999761863821233
0.7098034820603051
0.7240743817334335
0.7189569455347928
0.7180814447913144
0.7169785287591397
0.7154005495122907
0.7233737237481895
0.714929742742747
0.7120416575283587
0.7072835794698057
0.7404299101369399
0.7123865003106055
0.7155365020343047
0.7106285443367103
0.7237044689191795
0.7021342046975886
0.7029291817245555
0.7030819446471324
0.70405666854635
0.7154400258054185
0.696581840472117
0.6923468581914318
0.6968726971972704
0.7003023802728127
0.7222993238881269
0.6959402104184041
0.7154475705912398
0.7155487228994496
0.7078465482295855
0.720974961675832
0.6959001114389868
0.720454713479811
0.7186410195409844
0.721535680358677
0.7084292673831436
0.7025675749780314
0.6948005286349269
0.7198059300786537
0.6946196727927941
0.7049722252938491
0.7110078017878358
0.7067764395450318
0.70894560929549
0.7038595467735043
0.6965497620449854
0.7236035037442299
0.7074417332820393
0.7194959541912253
0.7049404770366813
0.7319863585030054
0.72346019800124
0.7127689121335222
0.7074156182784612
0.7378512473612702
0.7102431382451544
0.7242658033692586
0.7131755500419741
0.7175800292174978
0.7139059451625032
0.7174566388996745
0.7113882551767233
0.7262411397199009
0.7431918261770465
0.7206432702367501
0.728437678732931
0.7057586976032643
0.7199806329154245
0.7085044319720338
0.7062810931180603
0.7150966979578606
0.7137596564962647
0.7326046008764714
0.7042313585841952
0.7068570312055992
0.7170989845357363
0.7091069115318279
0.7137794645573795
0.6990242711856798
0.7255071807738077
0.7160470680743605
0.75140442019148
0.7162003027849908
0.7291047395518228
0.7277036398317743
0.7228439741042841
0.719869204819331
0.7057514239599499
0.707168353289451
0.7183471972525669
0.7149446860182161
0.723928701714528
0.7052316506572102
0.7118637408334169
0.7136057948029322
0.7063307420652951
0.7193335155153437
0.7239352647096874
0.7083501466648796
0.723940873610965
0.7088674517960318
0.6924578786414066
0.701009761300075
0.7097639670423238
0.7112644653787604
0.7132176462195953
0.7014626681570015
0.7129680403366113
0.6975745903368203
0.7017480693926379
0.6962009637733819
0.7214381217311647
0.7059963937130613
0.710278121814717
0.7091307610943792
0.6996427068331424
0.7033056947237633
0.6960937353909277
0.702144828570861
0.7099074341887497
0.716634849090801
0.7185274960431614
0.7044009102252383
0.6910316287234977
0.7247297972759041
0.7025934474487381
0.7216752066466834
0.7084214383292312
0.7244498032027902
0.7084996217263972
0.696409242993457
0.7364115446254149
0.7207374341353932
0.7207068058196957
0.6938177716520707
0.7034174682672846
0.7079872673166753
0.6942523108779645
0.7065350665311032
0.7064792132100026
0.7090452742616269
0.7195194727448794
0.7019719010252436
0.7179574529518327
0.736768845432239
0.7072521802957067
0.7331538910415862
0.7106036420713375
0.7204752663340358
0.7103680654988903
0.7041879804884705
0.7324840803593194
0.7242643555793498
0.716316217977327
0.7120576527913045
0.7464478807728722
0.728482277177793
0.7245692489416025
0.7456422106388164
0.7294095020155344
0.7132783105526282
0.7165813014819367
0.7150739889397562
0.7270138578991265
0.7328795590670601
0.7176688990357001
0.7210895870206409
0.7110515357270036
0.7079476593733112
0.720340503086367
0.717444657865222
0.7115228439594083
0.7112682315547556
0.7261132192570251
0.7437011731638201
0.7229463427888059
0.7252750351004864
0.7321929004415298
0.729168113064704
0.7331698396323
0.7152210822562083
0.7299419837560877
0.715746435399918
0.7466755690122301
0.7350667270691176
0.7665207994596434
0.717870802616432
0.7327664460707835
0.7186252052993604
0.7251163849418184
0.7279951981809089
0.7469159599726002
0.7422142779521139
0.7287044789867848
0.7223337776663217
0.7223020515437846
0.7013372533115777
0.7074672201222014
0.7238987099793222
0.7072069853172671
0.7382277494963428
0.7073727928082393
0.6909386178655182
0.7123299129143092
0.7021976732001379
0.7191357387841368
0.6984803537102874
0.7159579398587501
0.7061319715463747
0.7167736181909677
0.7108346188470797
0.7086340729456965
0.7240316043712618
0.7284276361532532
0.750603146359185
0.6996144297253213
0.7415437037133645
0.706408075279525
0.7017269252087004
0.705975172284359
0.7267982022052092
0.716915559424745
0.7163651379195398
0.7241646649970356
0.7130129771311177
0.7038622590196507
0.7204930658289278
0.7155859763976983
0.7125355682328345
0.70044087931846
0.7294423219672916
0.7052402523608229
0.7214905736149871
0.7075466516729231
0.7128834213403805
0.7177114643372264
0.7240319118298586
0.7360938224203383
0.7127584920507732
0.7337487477738119
0.7101156423139215
0.6915155816499637
0.7047884721096926
0.7112567166636299
0.6978320406923625
0.706384441591
0.716924616712051
0.7382856439528065
0.7140732447517284
0.7152244931392628
0.6978853393948775
0.7014736513046306
0.7083057007891916
0.7101524593176649
0.6937897155111702
0.7230344653754995
0.6975304343806727
0.6987092831809246
0.7044499977646266
0.7055496278521485
0.7043691953418477
0.7033716398710848
0.690321487882547
0.7190931794225446
0.7047547459510085
0.707344424342429
0.7374469428104005
0.7102325634097936
0.709158038694863
0.7120871498270407
0.7170054729514527
0.7305488125170657
0.738634505438117
0.7124543102265785
0.703047043967135
0.7011054960678352
0.6901260720193031
0.7179096862126798
0.7227058097691202
0.7052810070547731
0.7147376008864331
0.6908385834836265
0.7014148808396057
0.7094200913075087
0.7002091029084604
0.7036241715207138
0.7058014578883094
0.6969147138353997
0.6897108716248465
0.705341689038222
0.7013793812894409
0.6935003274253484
0.7078148127810008
0.7116393530019665
0.7085011393984579
0.7076920125304516
0.6913597845525339
0.6860973591329386
0.699330417150943
0.6901433196252055
0.72367296531435
0.6991822557801955
0.7082219348890928
0.7079518115971086
0.7000527329686469
0.7214567144535826
0.7159354096701566
0.7103646494714405
0.7123188907665778
0.7127369451025435
0.7448029837793889
0.6935558369878788
0.7024840411358141
0.7150345472597947
0.734135379536443
0.7070865094530341
0.7226639632469244
0.7055440441904741
0.6929408555204738
0.7051180766178208
0.7286767186650475
0.7584694081934797
0.7117155147926932
0.7047988032973685
0.7095334925415776
0.7164234140234776
0.7008299211676507
0.7204178367153905
0.7119364971147424
0.6974349223684728
0.7041270946349282
0.6823781738801937
0.702513165948192
0.7222900812353081
0.6918332236313655
0.7085138215675627
0.7053719198293491
0.7079738327672024
0.7132017669188939
0.7046094915919682
0.702712216686871
0.7236235769081703
0.717729093102112
0.7368132437939614
0.676361337232874
0.7030225958997619
0.7011356409066022
0.7067610327990317
0.6965970755902605
0.7234679663725677
0.7239028387704831
0.6979291712907874
0.7049532067423323
0.6941459587336549
0.7010552906369955
0.700900152631655
0.7233081629466239
0.7289672316835875
0.7026935700660321
0.7102970759436468
0.715790179919319
0.7048254725041474
0.7143769484397626
0.7002837423120567
0.7081174188186748
0.7068307739053352
0.7011404991068758
0.7268698589460636
0.6919588303258044
0.7238041155591239
0.7397229502696058
0.7280126069218363
0.7141425396216291
0.7174534405674017
0.7178106501861905
0.7267516612028955
0.7261927363625723
0.7202998676108219
0.6941801458414186
0.7238890973673502
0.7014569682961813
0.7168060544276511
0.7185491192029493
0.7072216319705061
0.6889041495157375
0.7225367300721024
0.6995454472243685
0.7081187022508216
0.6949186039163233
0.7113745349589773
0.7216086438618297
0.6827858729267131
0.7011834377035762
0.7120349666117136
0.7170670562951451
0.7326470167628558
0.6981796012302526
0.7200569292632789
0.714535586765871
0.7084619233219511
0.7159263529709053
0.7260615265254526
0.708372767861576
0.7056450149476509
0.7187169255183596
0.6861472920619417
0.7023142181916837
0.7090684400845609
0.7119355475424987
0.7078875131479125
0.7006217368994346
0.6984629037107579
0.7055271720766174
0.6938307676760097
0.6943796762177209
0.6905476226548828
0.7167886236334889
0.6914693024483369
0.7314101691609765
0.7299456654053109
0.687647898223064
0.6953534004807408
0.7013216957996886
0.7028963615052726
0.7067071349778147
0.6828282470883115
0.7385765900121497
0.7168108306775253
0.6921225092193553
0.7238815580887491
0.6973959676163554
0.7132854074292314
0.710473276292727
0.6915969167605847
0.7008588811990396
0.7017165281080106
0.713273106924379
0.7075421853598222
0.7183296112666681
0.7127160138891463
0.6966532441244734
0.7314162737320425
0.7060111388956796
0.702248371943936
0.7394401678103569
0.7202205047315842
0.7148131088291182
0.704361401765293
0.7164026340114781
0.7030204448196381
0.7044731725622873
0.7244327983608582
0.7134759152304744
0.7024788111484377
0.7212616984759784
0.7268205787435946
0.6937351750992952
0.7149621152266459
0.6986232659444146
0.726506881844997
0.7092651970066642
0.7071812139876654
0.6990177596258418
0.7176176421768197
0.7122102103518875
0.7049735893317951
0.7091090588761167
0.6894294445290049
0.711641865130985
0.7012969472995779
0.7078778392775097
0.722641011745556
0.712129789842165
0.6964752961653903
0.723497330962752
0.698208854495841
0.7099589806031742
0.7084479258177167
0.7158821696729414
0.6930387326289675
0.7409426219495269
0.7203029653317585
0.7205416694826459
0.7260249201280705
0.6977477777238511
0.7121398134615751
0.7020643643851802
0.7016208697489679
0.7294281806190335
0.7151810966805809
0.7098501976854891
0.7263683379542725
0.7252694171296435
0.7011151857755735
0.6903916888604769
0.7233442138300149
0.7162991017221748
0.6995087670194796
0.7110770139945013
0.6802998140528959
0.7227264059455628
0.7001369189156436
0.7211978215268776
0.7193013736426449
0.7275086840925381
0.7010414279403897
0.7123071326027403
0.7072235476281511
0.7140521869841395
0.7621989427413012
0.7138280464339171
0.7289450838372641
0.7120164621090266
0.7133901686258337
0.6987784273583201
0.6826063751728539
0.6967670319604077
0.7142651042619231
0.7206263092875219
0.7061892351062848
0.6942935515042183
0.7327813059486853
0.6921663929700572
0.6985741855943531
0.7128773419138479
0.7183351654487672
0.7186502413231203
0.7208954903365585
0.7450866179032404
0.6993406022624162
0.7028100074095606
0.7106572420687406
0.7240464539211986
0.7139180661345504
0.6951284682134038
0.696714085150817
0.6960512016781467
0.7039254076188598
0.6985729427055829
0.7023873610757801
0.7003977669038581
0.7511775219766185
0.7006224203327364
0.7148051074555698
0.6821305435240623
0.6905235942539006
0.7171568393485261
0.6906395062762967
0.7042420284756236
0.7039249241417909
0.7459239623779056
0.7181344016674771
0.7019839485005372
0.7184935749661653
0.7126634516876634
0.7160174822472771
0.7052047418657567
0.7188137220200603
0.7063763602451216
0.7082444226977909
0.6765471520097295
0.7518291533405888
0.6931321907324236
0.6884776397826935
0.7107106011543599
0.6859002407078564
0.721816802846419
0.6987906050806616
0.6894965211270787
0.6951780626889226
0.711783480218835
0.7036189338037316
0.6962327135539692
0.7096600009738755
0.6961554357467121
0.72682936108576
0.6986029668346039
0.7457157620445581
0.7055538918389761
0.6992166762124649
0.6914458096773738
0.7476434454663162
0.6747255511601667
0.6993934029316239
0.6864658110470087
0.7051558782651783
0.7308603913885736
0.7126404918914573
0.7007617864832938
0.7238060262279008
0.7198848990947372
0.737001609633954
0.7735759519813482
0.7116837643198684
0.6974372201646387
0.7008301381857098
0.7371318898526479
0.7497236352958274
0.7143071404279323
0.7103129505300173
0.7165876503013413
0.7002537723102182
0.7009397378878576
0.7266739258452889
0.6899419140007688
0.707811021083323
0.7120102130342818
0.6906085022982873
0.6915505921650349
0.7017735664835628
0.6926097179726328
0.6979297087480645
0.732829183166469
0.7125073232838636
0.7032321441947335
0.700104278203374
0.6947580473673267
0.7181626985664742
0.7289638288715178
0.7091701774842436
0.7373511455555277
0.7150541548000986
0.7030964929924794
0.7265620116691774
0.7301489759572141
0.6981574214271207
0.7059934486961875
0.7035351746294274
0.7304057232811293
0.6946924999685977
0.7153069983242865
0.6992343921698246
0.7209359016337037
0.7179357034257331
0.7201173608511873
0.7172918640008643
0.7278522270890092
0.7008375767560142
0.686352530159852
0.7206445080219297
0.6996110799297619
0.7142337921604085
0.6906874198806628
0.6932628384853828
0.6992324403746618
0.7799606855308352
0.725613312206166
0.7087114155679092
0.699933533258558
0.6999466887842841
0.7173202833141411
0.7236039121744388
0.7123952411607458
0.7030993998089501
0.7012993237480437
0.722059115573645
0.7115627476196085
0.6914943855951623
0.715101664740534
0.712393195113289
0.7783373381971501
0.7904101243919148
0.7262869167141032
0.722387002652696
0.7338452142115413
0.6971153359664523
0.7058781920517742
0.7066965588317371
0.7464804566853074
0.7716582636696576
0.7392984794624219
0.7029908001039077
0.7307048244698435
0.7183810976400701
0.7184579067726261
0.6992311205368374
0.8369774773890344
0.8139581091678747
0.7709067502756983
0.7253428342848608
0.7207236218787642
0.7502954854782151
0.7300618049599692
0.7158935099429863
0.7838701914467797
0.7137264453242327
0.724403500374096
0.7110994855721353
0.7291866230540862
0.7687994948983963
0.7577470300019594
0.7253552375585349
0.7133473435105979
0.7068044377795748
0.7079788265697976
0.7147179486894285
0.7268855908581872
0.718865935618742
0.7181161368472648
0.7073567708261831
0.7371012963393222
0.7157980108811555
0.7405406143294858
0.7175701695905039
0.7104408028056659
0.691672717335032
0.7236809559324301
0.7135454610478581
0.7334232941323316
0.7356988530382146
0.7169340992687262
0.7226833331464719
0.7018308517174938
0.7431014420376494
0.7210002645873879
0.7183703150771495
0.7177439987880794
0.6966244653809297
0.7206746051883243
0.7273363962269372
0.6857012477706095
0.687119251304115
0.7086979500468746
0.7207209905872864
0.7062778411346529
0.7008148014565849
0.7074257144741231
0.7036343929635478
0.7051839742142464
0.7050935955386746
0.6985902512750386
0.7248390372944936
0.7440684343567965
0.7290751044735663
0.7105611859844672
0.7500944081251437
0.7420069984650628
0.7303732286975343
0.6931359308453834
0.686311612721565
0.732659061068164
0.6940757547545706
0.7159936361508444
0.734948502318039
0.7209356777992724
0.7341903317017621
0.7493566389836643
0.7175414771985272
0.7026180519338842
0.7319648765433547
0.7060677621883896
0.7331176118201578
0.7207341457511097
0.7053085784674944
0.7022897922013731
0.6947805103266872
0.7214636042001403
0.7230472515659032
0.7167062016196607
0.7086823572667211
0.7214502801678369
0.7224433872820805
0.7195804794323951
0.7340400430532059
0.7791101725755668
0.7369329268638499
0.7170391590788915
0.7907214281414436
0.74330195566599
0.7089324799292834
0.717980199453867
0.7427228353701538
0.7115726762232334
0.7396712986536659
0.7026841935197696
0.722093994274787
0.7817323745816961
0.7662502267610589
0.7346509706353177
0.7141118921872455
0.721060438464515
0.7450823301946473
0.7420474935580459
0.766668682292985
0.7208239648667557
0.7863714672066736
0.7550567877616893
0.7509208870882741
0.7644923364990907
0.7175016093183572
0.75454344878653
0.7297568827825306
0.7394279900510063
0.7247995323091664
0.7221217868825277
0.6990356669968371
0.7147822778808004
0.7274230733935391
0.7191158956883039
0.725296217952932
0.7119632649520089
0.7157953090589797
0.7245080704100263
0.7351418733254051
0.7325154594518065
0.724259161701693
0.7205511970224917
0.7191860478647264
0.7173619408156936
0.7576151566480057
0.7105407872005614
0.72272496078236
0.738846843747379
0.712261598603133
0.7043530712663405
0.7391229708324719
0.7383924848619218
0.7344854753704536
0.7756978851300319
0.7337871763541952
0.7131388558438767
0.731203029044472
0.7441154118885626
0.7494048085564637
0.7110190079283634
0.7239195763198025
0.7233780266771772
0.7284959959708143
0.7183924928193722
0.732065282883904
0.7420459017741968
0.758909370129698
0.7253779621570446
0.7342750196885095
0.6907077414045273
0.7175273396790575
0.7071505646370927
0.7135990000533204
0.702680894200676
0.7208878409076942
0.7191559431687509
0.6846359508074275
0.6944112145322795
0.7074661103743233
0.7117259793933303
0.7247483274404906
0.7342602892190745
0.7048806791856586
0.7177900982808837
0.7122632839158615
0.7227158817945345
0.7369888720129415
0.7106811555913539
0.7346804645826566
0.718332780152413
0.7116615732048788
0.7148323694096853
0.7120440741510348
0.7020933878875251
0.7260786972052289
0.7250729123369609
0.6931867538766086
0.7009096951076558
0.6935939786025773
0.6956548041885727
0.6847895449823642
0.6979473275107169
0.7087461602557684
0.7077532946933524
0.7018304677063314
0.7182483308967947
0.7208183424619883
0.7206653492891699
0.7063274271637592
0.7119846709173884
0.7162864253158983
0.6816155799078792
0.7481848910005077
0.7215321590979499
0.6910128844929749
0.7019738215289608
0.678343512217456
0.7082011233536256
0.7207503583048014
0.698535588588132
0.6957176449010051
0.7118586149292455
0.7426617155228518
0.70157539044572
0.6897468197681496
0.7130342161727613
0.7455749320818343
0.7243549467398263
0.7087071885128456
0.7078498726169015
0.7033315340565837
0.6989044363911989
0.7009961586126723
0.6956179831960287
0.7214617950149481
0.7036315385995421
0.7355824295508157
0.716001068244625
0.7210452941203312
0.7159397127265689
0.7086250285168497
0.7121157716919435
0.7117788942784506
0.7184244158102963
