0.9439176860367019
0.9317219971575942
0.9146820790816638
0.9060242198164808
0.9025010369650454
0.9006675925089423
0.8995284118231551
0.898718420543297
0.8980958662490657
0.8976121649136334
0.8972292481092202
0.8969218191782681
0.8966703818925431
0.8964601022748402
0.8962805224172385
0.8961245753602926
0.8959874040215494
0.8958654853016512
0.8957561186037173
0.8956571583286296
0.8955668683710014
0.8954838291427827
0.8954068695490794
0.8953350158585921
0.8952674551294038
0.8952035105755631
0.895142624580022
0.895084344714561
0.8950283097662792
0.8949742351108518
0.894921898261452
0.8948711256549815
0.894821781296787
0.8947737574138118
0.8947269670021375
0.894681338053652
0.8946368092160417
0.8945933266341489
0.8945508417284338
0.8945093096875518
0.8944686884837348
0.8944289382556831
0.894390020939541
0.8943519000599943
0.8943145406190894
0.8942779090405376
0.8942419731414567
0.894206702114385
0.8941720665090637
0.8941380382086648
0.8941045903978659
0.8940716975225033
0.8940393352413242
0.8940074803712642
0.8939761108278106
0.8939452055622581
0.8939147444974858
0.8938847084638623
0.8938550791366993
0.8938258389764924
0.8937969711729036
0.8937684595934606
0.8937402887373617
0.8937124436949352
0.8936849101128848
0.8936576741652014
0.8936307225297516
0.893604042369905
0.8935776213208622
0.8935514474799555
0.893525509400217
0.8934997960864245
0.893474296992852
0.8934490020219087
0.8934239015230505
0.8933989862911235
0.8933742475638959
0.8933496770180139
0.8933252667633902
0.8933010093356116
0.8932768976864118
0.8932529251722618
0.8932290855410886
0.8932053729173911
0.8931817817860513
0.8931583069749355
0.8931349436367558
0.8931116872303622
0.8930885335018264
0.8930654784654893
0.8930425183852957
0.8930196497565014
0.8929968692880841
0.8929741738857725
0.8929515606360521
0.8929290267909676
0.8929065697539137
0.8928841870664774
0.8928618763961169
0.8928396355249727
0.8928174623394696
0.8927953548208837
0.8927733110367744
0.8927513291331778
0.8927294073275693
0.8927075439025365
0.8926857371999969
0.8926639856161824
0.892642287596946
0.8926206416337115
0.8925990462597291
0.8925775000468484
0.8925560016025745
0.8925345495674148
0.8925131426125568
0.8924917794377806
0.8924704587695758
0.8924491793594702
0.8924279399825416
0.8924067394360358
0.8923855765381843
0.8923644501271103
0.8923433590598195
0.8923223022113252
0.8923012784738311
0.8922802867559848
0.8922593259822174
0.8922383950921092
0.8922174930398347
0.8921966187936307
0.8921757713353118
0.8921549496598535
0.8921341527749203
0.8921133797005493
0.8920926294687436
0.8920719011231631
0.8920511937188
0.8920305063217047
0.8920098380086964
0.8919891878399778
0.8919684018854809
0.8918255610361749
0.8917753693107672
0.8917509827139353
0.891730784760469
0.8917104779801084
0.8916900198946033
0.8916694778362018
0.8916488968792027
0.8916283004227665
0.8916076998843692
0.8915871006694301
0.8915665051813267
0.8915459142907802
0.8915253280656172
0.8915047461457473
0.8914841679427985
0.8914635927498036
0.8914430198026838
0.8914224483152622
0.8914018774989407
0.8913813065738332
0.8913607347746026
0.8913401613534546
0.891319585581303
0.8912990067479409
0.8912784241608015
0.8912578371380123
0.8912372449680286
0.891216646657253
0.8911960390626614
0.891175392342952
0.8911529270547006
0.8910313329738866
0.8910187125202406
0.8909953511106399
0.890972146702478
0.8909494600288882
0.890927257812877
0.8909054405700152
0.8908839079549786
0.8908625776528791
0.8908413873937157
0.8908202918329078
0.8907992585830187
0.8907782647384775
0.8907572941736766
0.8907363355513479
0.8907153808943912
0.8906944245772971
0.8906734626199635
0.8906524921956304
0.8906315112885637
0.8906105184560122
0.8905895126623582
0.890568493163088
0.89054745942326
0.8905264110596371
0.8905053477992383
0.8904842694489857
0.8904631758731403
0.8904420669757501
0.8904209426866584
0.8903998029496144
0.8903786477117648
0.8903574769138196
0.8903362904804559
0.8903150883106375
0.8902938702676174
0.8902726361684108
0.8902513857726455
0.8902301187707106
0.8902088347711179
0.8901875332870673
0.8901662137223111
0.8901448753562323
0.8901235173283863
0.8901021386225193
0.8900807380503498
0.8900593142352773
0.890037865596464
0.8900163903335869
0.8899948864128475
0.8899733515546926
0.8899517832242326
0.8899301786248062
0.8899085346958471
0.8898868481158376
0.8898651153114255
0.8898433324736352
0.8898214955823645
0.8897996004409384
0.8897776427251117
0.889755618058912
0.8897335221554534
0.8897113511405945
0.8896891024243244
0.8896667772745603
0.8896443889540336
0.889621990412443
0.8895996869594318
0.889569176053819
0.8895431038797814
0.8895187854373612
0.8894953541156984
0.8894721163111183
0.8894488516712883
0.8894254935172852
0.8894020234024616
0.8893784374685434
0.889354735937214
0.889330919972791
0.889306990836432
0.8892829497147353
0.8892587977222483
0.8892345359326973
0.8892101654030448
0.8891856871858319
0.8891611023326811
0.8891364118924903
0.8891116169069685
0.8890867184052167
0.8890617173983936
0.8890366148748587
0.8890114117962357
0.8889861090942498
0.8889607076684628
0.8889352083846592
0.8889096120739355
0.888883919532163
0.8888581315198395
0.8888322487620987
0.8888062719486854
0.8887802017338771
0.8887540387360026
0.8887277835365517
0.8887014366785705
0.888674998664338
0.8886484699519859
0.8886218509509939
0.8885951420165816
0.888568343442666
0.8885414554536337
0.888514478194855
0.8884874117222507
0.888460255991052
0.8884330108443743
0.8884056760020062
0.8883782510500717
0.8883507354323223
0.8883231284436911
0.8882954292265909
0.8882676367705553
0.8882397499152129
0.8882117673564123
0.8881836876551016
0.8881555092480352
0.888127230459554
0.8880988495134624
0.8880703645446029
0.8880417736102633
0.888013074702418
0.8879842657628071
0.8879553447037607
0.887926309438058
0.8878971579208575
0.8878678882054588
0.8878384985119713
0.887808987304562
0.8877793533690687
0.8877495958794093
0.8877197144399173
0.8876897090924011
0.8876595802817059
0.8876293287806829
0.8875989555835587
0.8875684617821071
0.8875378484418055
0.8875071164933407
0.8874762666513096
0.8874452993664527
0.8874142148128217
0.8873830129072826
0.8873516933550153
0.8873202557129006
0.8872886994614881
0.8872570240767599
0.8872252290955912
0.887193314172634
0.8871612791315352
0.8871291240172118
0.88709684915756
0.8870644552409576
0.8870319434114272
0.8869993153777374
0.8869665735285931
0.8869337210445668
0.8869007619985927
0.8868677014396567
0.8868345454570116
0.8868013012241188
0.8867679770213968
0.8867345822358905
0.8867011273345268
0.8866676238071654
0.886634084076709
0.8866005213764903
0.8865669495994959
0.8865333831274358
0.8864998366492954
0.8864663249767262
0.8864328628578247
0.8863994647840229
0.8863661447783271
0.8863329161505282
0.8862997912062619
0.8862667809015212
0.8862338944422818
0.8862011388385621
0.8861685184352078
0.8861360344572319
0.8861036846255929
0.8860714629139689
0.8860393595185005
0.8860073610811969
0.8859754511204273
0.885943610448628
0.885911817074601
0.885880044691226
0.8858482584171302
0.8858164063051454
0.8857844060287139
0.8857521292884988
0.8857193922443787
0.8856859658813585
0.8856516188558347
0.8856161910539122
0.8855796724034275
0.8855422454787638
0.885504262127418
0.8854661599242505
0.8854283516379033
0.8853911273348721
0.8853546065884205
0.885318758800305
0.8852834740893233
0.8852486499477029
0.8852142719991986
0.8851804850672149
0.8851476284356661
0.8851160276007196
0.8850851993124391
0.8850544410448195
0.8850240805699802
0.8849934997440795
0.8849615240634009
0.8849276490363257
0.8848925292392547
0.88485647896408
0.8848195156716016
0.8847816451471514
0.8847429022867617
0.8847033309904464
0.8846629710589107
0.8846218553142278
0.8845800121793296
0.8845374706697418
0.8844942653170432
0.8844504380467956
0.8844060349675025
0.8843610996488197
0.8843156676403721
0.8842697654874712
0.8842234130720948
0.8841766262365631
0.8841294182313236
0.8840818001435122
0.8840337805155045
0.883985364111075
0.8839365502443859
0.8838873317037067
0.8838376951731943
0.8837876231961727
0.8837370968936438
0.8836860984388069
0.883634612652171
0.8835826276179398
0.8835301345902008
0.8834771275657815
0.8834236028336251
0.8833695586885518
0.8833149953981114
0.8832599154576932
0.8832043241545582
0.883148230459581
0.8830916482339465
0.8830345976162255
0.8829771062078824
0.8829192093932384
0.8828609490913472
0.8828023707252647
0.882743519091373
0.8826844344812856
0.8826251502622582
0.8825656922788442
0.8825060795971834
0.8824463258058192
0.8823864402815724
0.8823264291792215
0.8822662961453733
0.8822060428393574
0.8821456693329226
0.8820851744252012
0.8820245558842209
0.8819638106182754
0.8819029347874532
0.8818419238836371
0.8817807728333202
0.8817194762028915
0.8816580285956285
0.8815964253042096
0.8815346632073032
0.8814727417820843
0.8814106639838826
0.8813484366824702
0.8812860703960115
0.8812235782381758
0.8811609742336708
0.8810982713636846
0.8810354797842734
0.8809726055891062
0.8809096503062571
0.8808466111122538
0.8807834815904249
0.8807202527915687
0.8806569143650766
0.8805934555872069
0.8805298661871138
0.8804661369360678
0.8804022600113453
0.880338229171549
0.8802740397899311
0.8802096887905847
0.8801451745262495
0.8800804966270742
0.8800156558413174
0.8799506538815003
0.8798854932837302
0.8798201772836857
0.8797547097103432
0.8796890948963237
0.8796233376034172
0.8795574429611902
0.8794914164172593
0.8794252636991408
0.879358990791927
0.8792926039484273
0.8792261097855812
0.87915951563033
0.8790928306052502
0.8790260689325834
0.8789592601227467
0.8788924829138632
0.8788260072276988
0.8787612810403156
0.8787444618832452
0.8787085192853149
0.8786219022079346
0.8785386384790687
0.8784596611117803
0.8783838335349307
0.8783102469935882
0.8782382784782712
0.878167500108132
0.8780976125923255
0.8780284031263998
0.8779597185900329
0.8778914480128441
0.8778235107744653
0.8777558484606228
0.8776884191210977
0.8776211931497747
0.8775541502866255
0.8774872774118325
0.8774205669081933
0.8773540154367443
0.8772876230156219
0.8772213923229479
0.8771553281656255
0.8770894370711829
0.8770237269698242
0.8769582069423101
0.8768928870141991
0.876827777981459
0.8767628912551575
0.8766982387154719
0.8766338325665171
0.8765696851851646
0.8765058089577583
0.8764422160999245
0.8763789184553369
0.8763159272710405
0.8762532529477692
0.8761909047662528
0.87612889059202
0.8760672165642979
0.8760058867772127
0.8759449029638664
0.8758842641964645
0.8758239666166735
0.8757640032102925
0.8757043636387463
0.8756450341362055
0.875585997476764
0.875527233010962
0.875468716766941
0.8754104216096465
0.8753523174526184
0.875294371520751
0.8752365486683317
0.8751788117614748
0.8751211221365741
0.8750634401432646
0.8750057257725555
0.8749479393583364
0.874890042327143
0.8748319979595643
0.8747737721202429
0.8747153339134345
0.8746566562269237
0.8745977161381963
0.8745384951690898
0.8744789793882762
0.874419159371358
0.874359030036217
0.8742985903759847
0.8742378431133018
0.8741767942994151
0.8741154528792107
0.8740538302404486
0.87399193976216
0.8739297963736344
0.8738674161325896
0.8738048158281244
0.8737420126120773
0.8736790236606207
0.8736158658666109
0.8735525555627074
0.8734891082751556
0.8734255385083385
0.8733618595611353
0.8732980833769958
0.873234220430912
0.8731702796574372
0.873106268424525
0.8730421925579144
0.8729780564200682
0.872913863045603
0.8728496143325801
0.8727853112853016
0.872720954300245
0.8726565434827526
0.8725920789787046
0.8725275613028397
0.8724629916447645
0.8723983721341637
0.8723337060497239
0.8722689979600263
0.8722042537901722
0.8721394808133457
0.8720746875722394
0.8720098837399186
0.8719450799333883
0.8718802874950028
0.8718155182575484
0.8717507843075102
0.8716860977593042
0.8716214705498974
0.8715569142605798
0.8714924399690337
0.8714280581326116
0.8713637785013699
0.871299610058132
0.8712355609821225
0.8711716386324467
0.8711078495479484
0.8710441994602666
0.870980693317648
0.8709173353172298
0.8708541289442212
0.8707910770164721
0.8707281817332694
0.8706654447271723
0.8706028671179059
0.8705404495672014
0.8704781923336483
0.8704160953265726
0.8703541581581882
0.8702923801931262
0.8702307605948361
0.8701692983683278
0.8701079923989992
0.8700468414872502
0.8699858443788929
0.8699249997914723
0.869864306436499
0.8698037630380389
0.8697433683476952
0.8696831211565664
0.8696230203042827
0.8695630646856574
0.8695032532551303
0.8694435850294231
0.8693840590887251
0.8693246745765525
0.8692654306986564
0.8692063267211468
0.8691473619679965
0.8690885358181195
0.8690298477021505
0.868971297099048
0.8689128835325651
0.8688546065677125
0.8687964658073074
0.8687384608885332
0.8686805914796489
0.8686228572768765
0.8685652580013786
0.868507793396493
0.86845046322508
0.868393267267057
0.8683362053171787
0.8682792771829008
0.8682224826824813
0.8681658216432138
0.8681092938998317
0.8680528992930644
0.8679966376682874
0.8679405088743807
0.8678845127626048
0.8678286491857004
0.8677729179969954
0.8677173190496648
0.8676618521960215
0.8676065172869429
0.8675513141713226
0.8674962426956242
0.8674413027034337
0.867386494035113
0.8673318165274524
0.8672772700134203
0.8672228543218798
0.8671685692773812
0.8671144146999481
0.8670603904048833
0.8670064962026204
0.8669527318985625
0.8668990972929221
0.8668455921805993
0.8667922163510109
0.8667389695879937
0.8666858516696471
0.8666328623681532
0.8665800014497168
0.8665272686743103
0.8664746637955754
0.8664221865606058
0.8663698367097824
0.8663176139765499
0.8662655180871643
0.8662135487604943
0.8661617057077183
0.8661099886320346
0.8660583972283405
0.866006931182872
0.8659555901728488
0.8659043738659815
0.8658532819201096
0.8658023139826437
0.8657514696900501
0.8657007486672741
0.8656501505271212
0.8655996748695701
0.8655493212810933
0.8654990893338853
0.865448978585049
0.8653989885757821
0.8653491188304727
0.8652993688557957
0.8652497381397537
0.8652002261507126
0.865150832336411
0.8651015561229796
0.8650523969139473
0.8650033540892633
0.8649544270043991
0.8649056149894546
0.8648569173483595
0.8648083333581719
0.8647598622685131
0.8647115033011086
0.8646632556495503
0.8646151184792259
0.8645670909274878
0.8645191721041228
0.8644713610920229
0.8644236569482762
0.8643760587054922
0.8643285653735818
0.8642811759418374
0.8642338893814495
0.8641867046483838
0.8641396206866236
0.8640926364318701
0.864045750815467
0.8639989627687982
0.8639522712278344
0.8639056751379958
0.8638591734592168
0.8638127651710812
0.8637664492780545
0.8637202248147108
0.8636740908508892
0.8636280464966847
0.8635820909072681
0.8635362232874013
0.8634904428956414
0.8634447490481542
0.863399141122142
0.86335361855875
0.8633081808655398
0.8632628276184159
0.8632175584630511
0.8631723731156963
0.8631272713635115
0.8630822530642664
0.8630373181454948
0.8629924666030317
0.8629476984989974
0.8629030139592005
0.8628584131699444
0.8628138963743082
0.8627694638679293
0.8627251159942205
0.8626808531392944
0.8626366757263754
0.8625925842100695
0.8625485790703179
0.8625046608063128
0.8624608299304174
0.8624170869620683
0.8623734324220234
0.8623298668267478
0.8622863906832277
0.8622430044841496
0.8621997087035631
0.8621565037930613
0.8621133901783812
0.8620703682565783
0.862027438393628
0.8619846009224365
0.8619418561412263
0.8618992043122727
0.8618566456607722
0.8618141803738786
0.8617718085998641
0.8617295304471813
0.861687345983481
0.861645255234517
0.8616032581828954
0.8615613547666592
0.8615195448778755
0.8614778283611463
0.8614362050123354
0.8613946745777069
0.8613532367536352
0.8613118911872235
0.8612706374781223
0.861229475181697
0.8611884038136557
0.861147422856146
0.8611065317649869
0.8610657299774312
0.8610250169198271
0.8609843920140551
0.8609438546819196
0.8609034043462541
0.8608630404284491
0.8608227623417007
0.8607825694804622
0.8607424612063758
0.8607024368316535
0.8606624956006962
0.8606226366706135
0.8605828590912611
0.860543161784988
0.8605035435267666
0.8604640029253885
0.8604245384077359
0.8603851482088539
0.8603458303717677
0.8603065827615077
0.860267403097524
0.8602282890071908
0.8601892381004571
0.8601502480621175
0.8601113167542194
0.8600724423179699
0.8600336232630104
0.8599948585326488
0.8599561475369667
0.8599174901503807
0.8598788866757892
0.8598403377819807
0.8598018444237472
0.8597634077550026
0.8597250290441637
0.8596867095987035
0.8596484507032335
0.859610253572669
0.8595721193201621
0.8595340489380534
0.8594960432891858
0.8594581031060212
0.8594202289947996
0.859382421442669
0.8593446808258329
0.859307007417648
0.8592694013956146
0.8592318628470244
0.8591943917730809
0.8591569880916926
0.8591196516393172
0.8590823821725508
0.8590451793699859
0.859008042835203
0.8589709721015241
0.8589339666392348
0.8588970258656354
0.8588601491582571
0.8588233358709962
0.8587865853528748
0.8587498969685365
0.8587132701193458
0.8586767042638486
0.8586401989361835
0.8586037537610584
0.8585673684643037
0.8585310428782725
0.8584947769417609
0.8584585706949355
0.8584224242696229
0.858386337876314
0.8583503117887584
0.8583143463276837
0.8582784418446021
0.8582425987066996
0.8582068172835814
0.8581710979360753
0.8581354410075063
0.8580998468171445
0.8580643156556576
0.8580288477823256
0.8579934434235329
0.8579581027722741
0.8579228259883092
0.8578876131988117
0.8578524644991684
0.8578173799540213
0.8577823595982225
0.8577474034379834
0.8577125114518946
0.857677683592049
0.8576429197852348
0.857608219934082
0.8575735839184087
0.8575390115964916
0.8575045028064994
0.8574700573678989
0.8574356750829564
0.8574013557381411
0.8573670991056096
0.8573329049446284
0.8572987730028858
0.8572647030178397
0.8572306947178923
0.8571967478235227
0.8571628620483325
0.8571290370999826
0.8570952726810457
0.8570615684897439
0.8570279242206902
0.8569943395653706
0.8569608142127705
0.8569273478497731
0.8568939401615717
0.856860590831982
0.856827299543778
0.8567940659788941
0.8567608898186754
0.8567277707440369
0.856694708435638
0.8566617025739968
0.8566287528396059
0.8565958589130782
0.8565630204751552
0.8565302372068444
0.8564975087894562
0.8564648349046777
0.8564322152346006
0.8563996494618021
0.8563671372693623
0.8563346783409265
0.8563022723607091
0.8562699190135801
0.8562376179850336
0.8562053689612958
0.8561731716292741
0.8561410256766727
0.8561089307919649
0.8560768866644302
0.8560448929842028
0.8560129494423026
0.8559810557306214
0.8559492115420092
0.8559174165702733
0.8558856705101918
0.8558539730575884
0.8558223239093053
0.8557907227632806
0.8557591693185405
0.8557276632752648
0.8556962043347697
0.8556647921995746
0.8556334265734319
0.855602107161314
0.8555708336694907
0.8555396058055411
0.8555084232783744
0.8554772857982675
0.8554461930768897
0.8554151448273412
0.8553841407641856
0.8553531806034482
0.8553222640626863
0.8552913908610086
0.855260560719076
0.8552297733591626
0.8551990285051869
0.8551683258827086
0.8551376652189967
0.8551070462430287
0.8550764686855294
0.8550459322790268
0.8550154367578214
0.854984981858072
0.8549545673177842
0.8549241928768783
0.8548938582771691
0.854863563262415
