0.5795346175853519
0.5922181956894907
0.6148197596795728
0.6567804691970246
0.6791913026893001
0.6880602708373069
0.6937821857715049
0.701792866679382
0.7078962426091933
0.7190539767308792
0.7312607285905016
0.7397482357428953
0.7458516116727064
0.7517642571047111
0.7614915124928476
0.7683578104138852
0.7736982643524699
0.7773221438107953
0.781327484264734
0.7843791722296395
0.7862864772077055
0.7898149914171276
0.7935342361243563
0.797253480831585
0.8002098035475873
0.8040244135037192
0.806790005721915
0.8107953461758535
0.8127026511539195
0.8165172611100515
0.8173755483501812
0.8210947930574098
0.8215716193019263
0.8218577150486363
0.8229067327865726
0.8242418462712188
0.8249094030135419
0.8258630555025749
0.8268167079916079
0.8283425519740607
0.8293915697119969
0.8297730307076101
0.8306313179477398
0.8315849704367728
0.832920083921419
0.8347320236505817
0.8365439633797445
0.837020789624261
0.8374976158687775
0.8387373641045203
0.8392141903490368
0.8395002860957467
0.8402632080869731
0.8408353995803929
0.8418844173183292
0.8427427045584589
0.8427427045584589
0.8423612435628457
0.8433148960518787
0.8437917222963952
0.8440778180431051
0.8447453747854282
0.8448407400343315
0.8448407400343315
0.8445546442876216
0.8442685485409117
0.8448407400343315
0.845317566278848
0.8456036620255579
0.8464619492656876
0.8466526797634942
0.8475109670036238
0.8477016975014304
0.8476063322525271
0.8480831584970436
0.8490368109860766
0.8492275414838832
0.8490368109860766
0.8490368109860766
0.84884608048827
0.8495136372305931
0.8492275414838832
0.8493229067327865
0.8496090024794964
0.850085828724013
0.8499904634751096
0.8502765592218196
0.8495136372305931
0.8495136372305931
0.849799732977303
0.8505626549685295
0.851039481213046
0.8517070379553691
0.8513255769597559
0.8513255769597559
0.8518024032042724
0.8523745946976922
0.8518977684531757
0.8521838641998856
0.8525653251954988
0.8523745946976922
0.8523745946976922
0.8518977684531757
0.8527560556933054
0.8533282471867252
0.853900438680145
0.853900438680145
0.8542818996757582
0.853900438680145
0.8536143429334351
0.8543772649246615
0.8543772649246615
0.8547587259202747
0.8553309174136945
0.8557123784093077
0.8562845699027275
0.8571428571428571
0.8573335876406637
0.8580965096318901
0.8577150486362769
0.8580011443829868
0.8585733358764066
0.8587640663742132
0.8591455273698264
0.8598130841121495
0.8599084493610528
0.8600991798588594
0.8604806408544726
0.8601945451077627
0.8598130841121495
0.8601945451077627
0.8608621018500858
0.8609574670989891
0.8605760061033759
0.8601945451077627
0.8603852756055693
0.8605760061033759
0.8616250238413122
0.8619111195880221
0.8621018500858287
0.863436963570475
0.864390616059508
0.8645813465573146
0.8644859813084113
0.8644859813084113
0.8642952508106047
0.8642952508106047
0.8642952508106047
0.8652489032996377
0.8638184245660881
0.8656303642952509
0.8656303642952509
0.8664886515353805
0.8664886515353805
0.8664886515353805
0.86791913026893
0.8685866870112531
0.8692542437535762
0.868872782757963
0.8686820522601564
0.8691588785046729
0.8693496090024795
0.8696357047491894
0.869826435246996
0.8702078962426092
0.8706847224871257
0.8703986267404158
0.8705893572382224
0.8702078962426092
0.8703986267404158
0.8704939919893191
0.8708754529849323
0.8714476444783521
0.8715430097272554
0.8716383749761587
0.8714476444783521
0.8716383749761587
0.871733740225062
0.871733740225062
0.871733740225062
0.8721152012206752
0.8723059317184818
0.8718291054739653
0.8718291054739653
0.8719244707228686
0.8716383749761587
0.8716383749761587
0.871733740225062
0.8719244707228686
0.8724966622162884
0.8724966622162884
0.8722105664695785
0.8723059317184818
0.8724012969673851
0.872687392714095
0.872687392714095
0.8729734884608049
0.8734503147053214
0.8733549494564181
0.8732595842075148
0.8735456799542247
0.8730688537097082
0.873641045203128
0.8732595842075148
0.8734503147053214
0.8732595842075148
0.8734503147053214
0.8734503147053214
0.8735456799542247
0.8734503147053214
0.8738317757009346
0.8743086019454511
0.8741178714476445
0.8746900629410643
0.8749761586877742
0.8750715239366774
0.8750715239366774
0.8747854281899676
0.8744039671943544
0.8742132366965478
0.8744993324432577
0.8746900629410643
0.8751668891855807
0.8753576196833873
0.875262254434484
0.8749761586877742
0.875262254434484
0.875262254434484
0.8755483501811939
0.8761205416746137
0.8760251764257104
0.8754529849322906
0.8753576196833873
0.8755483501811939
0.8754529849322906
0.8755483501811939
0.8756437154300972
0.8758344459279038
0.8757390806790005
0.8759298111768071
0.8761205416746137
0.876215906923517
0.8764066374213236
0.8764066374213236
0.8765973679191302
0.8768834636658401
0.8772649246614533
0.8773602899103566
0.8775510204081632
0.878123211901583
0.878409307648293
0.8786000381460995
0.8786954033950028
0.8786000381460995
0.878409307648293
0.878123211901583
0.8783139423993896
0.8783139423993896
0.8783139423993896
0.8783139423993896
0.8779324814037764
0.8785046728971962
0.8785046728971962
0.878409307648293
0.878409307648293
0.8786000381460995
0.878409307648293
0.878409307648293
0.878409307648293
0.8785046728971962
0.8785046728971962
0.8785046728971962
0.878409307648293
0.8786000381460995
0.878409307648293
0.8783139423993896
0.8785046728971962
0.878409307648293
0.878409307648293
0.8787907686439062
0.8788861338928095
0.8787907686439062
0.8788861338928095
0.8788861338928095
0.8788861338928095
0.8787907686439062
0.879076864390616
0.879076864390616
0.8789814991417128
0.8791722296395194
0.8792675948884227
0.8789814991417128
0.8791722296395194
0.8791722296395194
0.8792675948884227
0.8792675948884227
0.8792675948884227
0.8795536906351326
0.8797444211329392
0.8799351516307458
0.8797444211329392
0.8795536906351326
0.8796490558840359
0.8795536906351326
0.8792675948884227
0.879362960137326
0.879362960137326
0.8797444211329392
0.8794583253862293
0.8796490558840359
0.8796490558840359
0.8796490558840359
0.8796490558840359
0.8797444211329392
0.8799351516307458
0.8796490558840359
0.8796490558840359
0.8797444211329392
0.8799351516307458
0.8799351516307458
0.8797444211329392
0.8798397863818425
0.8798397863818425
0.8797444211329392
0.8796490558840359
0.8798397863818425
0.8800305168796491
0.8798397863818425
0.8799351516307458
0.8802212473774557
0.8804119778752623
0.8806027083730689
0.8807934388708755
0.8808888041197788
0.8810795346175854
0.8809841693686821
0.8810795346175854
0.8814609956131986
0.8816517261110052
0.8815563608621019
0.8814609956131986
0.8816517261110052
0.8814609956131986
0.8815563608621019
0.8817470913599085
0.8819378218577151
0.8818424566088118
0.8824146481022316
0.8826053786000382
0.8824146481022316
0.8825100133511349
0.8829868395956514
0.8828914743467481
0.8827961090978448
0.8830822048445547
0.8832729353423613
0.8835590310890712
0.8833683005912646
0.8830822048445547
0.883177570093458
0.8832729353423613
0.883177570093458
0.8833683005912646
0.8832729353423613
0.883177570093458
0.8828914743467481
0.8830822048445547
0.883177570093458
0.8829868395956514
0.8827961090978448
0.8829868395956514
0.883177570093458
0.8832729353423613
0.8832729353423613
0.8830822048445547
0.8830822048445547
0.8836543963379745
0.8838451268357811
0.8838451268357811
0.8839404920846844
0.8840358573335877
0.8839404920846844
0.8839404920846844
0.8844173183292008
0.8843219530802975
0.8846080488270074
0.8849895098226206
0.8851802403204272
0.8850848750715239
0.8851802403204272
0.8853709708182338
0.8852756055693305
0.8854663360671371
0.8855617013160404
0.8859431623116536
0.8858477970627503
0.8858477970627503
0.885752431813847
0.8859431623116536
0.8861338928094602
0.8863246233072668
0.8868014495517833
0.8868014495517833
0.88670608430288
0.8868014495517833
0.8872782757962998
0.887659736791913
0.8881365630364295
0.8879458325386229
0.8877551020408163
0.8874690062941064
0.8877551020408163
0.8878504672897196
0.8879458325386229
0.8881365630364295
0.8880411977875262
0.8881365630364295
0.8883272935342361
0.8882319282853328
0.8883272935342361
0.8884226587831394
0.8887087545298493
0.8888994850276559
0.8889948502765592
0.8888994850276559
0.8889948502765592
0.8889948502765592
0.8888994850276559
0.8890902155254625
0.8893763112721724
0.8894716765210757
0.8892809460232691
0.8893763112721724
0.8893763112721724
0.8894716765210757
0.8899485027655922
0.8898531375166889
0.8900438680144955
0.8898531375166889
0.8901392332633988
0.8900438680144955
0.8901392332633988
0.8901392332633988
0.8903299637612054
0.8902345985123021
0.8900438680144955
0.8902345985123021
0.8902345985123021
0.8903299637612054
0.8906160595079153
0.8907114247568186
0.8909021552546252
0.8909021552546252
0.8908067900057219
0.8909975205035285
0.8909021552546252
0.8907114247568186
0.8906160595079153
0.8906160595079153
0.8906160595079153
0.8906160595079153
0.8906160595079153
0.890520694259012
0.8907114247568186
0.8907114247568186
0.8908067900057219
0.8908067900057219
0.8908067900057219
0.8908067900057219
0.8907114247568186
0.8908067900057219
0.8908067900057219
0.8907114247568186
0.8909021552546252
0.8912836162502384
0.8912836162502384
0.8911882510013351
0.8910928857524318
0.8910928857524318
0.8909021552546252
0.8909021552546252
0.8909021552546252
0.8908067900057219
0.8907114247568186
0.8908067900057219
0.8906160595079153
0.8907114247568186
0.8911882510013351
0.8913789814991417
0.8913789814991417
0.8913789814991417
0.8912836162502384
0.8913789814991417
0.8913789814991417
0.8913789814991417
0.891474346748045
0.8916650772458516
0.891760442494755
0.8919511729925615
0.8922372687392714
0.8923326339881748
0.8926187297348847
0.892714094983788
0.892714094983788
0.8929048254815946
0.8929048254815946
0.8928094602326913
0.8929048254815946
0.892714094983788
0.8928094602326913
0.892714094983788
0.892714094983788
0.8925233644859814
0.8926187297348847
0.8925233644859814
0.8922372687392714
0.8923326339881748
0.8922372687392714
0.8922372687392714
0.8923326339881748
0.8923326339881748
0.8922372687392714
0.8922372687392714
0.8923326339881748
0.8923326339881748
0.8923326339881748
0.8925233644859814
0.892427999237078
0.8926187297348847
0.8928094602326913
0.8928094602326913
0.8929048254815946
0.8929048254815946
0.8930001907304979
0.8929048254815946
0.8930001907304979
0.8930955559794012
0.8931909212283045
0.8931909212283045
0.8930955559794012
0.8931909212283045
0.8932862864772078
0.8933816517261111
0.8933816517261111
0.8933816517261111
0.8933816517261111
0.8933816517261111
0.8934770169750144
0.8932862864772078
0.8931909212283045
0.8931909212283045
0.8932862864772078
0.8932862864772078
0.8932862864772078
0.8933816517261111
0.8933816517261111
0.8935723822239175
0.8936677474728209
0.8934770169750144
0.8934770169750144
0.8934770169750144
0.8935723822239175
0.8935723822239175
0.8935723822239175
0.8937631127217242
0.8938584779706275
0.8938584779706275
0.894049208468434
0.894049208468434
0.8941445737173374
0.8941445737173374
0.8941445737173374
0.8942399389662407
0.8942399389662407
0.8942399389662407
0.894335304215144
0.8942399389662407
0.8942399389662407
0.894335304215144
0.8944306694640473
0.8944306694640473
0.8946213999618539
0.8948121304596605
0.8947167652107572
0.8947167652107572
0.8946213999618539
0.8945260347129506
0.894335304215144
0.894335304215144
0.894335304215144
0.8945260347129506
0.8945260347129506
0.8944306694640473
0.8945260347129506
0.8945260347129506
0.8945260347129506
0.8944306694640473
0.8944306694640473
0.8946213999618539
0.8945260347129506
0.8947167652107572
0.8949074957085638
0.8949074957085638
0.8949074957085638
0.8949074957085638
0.8949074957085638
0.8950028609574671
0.8950028609574671
0.8950028609574671
0.8950028609574671
0.8950028609574671
0.8950028609574671
0.8950028609574671
0.8950028609574671
0.8950028609574671
0.8950028609574671
0.8950028609574671
0.8950028609574671
0.8950982262063704
0.8950982262063704
0.8950982262063704
0.8950982262063704
0.8951935914552737
0.8951935914552737
0.8951935914552737
0.895288956704177
0.895288956704177
0.895288956704177
0.8953843219530803
0.8953843219530803
0.8953843219530803
0.8953843219530803
0.895288956704177
0.8953843219530803
0.8953843219530803
0.8954796872019836
0.8954796872019836
0.8954796872019836
0.8955750524508869
0.8955750524508869
0.8955750524508869
0.8955750524508869
0.8956704176997902
0.8957657829486935
0.8958611481975968
0.8957657829486935
0.8957657829486935
0.8957657829486935
0.8957657829486935
0.8957657829486935
0.8957657829486935
0.8957657829486935
0.8957657829486935
0.8957657829486935
0.8956704176997902
0.8958611481975968
0.89624260919321
0.89624260919321
0.89624260919321
0.8961472439443067
0.8961472439443067
0.89624260919321
0.89624260919321
0.89624260919321
0.89624260919321
0.89624260919321
0.89624260919321
0.8963379744421133
0.8963379744421133
0.8963379744421133
0.8963379744421133
0.8963379744421133
0.8964333396910166
0.8966240701888232
0.8966240701888232
0.8966240701888232
0.8965287049399199
0.8965287049399199
0.8964333396910166
0.8964333396910166
0.89624260919321
0.8961472439443067
0.8961472439443067
0.8961472439443067
0.8961472439443067
0.8960518786954034
0.8961472439443067
0.8960518786954034
0.8959565134465001
0.8959565134465001
0.8959565134465001
0.8959565134465001
0.8959565134465001
0.8959565134465001
0.8960518786954034
0.8961472439443067
0.8961472439443067
0.8961472439443067
0.8960518786954034
0.8961472439443067
0.8961472439443067
0.8960518786954034
0.8961472439443067
0.89624260919321
0.89624260919321
0.8961472439443067
0.8961472439443067
0.8960518786954034
0.8960518786954034
0.8958611481975968
0.8958611481975968
0.8960518786954034
0.8960518786954034
0.8960518786954034
0.8960518786954034
0.89624260919321
0.8961472439443067
0.8959565134465001
0.8958611481975968
0.8957657829486935
0.8957657829486935
0.8957657829486935
0.8956704176997902
0.8956704176997902
0.8957657829486935
0.8956704176997902
0.8956704176997902
0.8956704176997902
0.8954796872019836
0.8954796872019836
0.8953843219530803
0.895288956704177
0.8951935914552737
0.8951935914552737
0.8950982262063704
0.8950982262063704
0.8950982262063704
0.895288956704177
0.895288956704177
0.895288956704177
0.8953843219530803
0.8954796872019836
0.8953843219530803
0.895288956704177
0.8954796872019836
0.895288956704177
0.8954796872019836
0.8955750524508869
0.8954796872019836
0.8954796872019836
0.8956704176997902
0.8956704176997902
0.8956704176997902
0.8956704176997902
0.8957657829486935
0.8956704176997902
0.8958611481975968
0.8957657829486935
0.8958611481975968
0.8957657829486935
0.8959565134465001
0.8957657829486935
0.8956704176997902
0.8956704176997902
0.8956704176997902
0.8956704176997902
0.8956704176997902
0.8957657829486935
0.8956704176997902
0.8955750524508869
0.8955750524508869
0.8953843219530803
0.8951935914552737
0.8951935914552737
0.895288956704177
0.895288956704177
0.8950982262063704
0.8950028609574671
0.8950028609574671
0.8950028609574671
0.8951935914552737
0.895288956704177
0.895288956704177
0.895288956704177
0.895288956704177
0.895288956704177
0.895288956704177
0.895288956704177
0.895288956704177
0.895288956704177
0.895288956704177
0.8953843219530803
0.895288956704177
0.8951935914552737
0.8950982262063704
0.8950982262063704
0.8950982262063704
0.8950982262063704
0.8951935914552737
0.8953843219530803
0.8955750524508869
0.8956704176997902
0.8956704176997902
0.8956704176997902
0.8956704176997902
0.8956704176997902
0.8954796872019836
0.8954796872019836
0.8953843219530803
0.895288956704177
0.8951935914552737
0.8950982262063704
0.8950982262063704
0.8950982262063704
0.8951935914552737
0.8953843219530803
0.8953843219530803
0.8954796872019836
0.8954796872019836
0.8954796872019836
0.8954796872019836
0.8954796872019836
0.8955750524508869
0.8955750524508869
0.8956704176997902
0.8958611481975968
0.8959565134465001
0.8959565134465001
0.8959565134465001
0.8958611481975968
0.8959565134465001
0.8958611481975968
0.8957657829486935
0.8959565134465001
0.8959565134465001
0.8959565134465001
0.8956704176997902
0.8956704176997902
0.8956704176997902
0.8957657829486935
0.8958611481975968
0.8960518786954034
0.8959565134465001
0.8958611481975968
0.8959565134465001
0.8958611481975968
0.8957657829486935
0.8956704176997902
0.8955750524508869
0.8956704176997902
0.8955750524508869
0.8955750524508869
0.8953843219530803
0.8953843219530803
0.8955750524508869
0.8953843219530803
0.8953843219530803
0.8953843219530803
0.8954796872019836
0.8953843219530803
0.8953843219530803
0.8953843219530803
0.8951935914552737
0.895288956704177
0.8953843219530803
0.895288956704177
0.8953843219530803
0.8955750524508869
0.8955750524508869
0.8956704176997902
0.8957657829486935
0.8957657829486935
0.8958611481975968
0.8957657829486935
0.8958611481975968
0.8958611481975968
0.8958611481975968
0.8959565134465001
0.8959565134465001
0.8960518786954034
0.89624260919321
0.8960518786954034
0.8963379744421133
0.8963379744421133
0.8963379744421133
0.8961472439443067
0.8961472439443067
0.8960518786954034
0.8961472439443067
0.8961472439443067
0.8960518786954034
0.8960518786954034
0.8961472439443067
0.89624260919321
0.8961472439443067
0.8963379744421133
0.8963379744421133
0.8961472439443067
0.8961472439443067
0.89624260919321
0.89624260919321
0.8961472439443067
0.8960518786954034
0.89624260919321
0.8960518786954034
0.89624260919321
0.8963379744421133
0.8965287049399199
0.89624260919321
0.89624260919321
0.89624260919321
0.8963379744421133
0.8966240701888232
0.8965287049399199
0.8967194354377265
0.8967194354377265
0.8968148006866298
0.8969101659355331
0.8969101659355331
0.897196261682243
0.8972916269311463
0.8973869921800496
0.8973869921800496
0.8974823574289529
0.8974823574289529
0.8974823574289529
0.8973869921800496
0.8973869921800496
0.8974823574289529
0.8974823574289529
0.897196261682243
0.8971008964333397
0.8971008964333397
0.8970055311844364
0.8970055311844364
0.8971008964333397
0.8971008964333397
0.8971008964333397
0.897196261682243
0.8972916269311463
0.8973869921800496
0.8972916269311463
0.8971008964333397
0.8971008964333397
0.897196261682243
0.897196261682243
0.8970055311844364
0.8970055311844364
0.8970055311844364
0.8969101659355331
0.8969101659355331
0.8969101659355331
0.8969101659355331
0.8969101659355331
0.8969101659355331
0.8968148006866298
0.8967194354377265
0.8969101659355331
0.8968148006866298
0.8968148006866298
0.8967194354377265
0.8968148006866298
0.8969101659355331
0.8969101659355331
0.8969101659355331
0.8969101659355331
0.8970055311844364
0.8969101659355331
0.8969101659355331
0.8969101659355331
0.8968148006866298
0.8968148006866298
0.8966240701888232
0.8965287049399199
0.8965287049399199
0.8965287049399199
0.8964333396910166
0.8963379744421133
0.8963379744421133
0.8964333396910166
0.8964333396910166
0.8963379744421133
0.8961472439443067
0.8961472439443067
0.8961472439443067
0.8961472439443067
0.89624260919321
0.8963379744421133
0.8963379744421133
0.8963379744421133
0.8963379744421133
0.8963379744421133
0.8964333396910166
0.8965287049399199
0.8964333396910166
0.8965287049399199
0.8963379744421133
0.89624260919321
0.89624260919321
0.89624260919321
