0.6277894335304215
0.6426664123593363
0.6697501430478734
0.6975967957276369
0.7252527179095938
0.7421323669654778
0.7570093457943925
0.7627312607285905
0.7624451649818806
0.7615868777417509
0.7623497997329773
0.7731260728590502
0.7856189204653824
0.7863818424566088
0.7862864772077055
0.7701697501430479
0.7823765020026703
0.7759870303261491
0.774365821094793
0.7793248140377647
0.7878123211901583
0.7720770551211139
0.7705512111386611
0.7749380125882128
0.7701697501430479
0.769883654396338
0.7809460232691208
0.7844745374785428
0.7902918176616441
0.7930574098798397
0.7758916650772458
0.7985885943162312
0.7897196261682243
0.795346175853519
0.7974442113293916
0.7996376120541675
0.8024032042723631
0.8037383177570093
0.8030707610146862
0.7889567041769979
0.7916269311462903
0.7902918176616441
0.8027846652679763
0.7949647148579058
0.8051687964905588
0.7985885943162312
0.7923898531375166
0.7937249666221629
0.7929620446309364
0.7924852183864199
0.807457562464238
0.781327484264734
0.7887659736791913
0.7849513637230593
0.7880984169368682
0.8005912645432005
0.790577913408354
0.782281136753767
0.7907686439061606
0.7898149914171276
0.7968720198359718
0.7903871829105474
0.8040244135037192
0.7855235552164791
0.7801831012778944
0.7951554453557124
0.7881937821857715
0.7873354949456418
0.7814228495136373
0.7851420942208659
0.7860003814609956
0.7962044630936487
0.7818996757581538
0.7952508106046157
0.787716955941255
0.7882891474346748
0.7993515163074576
0.808697310699981
0.7830440587449933
0.7885752431813847
0.7898149914171276
0.8031661262635895
0.7842838069807362
0.8025939347701697
0.7938203318710662
0.7973488460804883
0.7967766545870685
0.7973488460804883
0.7840930764829296
0.7785618920465383
0.7961090978447454
0.8014495517833301
0.8008773602899104
0.8046919702460423
0.8052641617394621
0.7997329773030708
0.8004958992942972
0.8095555979401107
0.8008773602899104
0.7970627503337784
0.8058363532328819
0.796299828342552
0.8085065802021744
0.7993515163074576
0.8126072859050162
0.8042151440015258
0.8078390234598513
0.8090787716955942
0.813179477398436
0.803642952508106
0.809650963189014
0.8060270837306885
0.804596604997139
0.7928666793820331
0.7791340835399581
0.8102231546824337
0.8019263780278466
0.791531565897387
0.8104138851802403
0.8020217432767499
0.8105092504291436
0.8066946404730116
0.7906732786572573
0.8044058744993324
0.8089834064466909
0.8034522220102994
0.8006866297921038
0.8106999809269502
0.8120350944115964
0.8072668319664315
0.8059317184817852
0.8145145908830822
0.8152775128743086
0.8151821476254053
0.8057409879839786
0.8076482929620447
0.8023078390234598
0.8039290482548159
0.8104138851802403
0.808697310699981
0.8082204844554645
0.8208086973106999
0.8090787716955942
0.8106999809269502
0.8157543391188251
0.808697310699981
0.8166126263589548
0.799160785809651
0.8102231546824337
0.8010680907877169
0.8105092504291436
0.8088880411977876
0.8176616440968911
0.8134655731451459
0.8272935342361244
0.8182338355903109
0.8084112149532711
0.8105092504291436
0.8204272363150867
0.8176616440968911
0.818901392332634
0.8072668319664315
0.8057409879839786
0.8226206370398627
0.8068853709708182
0.8245279420179287
0.8175662788479878
0.8167079916078581
0.8175662788479878
0.8043105092504291
0.8140377646385657
0.8174709135990845
0.8225252717909594
0.8220484455464429
0.8220484455464429
0.8028800305168796
0.8186152965859241
0.824623307266832
0.8218577150486363
0.815086782376502
0.8161358001144383
0.8177570093457944
0.8139423993896624
0.8163265306122449
0.8199504100705702
0.8250047682624452
0.8106046156780469
0.8102231546824337
0.8232881937821858
0.8287240129696738
0.8325386229258058
0.8210947930574098
0.8209040625596032
0.8174709135990845
0.8239557505245089
0.8168033568567614
0.8252908640091551
0.8254815945069617
0.8252908640091551
0.8257676902536716
0.8235742895288957
0.8271028037383178
0.824623307266832
0.8243372115201221
0.827484264733931
0.8233835590310891
0.8239557505245089
0.8286286477207706
0.810318519931337
0.7966812893381652
0.8171848178523746
0.8238603852756056
0.8267213427427046
0.8242418462712188
0.8271028037383178
0.8197596795727636
0.826530612244898
0.8202365058172801
0.8311081441922563
0.829105473965287
0.823669654777799
0.828437917222964
0.8285332824718673
0.8251001335113485
0.8263398817470914
0.8167079916078581
0.8279610909784475
0.8281518214762541
0.83005912645432
0.8323478924279992
0.8289147434674804
0.83005912645432
0.8313942399389662
0.828437917222964
0.8263398817470914
0.8309174136944497
0.8350181193972916
0.823669654777799
0.8312035094411596
0.8240511157734122
0.8229067327865726
0.8280564562273508
0.8134655731451459
0.8269120732405112
0.8286286477207706
0.826530612244898
0.8276749952317376
0.8285332824718673
0.8268167079916079
0.8230974632843792
0.8324432576769025
0.8298683959565134
0.8235742895288957
0.8260537860003815
0.8308220484455464
0.8318710661834827
0.8277703604806409
0.8279610909784475
0.8323478924279992
0.8218577150486363
0.8312035094411596
0.831012778943353
0.8289147434674804
0.8305359526988365
0.8322525271790959
0.8152775128743086
0.8298683959565134
0.832920083921419
0.8346366584016784
0.8196643143238603
0.8292962044630936
0.8316803356856761
0.8336830059126454
0.8315849704367728
0.8262445164981881
0.8325386229258058
0.8279610909784475
0.8322525271790959
0.8290101087163837
0.8380698073621972
0.8325386229258058
0.8315849704367728
0.8295823002098035
0.8341598321571619
0.8378790768643907
0.8327293534236124
0.8336830059126454
0.8323478924279992
0.8305359526988365
0.8378790768643907
0.8366393286286478
0.8286286477207706
0.8364485981308412
0.8294869349609002
0.8353042151440015
0.8333969101659355
0.8304405874499332
0.8218577150486363
0.8334922754148388
0.8336830059126454
0.832920083921419
0.8399771123402632
0.8253862292580584
0.831012778943353
0.8325386229258058
0.8324432576769025
0.8226206370398627
0.8249094030135419
0.8303452222010299
0.8278657257295442
0.8345412931527751
0.827484264733931
0.8353995803929049
0.8339691016593553
0.832920083921419
0.8396910165935533
0.8301544917032233
0.8394049208468434
0.835113484646195
0.8222391760442495
0.8345412931527751
0.8340644669082586
0.8366393286286478
0.8366393286286478
0.831012778943353
0.8367346938775511
0.8316803356856761
0.8283425519740607
0.8303452222010299
0.832920083921419
0.8341598321571619
0.8333015449170322
0.8355903108907115
0.8316803356856761
0.8298683959565134
0.8286286477207706
0.8343505626549685
0.8362578676330346
0.8327293534236124
0.8312035094411596
0.8385466336067137
0.8353995803929049
0.8347320236505817
0.8312035094411596
0.8281518214762541
0.8327293534236124
0.836067137135228
0.8309174136944497
0.8354949456418082
0.8332061796681289
0.8328247186725157
0.8315849704367728
0.8333969101659355
0.8315849704367728
0.8318710661834827
0.8358764066374214
0.8254815945069617
0.8352088498950982
0.8347320236505817
0.8259584207514782
0.8321571619301926
0.8371161548731643
0.8337783711615487
0.8279610909784475
0.8314896051878695
0.8316803356856761
0.8251001335113485
0.8336830059126454
0.8375929811176808
0.8259584207514782
0.829105473965287
0.8372115201220676
0.8238603852756056
0.8323478924279992
0.8309174136944497
0.8374022506198742
0.8364485981308412
0.8333969101659355
0.8250047682624452
0.8376883463665841
0.8333015449170322
0.8235742895288957
0.8222391760442495
0.8354949456418082
0.8347320236505817
0.8259584207514782
0.8208086973106999
0.8347320236505817
0.8240511157734122
0.8184245660881175
0.8286286477207706
0.821762349799733
0.8374022506198742
0.8347320236505817
0.8322525271790959
0.8280564562273508
0.8232881937821858
0.8259584207514782
0.8395002860957467
0.8384512683578104
0.8383559031089071
0.83005912645432
0.8271028037383178
0.8254815945069617
0.8330154491703223
0.8333969101659355
0.8380698073621972
0.8385466336067137
0.8355903108907115
0.8317757009345794
0.8287240129696738
0.8314896051878695
0.8324432576769025
0.838641998855617
0.8377837116154874
0.8336830059126454
0.8289147434674804
0.8271981689872211
0.831966431432386
0.8252908640091551
0.8372115201220676
0.8292962044630936
0.8314896051878695
0.825576959755865
0.8302498569521266
0.8288193782185771
0.8237650200267023
0.8349227541483883
0.8296776654587068
0.8288193782185771
0.8312035094411596
0.8189967575815373
0.8339691016593553
0.8315849704367728
0.8372115201220676
0.8232881937821858
0.8275796299828343
0.828437917222964
0.8315849704367728
0.8248140377646386
0.8309174136944497
0.8245279420179287
0.8292962044630936
0.8322525271790959
0.8283425519740607
0.8156589738699218
0.8203318710661834
0.8231928285332825
0.8196643143238603
0.8182338355903109
0.832920083921419
0.8242418462712188
0.8393095555979401
0.8330154491703223
0.8289147434674804
0.8271981689872211
0.8297730307076101
0.816040434865535
0.8249094030135419
0.8221438107953462
0.8327293534236124
0.8251001335113485
0.8283425519740607
0.8261491512492848
0.825576959755865
0.8249094030135419
0.8266259774938013
0.83005912645432
0.8275796299828343
0.8334922754148388
0.8354949456418082
0.8282471867251574
0.8366393286286478
0.8299637612054167
0.8298683959565134
0.8333969101659355
0.8313942399389662
0.8326339881747091
0.8272935342361244
0.8251954987602518
0.822716002288766
0.8293915697119969
0.8344459279038718
0.8328247186725157
0.835781041388518
0.8245279420179287
0.8196643143238603
0.8280564562273508
0.8333015449170322
0.832920083921419
0.8282471867251574
0.8327293534236124
0.8278657257295442
0.8322525271790959
0.8320617966812893
0.838641998855617
0.8285332824718673
0.835781041388518
0.8337783711615487
0.8328247186725157
0.8333015449170322
0.8380698073621972
0.8292008392141903
0.8346366584016784
0.8355903108907115
0.8282471867251574
0.8336830059126454
0.8342551974060652
0.8299637612054167
0.8330154491703223
0.8318710661834827
0.8330154491703223
0.8342551974060652
0.8330154491703223
0.8363532328819379
0.8333015449170322
0.8315849704367728
0.8219530802975396
0.8261491512492848
0.8290101087163837
0.8281518214762541
0.8325386229258058
0.8180431050925043
0.8254815945069617
0.8290101087163837
0.8323478924279992
0.8333015449170322
0.8218577150486363
0.8287240129696738
0.834827388899485
0.8221438107953462
0.8272935342361244
0.8340644669082586
0.8210947930574098
0.8272935342361244
0.83005912645432
0.8302498569521266
0.8315849704367728
0.8358764066374214
0.8313942399389662
0.8326339881747091
0.8270074384894145
0.8290101087163837
0.8271028037383178
0.8330154491703223
0.832920083921419
0.8333015449170322
0.8302498569521266
0.832920083921419
0.8251001335113485
0.8333969101659355
0.8288193782185771
0.8333969101659355
0.83005912645432
0.8330154491703223
0.8298683959565134
0.8275796299828343
0.8347320236505817
0.8304405874499332
0.8332061796681289
0.822716002288766
0.8228113675376693
0.8313942399389662
0.8242418462712188
0.8315849704367728
0.8308220484455464
0.8295823002098035
0.8266259774938013
0.8152775128743086
0.8279610909784475
0.828437917222964
0.8350181193972916
0.8282471867251574
0.8311081441922563
0.8283425519740607
0.8320617966812893
0.8347320236505817
0.8342551974060652
0.8311081441922563
0.8340644669082586
0.8364485981308412
0.8290101087163837
0.835113484646195
0.8337783711615487
0.8292962044630936
0.8230974632843792
0.8263398817470914
0.8316803356856761
0.831966431432386
0.8298683959565134
0.8261491512492848
0.826530612244898
0.8353995803929049
0.8254815945069617
0.8178523745946977
0.8276749952317376
0.831012778943353
0.8340644669082586
0.833873736410452
0.8193782185771505
0.835113484646195
0.8173755483501812
0.8256723250047683
0.8268167079916079
0.8261491512492848
0.8199504100705702
0.8279610909784475
0.8297730307076101
0.8301544917032233
0.8282471867251574
0.8220484455464429
0.8369254243753577
0.8262445164981881
0.8314896051878695
0.8225252717909594
0.836067137135228
0.8283425519740607
0.8253862292580584
0.8306313179477398
0.835113484646195
0.8245279420179287
0.835781041388518
0.8218577150486363
0.8320617966812893
0.83005912645432
0.8301544917032233
0.8287240129696738
0.8341598321571619
0.835113484646195
0.8313942399389662
0.8286286477207706
0.8301544917032233
0.8292008392141903
0.8268167079916079
0.8210947930574098
0.826530612244898
0.8311081441922563
0.83005912645432
0.8228113675376693
0.8286286477207706
0.8359717718863247
0.8257676902536716
0.8296776654587068
0.8251954987602518
0.8251001335113485
0.828437917222964
0.827484264733931
0.8188060270837307
0.8266259774938013
0.8226206370398627
0.8356856761396148
0.8304405874499332
0.824623307266832
0.8277703604806409
0.8269120732405112
0.8233835590310891
0.8191874880793439
0.8270074384894145
0.8264352469959947
0.8280564562273508
0.8273888994850277
0.8230974632843792
0.8381651726111005
0.8182338355903109
0.8220484455464429
0.8247186725157353
0.8297730307076101
0.8257676902536716
0.83005912645432
0.8295823002098035
0.8290101087163837
0.8328247186725157
0.8197596795727636
0.8203318710661834
0.8213808888041197
0.831012778943353
0.8189967575815373
0.8292008392141903
0.814133129887469
0.8183292008392142
0.8178523745946977
0.8267213427427046
0.8271028037383178
0.8292962044630936
0.8361625023841313
0.8289147434674804
0.8353042151440015
0.835781041388518
0.8364485981308412
0.8259584207514782
0.8252908640091551
0.838641998855617
0.827484264733931
0.8250047682624452
0.8232881937821858
0.8266259774938013
0.8297730307076101
0.8270074384894145
0.8142284951363723
0.8308220484455464
0.8368300591264544
0.8352088498950982
0.8368300591264544
0.8327293534236124
0.8321571619301926
0.8323478924279992
0.8359717718863247
0.8311081441922563
0.8279610909784475
0.8301544917032233
0.8297730307076101
0.8349227541483883
0.8312035094411596
0.8308220484455464
0.8349227541483883
0.8278657257295442
0.8328247186725157
0.826530612244898
0.8152775128743086
0.8228113675376693
0.8262445164981881
0.8285332824718673
0.8289147434674804
0.8235742895288957
0.835781041388518
0.828437917222964
0.8267213427427046
0.8336830059126454
0.8340644669082586
0.8307266831966431
0.8149914171275987
0.8298683959565134
0.8232881937821858
0.8223345412931528
0.8336830059126454
0.8320617966812893
0.8378790768643907
0.8323478924279992
0.8314896051878695
0.8367346938775511
0.8350181193972916
0.8317757009345794
0.836067137135228
0.8268167079916079
0.8340644669082586
0.8287240129696738
0.8364485981308412
0.8335876406637421
0.8268167079916079
0.8371161548731643
0.8279610909784475
0.8332061796681289
0.8285332824718673
0.8346366584016784
0.8311081441922563
0.8352088498950982
0.831012778943353
0.8225252717909594
0.8269120732405112
0.8269120732405112
0.8333969101659355
0.8303452222010299
0.8341598321571619
0.8333969101659355
0.8354949456418082
0.8307266831966431
0.8389280946023269
0.8367346938775511
0.8301544917032233
0.8349227541483883
0.8333969101659355
0.8266259774938013
0.8294869349609002
0.8335876406637421
0.8353995803929049
0.8337783711615487
0.8330154491703223
0.8342551974060652
0.8296776654587068
0.8419797825672325
0.8362578676330346
0.8325386229258058
0.835113484646195
0.8327293534236124
0.826530612244898
0.8290101087163837
0.8325386229258058
0.8292008392141903
0.8355903108907115
0.8349227541483883
0.8257676902536716
0.8261491512492848
0.8365439633797445
0.8290101087163837
0.8321571619301926
0.8362578676330346
0.8333015449170322
0.8374022506198742
0.8283425519740607
0.8303452222010299
0.8327293534236124
0.8353995803929049
0.8385466336067137
0.8353042151440015
0.8384512683578104
0.8278657257295442
0.8328247186725157
0.8350181193972916
0.8387373641045203
0.8377837116154874
0.8365439633797445
0.8311081441922563
0.8336830059126454
0.8389280946023269
0.8342551974060652
0.8347320236505817
0.8354949456418082
0.8374976158687775
0.8344459279038718
0.8295823002098035
0.8288193782185771
0.838641998855617
0.8383559031089071
0.8362578676330346
0.8335876406637421
0.826530612244898
0.8328247186725157
0.8333015449170322
0.8324432576769025
0.8344459279038718
0.8361625023841313
0.8324432576769025
0.8325386229258058
0.8374022506198742
0.8387373641045203
0.8285332824718673
0.8344459279038718
0.8326339881747091
0.836067137135228
0.8334922754148388
0.8372115201220676
0.8334922754148388
0.835113484646195
0.8333969101659355
0.8381651726111005
0.8279610909784475
0.8306313179477398
0.8368300591264544
0.8390234598512302
0.8259584207514782
0.8391188251001335
0.8392141903490368
0.8364485981308412
0.8294869349609002
0.8346366584016784
0.8343505626549685
0.8375929811176808
0.8366393286286478
0.836067137135228
0.8368300591264544
0.8336830059126454
0.8420751478161358
0.8394049208468434
0.835113484646195
0.8312035094411596
0.8371161548731643
0.8207133320617966
0.8340644669082586
0.8335876406637421
0.8352088498950982
0.8323478924279992
0.8295823002098035
0.8366393286286478
0.8381651726111005
0.8391188251001335
0.8326339881747091
0.8259584207514782
0.8289147434674804
0.8312988746900629
0.836067137135228
0.8371161548731643
0.835113484646195
0.8354949456418082
0.833873736410452
0.8270074384894145
0.825576959755865
0.8320617966812893
0.8280564562273508
0.8296776654587068
0.8042151440015258
0.8358764066374214
0.8331108144192256
0.8339691016593553
0.829105473965287
0.829105473965287
0.8307266831966431
0.832920083921419
0.8342551974060652
0.8364485981308412
0.8337783711615487
0.8303452222010299
0.8304405874499332
0.8354949456418082
0.8350181193972916
0.8335876406637421
0.8271028037383178
0.8316803356856761
0.8324432576769025
0.8289147434674804
0.8359717718863247
0.8311081441922563
0.8311081441922563
0.8341598321571619
0.8191874880793439
0.831966431432386
0.8358764066374214
0.8331108144192256
0.8314896051878695
0.8358764066374214
0.8312988746900629
0.8261491512492848
0.8264352469959947
0.8258630555025749
0.8239557505245089
0.8305359526988365
0.8363532328819379
0.8307266831966431
0.8364485981308412
0.8294869349609002
0.8342551974060652
0.8336830059126454
0.8288193782185771
0.8349227541483883
0.8147053213808888
0.832920083921419
0.835781041388518
0.8216669845508296
0.8333015449170322
0.8380698073621972
0.8388327293534236
0.8276749952317376
0.8378790768643907
0.8350181193972916
0.8383559031089071
0.8385466336067137
0.8316803356856761
0.8331108144192256
0.8303452222010299
0.8285332824718673
0.8306313179477398
0.8387373641045203
0.8349227541483883
0.8380698073621972
0.8362578676330346
0.8397863818424566
0.8262445164981881
0.8333015449170322
0.8314896051878695
0.8325386229258058
0.8359717718863247
0.837020789624261
0.8325386229258058
0.8322525271790959
0.8296776654587068
0.8264352469959947
0.8305359526988365
0.831012778943353
0.8367346938775511
0.8328247186725157
0.8321571619301926
0.8294869349609002
0.8355903108907115
0.8394049208468434
0.8250047682624452
0.825576959755865
0.8282471867251574
0.8333015449170322
0.8362578676330346
0.8306313179477398
0.8345412931527751
0.8314896051878695
0.8358764066374214
0.8385466336067137
0.8189967575815373
0.829105473965287
0.8289147434674804
0.8369254243753577
0.8344459279038718
0.8317757009345794
0.8294869349609002
0.8251954987602518
0.8292962044630936
0.8356856761396148
0.8325386229258058
0.8279610909784475
0.8334922754148388
0.8313942399389662
0.8317757009345794
0.8270074384894145
0.8314896051878695
