1.0346929832781084
1.0346885135509944
1.0346847430377826
1.034681559890955
1.0346788638472983
1.0346765692232796
1.0346746048562974
1.0346729126035443
1.0346714453581252
1.034670165074835
1.0346690410173869
1.034668048289888
1.0346671666451732
1.0346663795348843
1.0346656733593578
1.0346650368777324
1.0346644607443969
1.0346639371441684
1.0346634595043087
1.0346630222662947
1.0346626207041134
1.0346622507788779
1.034661909021902
1.0346615924401665
1.0346612984394872
1.0346610247617443
1.034660769433335
1.0346605307226335
1.0346603071047127
1.0346600972319493
1.034659899909422
1.0346597140742293
1.0346595387780275
1.0346593731722329
1.0346592164954242
1.0346590680625858
1.0346589272558848
1.034658793516736
1.0346586663389545
1.0346585452628254
1.034658429869952
1.0346583197787689
1.034658214640622
1.034658114136332
1.034658017973178
1.034657925882239
1.0346578376160487
1.0346577529465188
1.0346576716630973
1.0346575935711306
1.034657518490406
1.034657446253849
1.0346573767063576
1.034657309703761
1.034657245111879
1.0346571828056812
1.034657122668526
1.0346570645914754
1.0346570084726745
1.0346569542167903
1.0346569017345015
1.0346568509420375
1.034656801760756
1.034656754116761
1.034656707940552
1.0346566631667045
1.0346566197335794
1.034656577583054
1.0346565366602776
1.0346564969134453
1.0346564582935922
1.034656420754403
1.0346563842520353
1.0346563487449596
1.0346563141938092
1.034656280561242
1.0346562478118138
1.0346562159118593
1.0346561848293838
1.0346561545339608
1.0346561249966377
1.0346560961898492
1.034656068087335
1.0346560406640644
1.0346560138961658
1.0346559877608605
1.034655962236402
1.0346559373020172
1.0346559129378552
1.034655889124935
1.0346558658450997
1.0346558430809725
1.0346558208159156
1.034655799033991
1.0346557777199252
1.0346557568590748
1.0346557364373945
1.0346557164414072
1.034655696858176
1.0346556776752764
1.034655658880774
1.0346556404631975
1.0346556224115189
1.0346556047151312
1.03465558736383
1.0346555703477929
1.0346555536575637
1.0346555372840343
1.0346555212184296
1.0346555054522921
1.0346554899774685
1.0346554747860954
1.0346554598705873
1.0346554452236234
1.0346554308381382
1.0346554167073088
1.0346554028245445
1.0346553891834793
1.0346553757779597
1.034655362602038
1.0346553496499624
1.0346553369161704
1.0346553243952799
1.0346553120820827
1.0346552999715377
1.0346552880587636
1.0346552763390333
1.0346552648077676
1.0346552534605298
1.0346552422930195
1.0346552313010684
1.034655220480635
1.034655209827799
1.0346551993387583
1.034655189009823
1.0346551788374132
1.0346551688180528
1.0346551589483677
1.034655149225081
1.0346551396450099
1.034655130205062
1.034655120902233
1.0346551117336027
1.0346551026963327
1.034655093787663
1.03465508500491
1.0346550763454634
1.0346550678067838
1.0346550593864003
1.0346550510819092
1.0346550428909695
1.0346550348113033
1.034655026840692
1.0346550189769756
1.03465501121805
1.0346550035618653
1.0346549960064246
1.0346549885497816
1.0346549811900394
1.0346549739253492
1.0346549667539082
1.0346549596739587
1.0346549526837865
1.0346549457817191
1.0346549389661257
1.0346549322354144
1.0346549255880324
1.034654919022464
1.0346549125372295
1.0346549061308845
1.0346548998020189
1.0346548935492552
1.0346548873712484
1.0346548812666854
1.034654875234282
1.0346548692727846
1.0346548633809678
1.034654857557634
1.034654851801613
1.0346548461117604
1.0346548404869578
1.0346548349261113
1.0346548294281515
1.0346548239920321
1.03465481861673
1.0346548133012443
1.0346548080445959
1.0346548028458262
1.034654797703998
1.0346547926181933
1.0346547875875138
1.0346547826110803
1.0346547776880322
1.0346547728175262
1.034654767998737
1.0346547632308565
1.0346547585130925
1.0346547538446702
1.034654749224829
1.0346547446528251
1.0346547401279294
1.0346547356494264
1.0346547312166163
1.0346547268288122
1.0346547224853413
1.0346547181855439
1.0346547139287732
1.034654709714395
1.0346547055417872
1.0346547014103402
1.0346546973194557
1.034654693268547
1.0346546892570385
1.0346546852843657
1.0346546813499742
1.034654677453321
1.0346546735938722
1.0346546697711043
1.034654665984504
1.0346546622335664
1.0346546585177967
1.0346546548367088
1.0346546511898256
1.0346546475766782
1.0346546439968072
1.0346546404497603
1.0346546369350937
1.034654633452372
1.0346546300011665
1.0346546265810572
1.0346546231916305
1.0346546198324809
1.034654616503209
1.0346546132034233
1.0346546099327385
1.034654606690776
1.0346546034771635
1.0346546002915358
1.0346545971335332
1.0346545940028025
1.0346545908989957
1.0346545878217717
1.0346545847707942
1.0346545817457333
1.0346545787462638
1.0346545757720664
1.034654572822827
1.0346545698982363
1.0346545669979905
1.0346545641217904
1.0346545612693419
1.034654558440355
1.0346545556345457
1.0346545528516329
1.034654550091341
1.0346545473533992
1.0346545446375397
1.0346545419434996
1.0346545392710202
1.034654536619847
1.0346545339897288
1.034654531380419
1.0346545287916744
1.0346545262232554
1.0346545236749267
1.0346545211464562
1.0346545186376153
1.034654516148179
1.0346545136779255
1.0346545112266363
1.0346545087940968
1.0346545063800952
1.0346545039844224
1.0346545016068731
1.0346544992472446
1.0346544969053375
1.0346544945809553
1.034654492273904
1.0346544899839927
1.0346544877110335
1.0346544854548407
1.0346544832152318
1.0346544809920266
1.0346544787850473
1.0346544765941195
1.03465447441907
1.0346544722597293
1.0346544701159293
1.034654467987505
1.0346544658742933
1.0346544637761335
1.0346544616928672
1.034654459624338
1.0346544575703922
1.0346544555308774
1.0346544535056437
1.0346544514945435
1.0346544494974308
1.0346544475141621
1.0346544455445954
1.0346544435885903
1.0346544416460095
1.0346544397167161
1.0346544378005762
1.0346544358974568
1.0346544340072275
1.0346544321297586
1.0346544302649234
1.034654428412596
1.034654426572652
1.0346544247449694
1.0346544229294268
1.0346544211259057
1.0346544193342877
1.034654417554457
1.0346544157862987
1.0346544140296996
1.034654412284548
1.0346544105507338
1.0346544088281475
1.0346544071166817
1.0346544054162305
1.034654403726689
1.0346544020479533
1.0346544003799214
1.0346543987224923
1.0346543970755662
1.0346543954390448
1.0346543938128308
1.0346543921968279
1.0346543905909416
1.034654388995078
1.0346543874091445
1.0346543858330497
1.034654384266703
1.0346543827100159
1.0346543811628999
1.0346543796252674
1.034654378097033
1.0346543765781115
1.0346543750684187
1.0346543735678722
1.0346543720763892
1.0346543705938893
1.034654369120292
1.0346543676555184
1.0346543661994902
1.0346543647521305
1.0346543633133622
1.03465436188311
1.0346543604612997
1.0346543590478572
1.0346543576427096
1.034654356245785
1.0346543548570122
1.0346543534763202
1.0346543521036402
1.0346543507389026
1.03465434938204
1.0346543480329848
1.0346543466916704
1.0346543453580315
1.0346543440320024
1.034654342713519
1.034654341402518
1.0346543400989365
1.034654338802712
1.034654337513783
1.0346543362320895
1.03465433495757
1.0346543336901661
1.0346543324298187
1.0346543311764693
1.0346543299300608
1.0346543286905356
1.0346543274578384
1.0346543262319126
1.0346543250127036
1.0346543238001564
1.0346543225942177
1.0346543213948338
1.0346543202019518
1.03465431901552
1.0346543178354861
1.0346543166617994
1.034654315494409
1.0346543143332654
1.0346543131783184
1.0346543120295195
1.03465431088682
1.034654309750172
1.0346543086195281
1.0346543074948409
1.0346543063760645
1.0346543052631525
1.0346543041560592
1.03465430305474
1.0346543019591499
1.0346543008692448
1.034654299784981
1.0346542987063154
1.034654297633205
1.0346542965656074
1.0346542955034805
1.0346542944467834
1.034654293395474
1.0346542923495123
1.0346542913088577
1.0346542902734703
1.0346542892433108
1.0346542882183398
1.0346542871985185
1.034654286183809
1.034654285174173
1.0346542841695727
1.0346542831699712
1.0346542821753317
1.0346542811856174
1.0346542802007923
1.0346542792208209
1.034654278245667
1.0346542772752958
1.0346542763096729
1.0346542753487635
1.0346542743925338
1.0346542734409494
1.0346542724939776
1.0346542715515845
1.034654270613738
1.034654269680405
1.0346542687515534
1.0346542678271518
1.034654266907168
1.034654265991571
1.0346542650803296
1.0346542641734133
1.0346542632707916
1.034654262372434
1.034654261478311
1.034654260588393
1.0346542597026505
1.0346542588210543
1.0346542579435762
1.0346542570701873
1.0346542562008592
1.034654255335564
1.034654254474274
1.034654253616962
1.0346542527636002
1.034654251914162
1.0346542510686205
1.0346542502269491
1.0346542493891218
1.034654248555112
1.0346542477248948
1.0346542468984439
1.034654246075734
1.0346542452567402
1.0346542444414377
1.0346542436298016
1.0346542428218073
1.034654242017431
1.0346542412166484
1.0346542404194359
1.0346542396257694
1.034654238835626
1.0346542380489823
1.0346542372658152
1.0346542364861022
1.0346542357098203
1.0346542349369474
1.0346542341674614
1.0346542334013398
1.0346542326385613
1.0346542318791039
1.0346542311229463
1.0346542303700672
1.0346542296204455
1.0346542288740603
1.0346542281308908
1.0346542273909165
1.0346542266541172
1.0346542259204723
1.0346542251899622
1.0346542244625665
1.034654223738266
1.0346542230170408
1.034654222298872
1.0346542215837398
1.0346542208716252
1.0346542201625097
1.0346542194563744
1.0346542187532006
1.0346542180529699
1.034654217355664
1.034654216661265
1.0346542159697547
1.0346542152811151
1.034654214595329
1.0346542139123784
1.0346542132322463
1.034654212554915
1.0346542118803674
1.034654211208587
1.0346542105395566
1.0346542098732596
1.034654209209679
1.034654208548799
1.0346542078906031
1.034654207235075
1.0346542065821986
1.0346542059319583
1.034654205284338
1.0346542046393217
1.0346542039968947
1.034654203357041
1.0346542027197452
1.0346542020849925
1.0346542014527675
1.0346542008230557
1.0346542001958419
1.0346541995711116
1.03465419894885
1.0346541983290425
1.0346541977116752
1.0346541970967336
1.0346541964842035
1.0346541958740707
1.0346541952663217
1.0346541946609422
1.034654194057919
1.0346541934572377
1.0346541928588857
1.0346541922628494
1.0346541916691148
1.0346541910776692
1.0346541904884996
1.034654189901593
1.0346541893169363
1.0346541887345164
1.0346541881543214
1.034654187576338
1.0346541870005541
1.034654186426957
1.0346541858555343
1.034654185286274
1.0346541847191637
1.0346541841541919
1.0346541835913456
1.034654183030614
1.0346541824719848
1.0346541819154462
1.0346541813609869
1.034654180808595
1.0346541802582592
1.0346541797099684
1.034654179163711
1.0346541786194756
1.0346541780772518
1.034654177537028
1.0346541769987931
1.0346541764625365
1.0346541759282477
1.0346541753959155
1.0346541748655296
1.034654174337079
1.0346541738105537
1.0346541732859427
1.0346541727632361
1.0346541722424238
1.0346541717234952
1.0346541712064405
1.034654170691249
1.0346541701779115
1.0346541696664178
1.0346541691567581
1.0346541686489226
1.0346541681429016
1.0346541676386851
1.0346541671362641
1.034654166635629
1.0346541661367703
1.0346541656396784
1.0346541651443442
1.0346541646507585
1.0346541641589122
1.034654163668796
1.0346541631804012
1.0346541626937182
1.0346541622087386
1.0346541617254534
1.0346541612438538
1.0346541607639312
1.0346541602856767
1.034654159809082
1.0346541593341378
1.0346541588608364
1.0346541583891693
1.0346541579191275
1.0346541574507033
1.0346541569838883
1.034654156518674
1.0346541560550524
1.0346541555930158
1.0346541551325554
1.0346541546736638
1.0346541542163328
1.0346541537605545
1.0346541533063214
1.034654152853625
1.0346541524024584
1.0346541519528134
1.0346541515046825
1.0346541510580582
1.034654150612933
1.0346541501692992
1.0346541497271495
1.0346541492864765
1.034654148847273
1.0346541484095315
1.0346541479732452
1.0346541475384061
1.034654147105008
1.0346541466730432
1.0346541462425047
1.0346541458133858
1.0346541453856795
1.0346541449593785
1.0346541445344763
1.034654144110966
1.0346541436888408
1.0346541432680938
1.0346541428487186
1.0346541424307085
1.0346541420140567
1.034654141598757
1.0346541411848023
1.0346541407721865
1.0346541403609033
1.0346541399509461
1.0346541395423086
1.0346541391349844
1.0346541387289674
1.0346541383242511
1.0346541379208294
1.0346541375186964
1.034654137117846
1.0346541367182716
1.0346541363199673
1.0346541359229275
1.0346541355271461
1.0346541351326168
1.0346541347393343
1.0346541343472924
1.034654133956485
1.034654133566907
1.0346541331785521
1.0346541327914147
1.0346541324054892
1.03465413202077
1.0346541316372515
1.034654131254928
1.0346541308737942
1.0346541304938444
1.0346541301150731
1.034654129737475
1.0346541293610445
1.0346541289857767
1.0346541286116655
1.0346541282387063
1.0346541278668935
1.0346541274962218
1.0346541271266863
1.0346541267582816
1.0346541263910025
1.034654126024844
1.0346541256598012
1.0346541252958688
1.0346541249330414
1.0346541245713148
1.0346541242106837
1.0346541238511429
1.0346541234926878
1.0346541231353137
1.0346541227790151
1.0346541224237877
1.0346541220696268
1.0346541217165273
1.0346541213644846
1.0346541210134943
1.0346541206635511
1.0346541203146506
1.0346541199667887
1.03465411961996
1.0346541192741605
1.0346541189293852
1.0346541185856302
1.0346541182428903
1.034654117901162
1.0346541175604396
1.0346541172207198
1.0346541168819976
1.0346541165442689
1.0346541162075291
1.0346541158717741
1.034654115537
1.0346541152032018
1.0346541148703756
1.0346541145385173
1.0346541142076224
1.0346541138776872
1.0346541135487073
1.0346541132206786
1.0346541128935969
1.0346541125674582
1.0346541122422586
1.034654111917994
1.0346541115946604
1.0346541112722536
1.03465411095077
1.0346541106302056
1.0346541103105562
1.0346541099918183
1.0346541096739879
1.034654109357061
1.0346541090410337
1.034654108725903
1.034654108411664
1.0346541080983134
1.0346541077858478
1.0346541074742632
1.034654107163556
1.034654106853722
1.0346541065447585
1.034654106236661
1.0346541059294263
1.0346541056230512
1.034654105317531
1.0346541050128633
1.0346541047090438
1.0346541044060695
1.0346541041039363
1.0346541038026416
1.034654103502181
1.0346541032025518
1.0346541029037502
1.0346541026057727
1.0346541023086162
1.0346541020122775
1.0346541017167528
1.0346541014220387
1.0346541011281325
1.0346541008350305
1.0346541005427294
1.0346541002512262
1.0346540999605172
1.0346540996705997
1.0346540993814701
1.0346540990931257
1.0346540988055628
1.0346540985187782
1.0346540982327692
1.0346540979475327
1.0346540976630654
1.0346540973793639
1.0346540970964258
1.0346540968142475
1.034654096532826
1.0346540962521584
1.0346540959722421
1.0346540956930736
1.03465409541465
1.0346540951369683
1.0346540948600258
1.0346540945838194
1.0346540943083462
1.0346540940336035
1.034654093759588
1.0346540934862973
1.0346540932137283
1.0346540929418782
1.0346540926707442
1.0346540924003231
1.0346540921306129
1.0346540918616103
1.0346540915933127
1.034654091325717
1.034654091058821
1.0346540907926216
1.0346540905271162
1.0346540902623025
1.034654089998177
1.0346540897347376
1.0346540894719818
1.0346540892099065
1.0346540889485092
1.0346540886877875
1.0346540884277389
1.0346540881683601
1.0346540879096493
1.0346540876516037
1.0346540873942205
1.0346540871374976
1.0346540868814322
1.0346540866260217
1.0346540863712639
1.0346540861171563
1.034654085863696
1.034654085610881
1.034654085358709
1.0346540851071768
1.0346540848562826
1.0346540846060241
1.0346540843563983
1.0346540841074037
1.034654083859037
1.034654083611296
1.0346540833641793
1.0346540831176834
1.0346540828718065
1.0346540826265462
1.0346540823819004
1.0346540821378665
1.034654081894442
1.0346540816516254
1.0346540814094143
1.0346540811678058
1.034654080926798
1.0346540806863889
1.034654080446576
1.0346540802073572
1.0346540799687305
1.0346540797306933
1.0346540794932437
1.0346540792563799
1.0346540790200989
1.0346540787843992
1.0346540785492786
1.0346540783147349
1.034654078080766
1.0346540778473696
1.0346540776145439
1.0346540773822868
1.0346540771505959
1.0346540769194694
1.0346540766889054
1.0346540764589018
1.0346540762294565
1.0346540760005671
1.0346540757722322
1.0346540755444498
1.0346540753172175
1.0346540750905333
1.0346540748643955
1.0346540746388024
1.0346540744137516
1.034654074189241
1.0346540739652692
1.034654073741834
1.0346540735189331
1.0346540732965654
1.0346540730747287
1.0346540728534208
1.03465407263264
1.0346540724123847
1.0346540721926527
1.0346540719734423
1.0346540717547514
1.0346540715365786
1.0346540713189218
1.0346540711017793
1.034654070885149
1.0346540706690297
1.034654070453419
1.0346540702383156
1.0346540700237172
1.0346540698096225
1.0346540695960296
1.0346540693829365
1.0346540691703416
1.0346540689582435
1.0346540687466401
1.0346540685355297
1.0346540683249108
1.0346540681147816
1.0346540679051401
1.034654067695985
1.0346540674873148
1.0346540672791271
1.034654067071421
1.0346540668641946
1.034654066657446
1.0346540664511736
1.0346540662453758
1.0346540660400514
1.0346540658351984
1.034654065630815
1.0346540654269
1.0346540652234517
1.0346540650204683
1.0346540648179485
1.0346540646158904
1.0346540644142928
1.0346540642131539
1.0346540640124722
1.0346540638122461
1.0346540636124744
1.034654063413155
1.0346540632142867
1.0346540630158678
1.034654062817897
1.0346540626203728
1.0346540624232936
1.034654062226658
1.0346540620304643
1.034654061834711
1.0346540616393973
1.0346540614445208
1.0346540612500805
1.034654061056075
1.0346540608625028
1.0346540606693624
1.0346540604766523
1.0346540602843712
1.0346540600925176
1.0346540599010903
1.0346540597100875
1.034654059519508
1.0346540593293505
1.0346540591396134
1.0346540589502955
1.0346540587613953
1.0346540585729118
1.034654058384843
1.034654058197188
1.034654058009945
1.0346540578231131
1.034654057636691
1.034654057450677
1.03465405726507
1.0346540570798686
1.0346540568950715
1.0346540567106774
1.0346540565266849
1.0346540563430928
1.0346540561598996
1.0346540559771045
1.0346540557947057
1.0346540556127022
1.0346540554310926
1.0346540552498755
1.03465405506905
1.0346540548886145
1.034654054708568
1.0346540545289091
1.0346540543496368
1.0346540541707494
1.034654053992246
1.0346540538141253
1.0346540536363862
1.034654053459027
1.0346540532820472
1.0346540531054451
1.0346540529292196
1.0346540527533696
1.034654052577894
1.0346540524027912
1.0346540522280605
1.0346540520537006
1.03465405187971
1.0346540517060878
1.0346540515328329
1.034654051359944
1.03465405118742
1.0346540510152598
1.034654050843462
1.034654050672026
1.0346540505009503
1.0346540503302337
1.034654050159875
1.0346540499898738
1.0346540498202281
1.034654049650937
1.034654049482
1.0346540493134153
1.0346540491451819
1.034654048977299
1.0346540488097653
1.03465404864258
1.0346540484757416
1.0346540483092492
1.034654048143102
1.0346540479772985
1.0346540478118378
1.034654047646719
1.034654047481941
1.0346540473175025
1.034654047153403
1.0346540469896408
1.0346540468262153
