0.5826816707991608
0.5905969864581346
0.5926950219340072
0.5985123021171085
0.6030898340644669
0.6078580965096319
0.6110051497234408
0.6118634369635705
0.6141522029372497
0.6151058554262827
0.6159641426664123
0.616822429906542
0.6232119015830632
0.6287430860194545
0.6377074194163647
0.6421895861148198
0.6498188060270838
0.665172611100515
0.6760442494754911
0.6833873736410452
0.6835781041388518
0.6831012778943353
0.6833873736410452
0.6841502956322716
0.6848178523745947
0.6850085828724013
0.6859622353614343
0.6854854091169178
0.6852946786191112
0.6846271218767881
0.6836734693877551
0.6901583063131794
0.6921609765401487
0.6966431432386039
0.7011253099370589
0.7049399198931909
0.7063703986267404
0.7116154873164219
0.7118062178142285
0.7148579057791341
0.7164791150104902
0.718672515735266
0.7201983597177188
0.721533473202365
0.7222010299446882
0.7235361434293344
0.7242990654205608
0.7245851611672707
0.7248712569139806
0.7255388136563037
0.7257295441541103
0.7257295441541103
0.7257295441541103
0.7263017356475301
0.7261110051497235
0.7266831966431433
0.7269692923898531
0.7269692923898531
0.727255388136563
0.7274461186343696
0.7275414838832729
0.7270646576387564
0.7273507533854663
0.7271600228876597
0.7273507533854663
0.7273507533854663
0.7275414838832729
0.7280183101277894
0.7279229448788861
0.7278275796299828
0.7278275796299828
0.728209040625596
0.728209040625596
0.7277322143810795
0.7279229448788861
0.7275414838832729
0.7278275796299828
0.7280183101277894
0.7284951363723059
0.7288765973679191
0.7290673278657257
0.7290673278657257
0.7293534236124356
0.7293534236124356
0.7294487888613389
0.7296395193591455
0.7294487888613389
0.7297348846080488
0.7297348846080488
0.7295441541102422
0.7297348846080488
0.7296395193591455
0.7296395193591455
0.7296395193591455
0.7295441541102422
0.7298302498569521
0.7295441541102422
0.7296395193591455
0.729162693114629
0.7294487888613389
0.7292580583635323
0.7292580583635323
0.7289719626168224
0.7285905016212092
0.7287812321190158
0.7288765973679191
0.7284951363723059
0.7285905016212092
0.7284951363723059
0.7283997711234026
0.7286858668701125
0.7283997711234026
0.7284951363723059
0.7284951363723059
0.7287812321190158
0.7286858668701125
0.7287812321190158
0.7286858668701125
0.7283997711234026
0.7284951363723059
0.7281136753766927
0.728209040625596
0.7283044058744993
0.7281136753766927
0.7278275796299828
0.7278275796299828
0.7278275796299828
0.7279229448788861
0.7279229448788861
0.7281136753766927
0.7280183101277894
0.7283044058744993
0.728209040625596
0.7283997711234026
0.7283044058744993
0.7283044058744993
0.7283044058744993
0.7283997711234026
0.7283044058744993
0.7283997711234026
0.728209040625596
0.7283044058744993
0.7285905016212092
0.7286858668701125
0.7286858668701125
0.7287812321190158
0.7285905016212092
0.7288765973679191
0.7288765973679191
0.7287812321190158
0.7289719626168224
0.7288765973679191
0.7286858668701125
0.7287812321190158
0.7290673278657257
0.7292580583635323
0.7290673278657257
0.7290673278657257
0.7292580583635323
0.7294487888613389
0.7296395193591455
0.7297348846080488
0.7297348846080488
0.7297348846080488
0.7297348846080488
0.7297348846080488
0.7299256151058554
0.7300209803547587
0.7304024413503719
0.7302117108525653
0.7304978065992752
0.7305931718481785
0.7305931718481785
0.7304978065992752
0.7304978065992752
0.7305931718481785
0.7308792675948884
0.7307839023459851
0.7306885370970818
0.7309746328437917
0.731069998092695
0.731069998092695
0.7311653633415983
0.7311653633415983
0.731069998092695
0.731069998092695
0.7309746328437917
0.7308792675948884
0.731069998092695
0.7308792675948884
0.7307839023459851
0.7305931718481785
0.7306885370970818
0.7307839023459851
0.7307839023459851
0.7308792675948884
0.7308792675948884
0.7309746328437917
0.7308792675948884
0.7306885370970818
0.7305931718481785
0.7305931718481785
0.7304978065992752
0.7304978065992752
0.7305931718481785
0.7306885370970818
0.7308792675948884
0.7306885370970818
0.7307839023459851
0.7308792675948884
0.7308792675948884
0.731069998092695
0.731069998092695
0.7309746328437917
0.7311653633415983
0.7311653633415983
0.7311653633415983
0.7313560938394049
0.7314514590883082
0.7314514590883082
0.7314514590883082
0.7316421895861148
0.7318329200839214
0.7318329200839214
0.7319282853328247
0.7319282853328247
0.732023650581728
0.7321190158306313
0.7319282853328247
0.7323097463284379
0.7323097463284379
0.732023650581728
0.7321190158306313
0.7322143810795346
0.7324051115773412
0.7324051115773412
0.7324051115773412
0.732023650581728
0.7317375548350181
0.7323097463284379
0.7326912073240511
0.7335494945641808
0.7343124165554072
0.7349799732977303
0.7337402250619874
0.7358382605378601
0.7364104520312797
0.7379362960137326
0.7388899485027656
0.7395575052450887
0.7402250619874118
0.7407972534808316
0.7426091932099943
0.7436582109479306
0.7435628456990273
0.7443257676902537
0.7446118634369636
0.7447072286858669
0.7448979591836735
0.7457562464238031
0.7462330726683196
0.746042342170513
0.7467098989128361
0.7469006294106427
0.746995994659546
0.7474728209040625
0.7477589166507724
0.7475681861529658
0.7477589166507724
0.7477589166507724
0.747949647148579
0.747949647148579
0.7481403776463856
0.7481403776463856
0.7482357428952889
0.7484264733930955
0.7484264733930955
0.7486172038909021
0.748903299637612
0.7490940301354186
0.7494754911310318
0.7499523173755483
0.7504291436200649
0.7505245088689682
0.7499523173755483
0.7500476826244517
0.7504291436200649
0.7507152393667748
0.7503337783711616
0.7507152393667748
0.7502384131222583
0.7496662216288384
0.7502384131222583
0.749856952126645
0.7502384131222583
0.7490940301354186
0.748903299637612
0.7488079343887087
0.7491893953843219
0.749856952126645
0.7489986648865153
0.7486172038909021
0.7480450123974823
0.7485218386419988
0.7487125691398054
0.7493801258821285
0.7490940301354186
0.7493801258821285
0.7491893953843219
0.7492847606332252
0.7493801258821285
0.7493801258821285
0.7494754911310318
0.7496662216288384
0.7499523173755483
0.7506198741178715
0.7506198741178715
0.7506198741178715
0.7508106046156781
0.751096700362388
0.7513827961090979
0.7519549876025177
0.7547205798207133
0.7591073812702651
0.7614915124928476
0.763208086973107
0.7635895479687203
0.7642571047110432
0.7627312607285905
0.7626358954796872
0.7638756437154302
0.7638756437154302
0.7653061224489796
0.7661644096891093
0.7656875834445928
0.7656875834445928
0.766069044440206
0.7662597749380126
0.7669273316803357
0.7665458706847225
0.767022696929239
0.7667366011825291
0.7669273316803357
0.767022696929239
0.7672134274270456
0.7676902536715621
0.7673087926759489
0.7678809841693687
0.7674995231737555
0.7675948884226588
0.7675948884226588
0.7677856189204654
0.7676902536715621
0.7674995231737555
0.7672134274270456
0.7673087926759489
0.7675948884226588
0.7676902536715621
0.7675948884226588
0.7674041579248522
0.7674995231737555
0.7674041579248522
0.7675948884226588
0.7676902536715621
0.7671180621781423
0.7673087926759489
0.767022696929239
0.7672134274270456
0.7669273316803357
0.7668319664314324
0.7665458706847225
0.7665458706847225
0.7668319664314324
0.7667366011825291
0.7665458706847225
0.7664505054358192
0.766069044440206
0.7667366011825291
0.767022696929239
0.7667366011825291
0.7674995231737555
0.7673087926759489
0.7673087926759489
0.7672134274270456
0.7672134274270456
0.7671180621781423
0.767976349418272
0.7680717146671753
0.7681670799160786
0.7687392714094984
0.7694068281518215
0.7690253671562083
0.7687392714094984
0.7677856189204654
0.7684531756627885
0.7682624451649819
0.7680717146671753
0.7681670799160786
0.7677856189204654
0.767022696929239
0.7674041579248522
0.7675948884226588
0.7676902536715621
0.7677856189204654
0.7682624451649819
0.7677856189204654
0.7680717146671753
0.7684531756627885
0.7685485409116918
0.7688346366584017
0.7688346366584017
0.7684531756627885
0.7688346366584017
0.7685485409116918
0.7690253671562083
0.7682624451649819
0.7674041579248522
0.7675948884226588
0.767022696929239
0.7673087926759489
0.7671180621781423
0.7669273316803357
0.7671180621781423
0.7674041579248522
0.767976349418272
0.7677856189204654
0.7691207324051116
0.7688346366584017
0.7695021934007248
0.7699790196452413
0.7697882891474347
0.7704558458897578
0.7697882891474347
0.7707419416364677
0.7723631508678238
0.7722677856189205
0.7736982643524699
0.7750333778371161
0.7736028991035666
0.774365821094793
0.774365821094793
0.7746519168415029
0.7746519168415029
0.775319473583826
0.7757009345794392
0.7749380125882128
0.7758916650772458
0.7764638565706656
0.7767499523173755
0.7765592218195689
0.7766545870684722
0.7759870303261491
0.7760823955750524
0.7758916650772458
0.7757009345794392
0.7760823955750524
0.7757009345794392
0.7757009345794392
0.7757009345794392
0.7752241083349227
0.7757009345794392
0.7755102040816326
0.7752241083349227
0.7754148388327293
0.775319473583826
0.7757962998283425
0.775319473583826
0.7756055693305359
0.7755102040816326
0.7757962998283425
0.7756055693305359
0.7755102040816326
0.7750333778371161
0.7756055693305359
0.7755102040816326
0.7763684913217623
0.7764638565706656
0.7765592218195689
0.776273126072859
0.7761777608239557
0.7759870303261491
0.7756055693305359
0.7758916650772458
0.7761777608239557
0.776273126072859
0.776273126072859
0.7763684913217623
0.7760823955750524
0.7759870303261491
0.7760823955750524
0.7758916650772458
0.7757962998283425
0.7759870303261491
0.7760823955750524
0.7758916650772458
0.7758916650772458
0.7757962998283425
0.7755102040816326
0.7751287430860194
0.7749380125882128
0.7742704558458897
0.7744611863436963
0.7744611863436963
0.774365821094793
0.7747472820904062
0.7750333778371161
0.7752241083349227
0.7751287430860194
0.7755102040816326
0.7756055693305359
0.7754148388327293
0.7759870303261491
0.7759870303261491
0.7764638565706656
0.7767499523173755
0.7769406828151821
0.7766545870684722
0.7769406828151821
0.7769406828151821
0.7769406828151821
0.7769406828151821
0.7767499523173755
0.7766545870684722
0.7773221438107953
0.7773221438107953
0.777226778561892
0.7777036048064085
0.7780850658020217
0.7782757962998283
0.7787526225443449
0.7787526225443449
0.778466526797635
0.7788479877932482
0.7786572572954416
0.7783711615487316
0.7783711615487316
0.7785618920465383
0.778466526797635
0.778466526797635
0.778466526797635
0.7785618920465383
0.7782757962998283
0.778466526797635
0.778466526797635
0.7779897005531184
0.7778943353042151
0.7774175090596986
0.7774175090596986
0.7773221438107953
0.7770360480640854
0.777226778561892
0.7773221438107953
0.7773221438107953
0.7767499523173755
0.7767499523173755
0.7764638565706656
0.7766545870684722
0.7765592218195689
0.7765592218195689
0.776273126072859
0.7759870303261491
0.7760823955750524
0.7760823955750524
0.776273126072859
0.776273126072859
0.7763684913217623
0.7763684913217623
0.7766545870684722
0.7765592218195689
0.7766545870684722
0.7766545870684722
0.7765592218195689
0.7765592218195689
0.7766545870684722
0.7766545870684722
0.7767499523173755
0.7768453175662788
0.7768453175662788
0.7770360480640854
0.7770360480640854
0.7771314133129887
0.7773221438107953
0.7774175090596986
0.7776082395575052
0.7777989700553118
0.7777989700553118
0.7780850658020217
0.778180431050925
0.778466526797635
0.7785618920465383
0.7786572572954416
0.7788479877932482
0.7785618920465383
0.7783711615487316
0.7779897005531184
0.7779897005531184
0.7779897005531184
0.7777989700553118
0.7779897005531184
0.7780850658020217
0.7780850658020217
0.778180431050925
0.778180431050925
0.7779897005531184
0.7780850658020217
0.7780850658020217
0.778180431050925
0.778180431050925
0.7782757962998283
0.7780850658020217
0.7782757962998283
0.7783711615487316
0.778466526797635
0.778466526797635
0.7786572572954416
0.7786572572954416
0.7787526225443449
0.7788479877932482
0.7789433530421515
0.7788479877932482
0.7789433530421515
0.7791340835399581
0.7789433530421515
0.7790387182910548
0.7791340835399581
0.7790387182910548
0.7787526225443449
0.7788479877932482
0.7788479877932482
0.7788479877932482
0.7791340835399581
0.7788479877932482
0.7786572572954416
0.7787526225443449
0.7787526225443449
0.7787526225443449
0.7787526225443449
0.7786572572954416
0.7787526225443449
0.7787526225443449
0.7788479877932482
0.7788479877932482
0.7786572572954416
0.7788479877932482
0.7791340835399581
0.7792294487888614
0.7792294487888614
0.7792294487888614
0.7792294487888614
0.7792294487888614
0.7791340835399581
0.7791340835399581
0.7791340835399581
0.7791340835399581
0.7791340835399581
0.7791340835399581
0.7787526225443449
0.7787526225443449
0.7787526225443449
0.7787526225443449
0.7786572572954416
0.7786572572954416
0.7787526225443449
0.7786572572954416
0.7785618920465383
0.7785618920465383
0.7785618920465383
0.7785618920465383
0.7785618920465383
0.7786572572954416
0.7785618920465383
0.7785618920465383
0.7785618920465383
0.7785618920465383
0.7787526225443449
0.7787526225443449
0.7787526225443449
0.7787526225443449
0.7787526225443449
0.7788479877932482
0.7788479877932482
0.7788479877932482
0.7789433530421515
0.7791340835399581
0.7791340835399581
0.7791340835399581
0.7791340835399581
0.7792294487888614
0.7793248140377647
0.7793248140377647
0.7793248140377647
0.779420179286668
0.7792294487888614
0.7791340835399581
0.7791340835399581
0.7791340835399581
0.7791340835399581
0.7792294487888614
0.7791340835399581
0.7791340835399581
0.7790387182910548
0.7788479877932482
0.7788479877932482
0.7788479877932482
0.7788479877932482
0.7788479877932482
0.778466526797635
0.7785618920465383
0.7785618920465383
0.7786572572954416
0.7786572572954416
0.7787526225443449
0.7785618920465383
0.7785618920465383
0.7785618920465383
0.7783711615487316
0.7783711615487316
0.7783711615487316
0.7783711615487316
0.778466526797635
0.778466526797635
0.778466526797635
0.778466526797635
0.778466526797635
0.778466526797635
0.778466526797635
0.778466526797635
0.778466526797635
0.7785618920465383
0.7785618920465383
0.7785618920465383
0.7785618920465383
0.7785618920465383
0.7785618920465383
0.7785618920465383
0.7785618920465383
0.778466526797635
0.778466526797635
0.778466526797635
0.778466526797635
0.778466526797635
0.778466526797635
0.778466526797635
0.778466526797635
0.7783711615487316
0.7783711615487316
0.7783711615487316
0.778466526797635
0.778466526797635
0.778466526797635
0.778466526797635
0.7785618920465383
0.7785618920465383
0.7785618920465383
0.7785618920465383
0.7785618920465383
0.7786572572954416
0.7785618920465383
0.778466526797635
0.778466526797635
0.778466526797635
0.778466526797635
0.7785618920465383
0.778466526797635
0.7785618920465383
0.778466526797635
0.778466526797635
0.7785618920465383
0.7785618920465383
0.7785618920465383
0.7785618920465383
0.7785618920465383
0.778466526797635
0.778466526797635
0.778466526797635
0.7785618920465383
0.7785618920465383
0.7785618920465383
0.7785618920465383
0.7786572572954416
0.7785618920465383
0.778466526797635
0.778466526797635
0.778466526797635
0.7783711615487316
0.7783711615487316
0.7785618920465383
0.7786572572954416
0.7787526225443449
0.7787526225443449
0.7787526225443449
0.7787526225443449
0.7786572572954416
0.7786572572954416
0.7786572572954416
0.7786572572954416
0.7786572572954416
0.7786572572954416
0.7786572572954416
0.7786572572954416
0.7786572572954416
0.7787526225443449
0.7787526225443449
0.7787526225443449
0.7787526225443449
0.7787526225443449
0.7788479877932482
0.7788479877932482
0.7785618920465383
0.7786572572954416
0.7786572572954416
0.7786572572954416
0.7786572572954416
0.7786572572954416
0.7786572572954416
0.7787526225443449
0.7787526225443449
0.7787526225443449
0.7786572572954416
0.7786572572954416
0.7786572572954416
0.7786572572954416
0.7786572572954416
0.7786572572954416
0.7787526225443449
0.7787526225443449
0.7787526225443449
0.7787526225443449
0.7788479877932482
0.7790387182910548
0.7791340835399581
0.7791340835399581
0.7791340835399581
0.7791340835399581
0.7791340835399581
0.7792294487888614
0.7791340835399581
0.7791340835399581
0.7790387182910548
0.7789433530421515
0.7789433530421515
0.7789433530421515
0.7789433530421515
0.7789433530421515
0.7788479877932482
0.7788479877932482
0.7787526225443449
0.7787526225443449
0.7787526225443449
0.7787526225443449
0.7787526225443449
0.7787526225443449
0.7787526225443449
0.7787526225443449
0.7787526225443449
0.7787526225443449
0.7787526225443449
0.7787526225443449
0.7787526225443449
0.7787526225443449
0.7787526225443449
0.7787526225443449
0.7785618920465383
0.7785618920465383
0.7785618920465383
0.7785618920465383
0.7785618920465383
0.778466526797635
0.778466526797635
0.778466526797635
0.7783711615487316
0.7783711615487316
0.7783711615487316
0.7783711615487316
0.7783711615487316
0.7783711615487316
0.778466526797635
0.7785618920465383
0.7785618920465383
0.7785618920465383
0.778466526797635
0.7785618920465383
0.7785618920465383
0.7785618920465383
0.7785618920465383
0.7786572572954416
0.7786572572954416
0.7786572572954416
0.7786572572954416
0.7786572572954416
0.7787526225443449
0.7788479877932482
0.7788479877932482
0.7788479877932482
0.7788479877932482
0.7791340835399581
0.7791340835399581
0.7791340835399581
0.7791340835399581
0.7791340835399581
0.7791340835399581
0.7791340835399581
0.7791340835399581
0.7791340835399581
0.7790387182910548
0.7789433530421515
0.7789433530421515
0.7790387182910548
0.7790387182910548
0.7790387182910548
0.7790387182910548
0.7789433530421515
0.7789433530421515
0.7789433530421515
0.7789433530421515
0.7789433530421515
0.7788479877932482
0.7789433530421515
0.7789433530421515
0.7789433530421515
0.7788479877932482
0.7788479877932482
0.7788479877932482
0.7788479877932482
0.7788479877932482
0.7788479877932482
0.7788479877932482
0.7788479877932482
0.7788479877932482
0.7788479877932482
0.7788479877932482
0.7788479877932482
0.7787526225443449
0.7787526225443449
0.7787526225443449
0.7787526225443449
0.7787526225443449
0.7787526225443449
0.7787526225443449
0.7785618920465383
0.7786572572954416
0.7787526225443449
0.7787526225443449
0.7788479877932482
0.7788479877932482
0.7788479877932482
0.7788479877932482
0.7788479877932482
0.7788479877932482
0.7788479877932482
0.7787526225443449
0.7787526225443449
0.7786572572954416
0.7786572572954416
0.7786572572954416
0.7786572572954416
0.7786572572954416
0.7787526225443449
0.7787526225443449
0.7786572572954416
0.7786572572954416
0.7786572572954416
0.7785618920465383
0.7785618920465383
0.7786572572954416
0.7785618920465383
0.7785618920465383
0.778466526797635
0.7785618920465383
0.778466526797635
0.778466526797635
0.7785618920465383
0.7785618920465383
0.7785618920465383
0.7785618920465383
0.7785618920465383
0.778466526797635
0.778466526797635
0.778466526797635
0.778466526797635
0.7783711615487316
0.7783711615487316
0.7783711615487316
0.7783711615487316
0.7783711615487316
0.7783711615487316
0.7782757962998283
0.7782757962998283
0.778180431050925
0.778180431050925
0.778180431050925
0.7782757962998283
0.7782757962998283
0.7782757962998283
0.7782757962998283
0.7780850658020217
0.7780850658020217
0.7780850658020217
0.7779897005531184
0.7778943353042151
