0.907562985107052
0.8677737419091796
0.8266061052396672
0.7794199285344936
0.7207044694708782
0.6875043241728197
0.6662533053959063
0.6441745577391388
0.6400374611171447
0.6486224435357788
0.641642044051555
0.6178860080237129
0.6033341003779933
0.600399867757059
0.6003260930375461
0.6323795670375014
0.6061803917999705
0.6228613115103037
0.6293791176263984
0.6070041229647686
0.5939905241447972
0.6273899738564552
0.6276258042018334
0.6238581855341309
0.6319702769319829
0.6258656040792803
0.615695664768585
0.6021534574856625
0.6033504961615527
0.6001084848170688
0.6271372589483378
0.5867176831964083
0.5995987493590961
0.5799319855017232
0.5850054570880463
0.5822220663238947
0.5741032414602433
0.5837160754301904
0.5703623161219609
0.5916177581331714
0.6071577536858173
0.6050510076167555
0.5698526123645556
0.60062388573245
0.5706455082440763
0.5778740827266573
0.6012885783843643
0.608201772568823
0.5872205976053859
0.6078398044142705
0.5637025855209681
0.6207242563163919
0.6143768744458274
0.6131450989446312
0.6147497430907007
0.5928946388768495
0.6188716026201324
0.6338864566081813
0.6087438108389126
0.617903359791139
0.5953408540835955
0.6086384164190813
0.5824298601168909
0.6094437312743196
0.6381616128008987
0.6020864234708051
0.6213019538152619
0.6334807707875897
0.6516351000861202
0.6400627426800596
0.6221022061362196
0.5967658990273526
0.6467080935814022
0.5942287122766272
0.6141092100610589
0.6179661777516902
0.6001070806815346
0.5719342134782704
0.6450195150046197
0.6330413179072574
0.6190797612730734
0.5845409847369816
0.6359426940553226
0.5814596652853876
0.6141169505612968
0.6119213387214725
0.6098399674936866
0.5931393382678151
0.6247529702480182
0.6260544061027082
0.594724402589611
0.5834242615851885
0.6023719867657122
0.5747726202995774
0.5846096661742648
0.6054793751235278
0.5954622260227557
0.5683219483532239
0.5932586433417784
0.6105795333206006
0.5680079443629084
0.6171736133204817
0.5750790436053012
0.5995680767356968
0.5795881382199624
0.5951534181790937
0.5922512576102912
0.5748510002054352
0.569517815450243
0.6069514727970519
0.5828295476340026
0.5952460456297857
0.5969457049986717
0.6316279655025767
0.6656014640842076
0.5678200314248154
0.5985454672680492
0.6303266704167294
0.5680597405079787
0.6002301124875538
0.5683155513013914
0.6012233823048916
0.6115750650070854
0.5816244603026314
0.560725680024311
0.5804293278459368
0.5879637168113255
0.5687435002543004
0.5631225776899562
0.5692418383752352
0.5850178411382176
0.5774670060685143
0.554912606623841
0.5532801274320164
0.5852654242117595
0.5648520028515909
0.6001898043853525
0.5781894892245388
0.5754651984105257
0.5728426795445779
0.5663905435828507
0.5415659793817358
0.5632753251655915
0.5759636923925165
0.5640339089513806
0.5736658198428807
0.5500727069360344
0.5954651386284698
0.5786538509724275
0.594065951928001
0.5715815673298243
0.5816712890927066
0.5406857046775531
0.5661711780463914
0.5252501067834524
0.5524480467511581
0.5645825633958133
0.5618756264785719
0.5429712053390733
0.5484833719633339
0.5448611254715453
0.5783973702161243
0.5824833160050779
0.5435793549060971
0.5610083458396005
0.5365435112704451
0.5603019410624631
0.5584053580636711
0.548484056809626
0.6077404664758802
0.5430441713489715
0.5593175257287901
0.5447340387212675
0.5374486519043892
0.5451340486971488
0.5885943424510292
0.5482929043613932
0.5335165733472012
0.5432566533236304
0.5559057120102091
0.5602901034645096
0.5569565111661128
0.5636322279170619
0.5529537986135754
0.547277544950593
0.5285887766101391
0.580127496107312
0.5790784435174922
0.5350666216312105
0.5233340033289937
0.507429448787271
0.5351597617381166
0.5434404948831298
0.5560261921920386
0.5392490218201464
0.5592184076454367
0.5330629369116902
0.5332314434814142
0.5211265503337215
0.5152653381259661
0.5432988096941137
0.5206326529845106
0.5373632740736471
0.5289635995830573
0.5171430739908957
0.5258496842162561
0.5351399905737972
0.5248687830837814
0.5622535790726048
0.5922809528159979
0.5621382361065981
0.5324518153675584
0.5260350985308921
0.5254911281820145
0.5230956729499104
0.5473576739996603
0.5271848813192335
0.5296287580171699
0.5218240260945822
0.5171681108496563
0.527122644922249
0.5220145707369588
0.5167532483745425
0.5260955219564377
0.5305052481108072
0.5487580593458612
0.5241895138288154
0.5172898735320696
0.515879588652285
0.5027980083415395
0.5211097983295052
0.5125718170934987
0.5016364291468407
0.5187765549806153
0.5236457149123612
0.5102354228847806
0.5021582693448735
0.5300734140989081
0.5118034677380638
0.5377304316907171
0.527548925506123
0.51784958639034
0.5603934009362259
0.5210146362173567
0.5169173859249913
0.5162096775766505
0.5267172433006556
0.5153277251773826
0.5201656491897215
0.5392704159108632
0.5070603284662474
0.5239066495340727
0.5298732660344093
0.5248285343343151
0.5126519640125331
0.5150843682867798
0.524091458954618
0.5172146367847019
0.5115148997535138
0.5438460754435852
0.5133413507171098
0.5143088997506167
0.5302367026977509
0.523865398099533
0.513129901936793
0.5708878030648831
0.5247870376285102
0.5095495700261183
0.5060094901854685
0.5450299991691879
0.5177696922812813
0.506012944200994
0.5084518969852185
0.5188149164146264
0.5349776873010549
0.5108331413152849
0.5182762278036682
0.5132772567766741
0.5206008667801191
0.49462905770055865
0.5097850729888443
0.5092372304560707
0.5180344432497234
0.5138829320251626
0.5086841203126283
0.5075349462971037
0.5072905261576676
0.5189434637929462
0.5211990567884386
0.5085815364040409
0.5011318785671791
0.5195952973321347
0.5076677149112345
0.525237267700479
0.5134115482007446
0.5062513276648036
0.5202846340026411
0.5445158772460366
0.5151684267619635
0.5112380767045678
0.5130979956671846
0.49770304536347043
0.5326075059273636
0.5199652370216488
0.5139052828801226
0.5097643853538845
0.5418018263678283
0.532498593423888
0.5164557156462825
0.5222839868922085
0.5097747353170918
0.5250123145907782
0.5058737222384926
0.5184971568367882
0.5181718708578276
0.4991097212129627
0.5201118365317229
0.4997140349401459
0.507659022904111
0.5464834449807979
0.5142867456081047
0.51434950317562
0.5045835691749262
0.5115387548377672
0.5287781978895195
0.5072860736858055
0.5185829498645078
0.5152295774482324
0.5136427111068846
0.5053346409211197
0.5160697638902517
0.5149142781483897
0.5057225078553726
0.5147879424448799
0.5210930711944286
0.5285445969856946
0.5092524623225027
0.5155818993880484
0.5126040645262495
0.52048625322828
0.49561576494711995
0.5022822429480618
0.5145307516773442
0.5202385479511538
0.5384082484703753
0.5202003180087
0.5060414441975567
0.5235712102524004
0.502771569603501
0.5147536218010927
0.5202191667948438
0.5181066947956332
0.5154300283121928
0.5146921886678137
0.5111295860873237
0.5090080786514783
0.5370567835458641
0.5103470703604421
0.5021011080894557
0.5355608165196328
0.5205769676189073
0.5011279124834056
0.5170258435341821
0.5251596259612455
0.5177437262094112
0.5126468784027705
0.5308911881329303
0.5125732939893707
0.5102564997542017
0.5249097350538792
0.5281901744519173
0.4964062215936064
0.5430891710680005
0.5192791534278658
0.5182159458103449
0.5055588478815001
0.512146177843218
0.5205193406939245
0.5312957222907697
0.5055469902254024
0.5128762312782263
0.5353364608202509
0.5512064037071867
0.5012350812532366
0.5047894123599512
0.527700070069099
0.5425728242083359
0.5076497141889801
0.543833547793228
0.5609848727008584
0.5327075824995802
0.5421189581154294
0.49998826141667196
0.5039256139510102
0.5170357471741568
0.5221861889775107
0.53339023122553
0.5376231342224753
0.5014101812361305
0.5057373043291775
0.5048944221191861
0.5232779548374348
0.5332454760117717
0.531340913488342
0.5126986773663633
0.516549846456901
0.49940971020594066
0.5001790326614214
0.5114862968878833
0.5170395972994986
0.5213030996851941
0.5199694393592708
0.5252867129545183
0.5023152254038021
0.5011294347885449
0.5151754746099579
0.5181926979616659
0.524888893954799
0.5087588199635762
0.5301121525381988
0.5037695878181466
0.5177661964710512
0.5186479134818595
0.5280058234273094
0.5179061959549799
0.5244023456805592
0.5403758411641678
0.5023840893958859
0.5246199212256043
0.5232366622246823
0.5118800031393319
0.5354521958830379
0.5025803788599599
0.505400558115057
0.5051267643209673
0.5334122497258688
0.5291933991467175
0.5198443199504496
0.5138167395147086
0.5308888311562698
0.5279279795402579
0.5295327081745766
0.5250778756676717
0.5134997650537819
0.5319237357340686
0.5604278837989772
0.54102335879905
0.5379508354542546
0.5415187679049455
0.5496399710441772
0.5197466207442243
0.5286231632736651
0.49703411799053204
0.5116383242657254
0.5281445879947508
0.5241258210822953
0.5225250577865531
0.5595136189546938
0.5365849231441878
0.550477725696433
0.5199475350172821
0.5284217864222425
0.5206676976129074
0.530773063425838
0.5261333995079229
0.530479242797429
0.5279882243528456
0.5199121434565288
0.5276100557316997
0.5105254426154179
0.5136055417001454
0.5337949191518483
0.5103938459066523
0.5191693504339411
0.5222924600918689
0.5221387868221777
0.5214647127425283
0.5169616418796282
0.5213546426791963
0.531845881158837
0.5434870841697467
0.5165950020132227
0.5128478057111356
0.5128661384395152
0.5108639292585387
0.5326910613216163
0.5439867436976823
0.529790138317698
0.515874546585294
0.5116325724156223
0.5205118567937449
0.5206816878789575
0.5236522806797359
0.5208925681827353
0.5164592298816642
0.5021216098643975
0.522658940506495
0.5090244605462376
0.5187943657084029
0.5156173854168818
0.5114220976360646
0.5002611773397976
0.5228137751955317
0.5113290714039951
0.5067954514591455
0.5358531877895507
0.5111652211697196
0.511320855759323
0.519958156973607
0.5199507305005177
0.52085349087404
0.5102796316022055
0.509101449425041
0.5099760955301457
0.5095564209540946
0.505505555714144
0.5118230486334557
0.5353290736811442
0.5295854796665672
0.5220433666292382
0.5273078706321673
0.5124722670498408
0.5505391241810692
0.5324975674538588
0.5176570919730834
0.5072643517177343
0.5147226741239664
0.5414236517464964
0.5175406319492769
0.5128596057615799
0.5326047752562407
0.5209408266655201
0.5132902916868853
0.542230940135381
0.5209129808720228
0.5182460020620827
0.5283590628189023
0.5147323177892135
0.5048287532229823
0.5213458731929455
0.5209868772161187
0.5291169816613246
0.5155154671015455
0.5291954354743219
0.5102338308500739
0.5168989857668802
0.511838947842346
0.5175505412330231
0.5056816362687139
0.5304454075710585
0.5123579516430229
0.5179029125717787
0.5055194468633899
0.5254762911452026
0.5045048271519152
0.5199643690277719
0.5298444375063629
0.5048964212541587
0.5203124340743225
0.5067563467093124
0.54031698288198
0.5285188230956575
0.5232550807507315
0.5339377737719905
0.5135626394830265
0.5187232784286822
0.5259248893548852
0.5381212945485003
0.5642818173173285
0.5190539153333618
0.5249377474676151
0.5028034464630711
0.5244845119795348
0.5153292496126256
0.5238202934021723
0.512936640840658
0.5088779530545462
0.5078751567210834
0.5140286108504925
0.5104522739271519
0.5107396840683115
0.5248295661220739
0.5115735481249376
0.5063230081490945
0.5142191086659368
0.5299361458704138
0.5298038810804688
0.5152344149145918
0.5036245544776757
0.5218185016897909
0.5320120595225349
0.5296197754578027
0.5008250259461225
0.5351205947413212
0.558659673090223
0.5262884660876777
0.5103688753457681
0.5121204450642893
0.5114538472596306
0.5441007982674743
0.5098242204135847
0.5507231943350015
0.5290260587389602
0.5277156839377459
0.5241552818673215
0.5415066644834378
0.5239482488471521
0.5128608276579729
0.5176741108233108
0.5290933706132103
0.5378065422046195
0.5032053269627863
0.5260662925322266
0.5268601961639889
0.5353488011108956
0.5091520865664401
0.5280663608233079
0.5310500499151252
0.5176307173622599
0.5131638512628537
0.5232536971202442
0.5035507095064401
0.5346076178190639
0.513293921793626
0.5195741669365372
0.5051938601258533
0.5254649651469024
0.5098512968128298
0.5132211229278948
0.5224511067717591
0.5274194274523429
0.5229519234154684
0.5267552435635018
0.5188424961564828
0.543286649299716
0.5270615467384777
0.5158925674366279
0.5246179275681171
0.5326886301162935
0.5113241702090188
0.4989178579036633
0.5349428459582519
0.5147481882348423
0.5379105362281967
0.521253632239116
0.5247251946919604
0.5307669753952663
0.5349019844193221
0.5287915804350145
0.5356669551495759
0.5073331836067758
0.5229414922394087
0.546217306129238
0.5333901654537947
0.5232227045478322
0.5274054993480096
0.5454801752477431
0.525938570277331
0.5302568826409606
0.5167306036835478
0.5276469502313624
0.5286656698761635
0.4975858226408674
0.5574732945897478
0.5441987946288831
0.5328343671708818
0.5232151829434054
0.5323370075158042
0.5196932211455912
0.522247634491293
0.5210976636567607
0.5134616527050594
0.5465753336574083
0.5534861572963262
0.5429978768059285
0.5265206705942878
0.5471050035254609
0.5176123748973462
0.5581527818002655
0.5504422630279306
0.5595350688253443
0.5321507152687867
0.526244815401587
0.5187941156209716
0.5070079007444123
0.5193058548377347
0.5041313880517068
0.506520044995573
0.5076324344632085
0.5303666674374016
0.5388949585195462
0.5019472490661303
0.5191899498091179
0.5401722397510635
0.543545858644595
0.5324620162509949
0.5110188374245497
0.5292962008715697
0.5486721036166535
0.5262758890290599
0.50309625035325
0.5119433184856388
0.5023552777384943
0.5131855266829157
0.5123978403778754
0.5196058255809097
0.5149426381162382
0.513529661276221
0.529040785612338
0.5249364268648018
0.5192579825939266
0.5148942411396423
0.5199499648027942
0.5267560277093342
0.5099458933717881
0.5287611985960212
0.5084801498832126
0.5231942356453753
0.5568644253022026
0.5395584826187011
0.528845502079164
0.5127627566948746
0.5259781967179097
0.5429413542751764
0.5091414115920935
0.5243555973143932
0.5311093125137838
0.5166247687662981
0.5114406013792345
0.5133294127742718
0.5537552790804057
0.5233755822687289
0.5379374107596641
0.5258432472825871
0.5034462767405274
0.5117415832635411
0.49872002673116267
0.5129790653309979
0.5168169300332965
0.5064505397906008
0.5138416121497014
0.5094623926890801
0.5010149137485334
0.5265708171120648
0.5114816808939017
0.520593332438784
0.504548433253674
0.5077446402565229
0.5232302264022338
0.5081546353377324
0.5261532878024083
0.5022435480232235
0.5290918550793382
0.5115707852751066
0.5246805586860547
0.5142977434145031
0.5233681079207353
0.5572480621512735
0.5301555185128879
0.5353224935506443
0.5115319168297093
0.5246615601838535
0.5167650232385712
0.5197264302939453
0.5129704609124146
0.523238406755026
0.5043368287373605
0.5099081403177624
0.5170272854851095
0.5194701795207435
0.5155045331270232
0.5210595109144195
0.5197854204223766
0.5188624871938619
0.5078585081179919
0.5175985762554342
0.5189130071538187
0.5118237813396685
0.5295251901421427
0.4949676194687726
0.5049446973557865
0.5189090462804504
0.5051505294758811
0.5155740835010515
0.526758528309285
0.5255917574575805
0.5061995052073992
0.5318856469121626
0.5135837873808726
0.5126373042985731
0.5469292394336625
0.520850793132076
0.5117471516016165
0.525144283599681
0.5139183349443913
0.4993665751829842
0.5186774809130841
0.5053475537420196
0.5179443659991285
0.5153038773034653
0.517832283407814
0.49540310860124126
0.5096713249436832
0.5082894154133938
0.5044066259690252
0.5212747788256179
0.5180752557923199
0.5109314227838992
0.5033746392542631
0.49673859406549653
0.4994855780636775
0.5287886224986806
0.5117748203784449
0.5077826595521362
0.5132990030161045
0.51174273578273
0.5073619731808684
0.5083126053644337
0.5153617665662122
0.5279726812669769
0.5254253430155393
0.5017798742658316
0.5030975809145138
0.5057788314259564
0.5186858839875034
0.5332777849121054
0.5153493176409595
0.5073610953172243
0.5187258210250837
0.5173727002897043
0.5060030882346334
0.5147910697654352
0.524300940062855
0.5083980913100719
0.5063214669893166
0.5357701777775554
0.5131382656755106
0.5234510337749672
0.5131025570852926
0.5134281550403407
0.49982714711385023
0.516280048077839
0.5131806833449568
0.5172933886803165
0.5046764263540656
0.5318175011059079
0.5231029568324534
0.5074816962002098
0.5107116905050906
0.5494450512957044
0.5061337485662178
0.5062961401713043
0.5071807488080896
0.5305433480184186
0.5117694940676819
0.5161690280051832
0.5060470693433545
0.5093071206792507
0.5146309818154038
0.5068326136299064
0.5219898292265704
0.4938377582823118
0.5047472278122667
0.5092127762407985
0.5169072877241828
0.5037495609953856
0.5442920076882399
0.513407566100833
0.5169682104052205
0.5156671614164403
0.5190540366760694
0.5250764608427708
0.5066960077974787
0.508309051560869
0.5022467873970767
0.5263659436197587
0.543009011647563
0.5297722570648575
0.5325719992342652
0.5093683012085284
0.5101984905620728
0.5114714450275291
0.5100682520412584
0.5076985372714333
0.5277173028815926
0.5399956158009857
0.5152143265479667
0.5253050004005073
0.5306691239402088
0.585296027915899
0.5147093587514158
0.5217741457366936
0.5177124104822721
0.5375801282091058
0.5171779612158683
0.5219633261176891
0.5109867210871452
0.5152508199158445
0.5082333329000682
0.5114919441168453
0.5172001094770478
0.5284973215829605
0.504180637223743
0.5164116516512153
0.5081264532160427
0.5232897817921693
0.5171129158942106
0.5146539076690723
0.5268630001389554
0.5067379691883063
0.5153578834214946
0.5195573016358296
0.509919994377829
0.5485758507358058
0.5170569394346907
0.5053911089698055
0.5271332398060609
0.5143793030884654
0.510198720875047
0.5171285747672143
0.5302725374900131
0.5452671836251817
0.5390177610150558
0.5343584450602551
0.5238300343401677
0.5039273695057906
0.5288796747299839
0.5024808528615754
0.5259170696084702
0.5213689654392557
0.5221160148809022
0.524996822559628
0.5075636747294184
0.5556363881367338
0.5195763287223402
0.5046929535333892
0.533160521281492
0.5142180031517963
0.4964426242265564
0.4970232501139031
0.5282229621251568
0.5133840628471983
0.5195864946039356
0.508344368906349
0.5033258870056825
0.5190283355418797
0.519550272401374
0.5223396348219397
0.5332491398632242
0.5148797526939397
0.5045991956971101
0.5153796578463592
0.5006850154814024
0.5173109898358969
0.5078478683154068
0.5355237454348633
0.5183950292932655
0.5142202315517368
0.5289429045569061
0.5088638753260022
0.5083792118060995
0.5270951925992632
0.5253189236943627
0.5192304459337601
0.5338541852067348
0.5214638878288483
0.5253804358776754
0.5058566313760511
0.5162834811157602
0.517092019937597
0.5159846900202432
0.5087215605231122
0.4996473551741554
0.5458668108359634
0.5337825789520697
0.5284420185153158
0.5179805639646055
0.51045095028867
0.5192526037331024
0.5127624585640381
0.5141750153591238
0.5108886495762807
0.5009972416715425
0.5572192634638173
0.5295165282480976
0.5205685741658461
0.5059782898986991
0.5157803253655956
0.5236291276597037
0.5293217563640837
0.5307136381755025
0.5260464516053002
0.5026746022979002
0.5141203502287994
0.5250740153961446
0.5103917299067185
0.5228006028311952
0.5127440644652909
0.5224751237834937
0.5176069121358708
