0.6111005149723441
0.6481022315468243
0.6819568949074957
0.695403395002861
0.7089452603471295
0.7091359908449361
0.7024604234217051
0.7030326149151249
0.7095174518405493
0.700839214190349
0.7092313560938394
0.7118062178142285
0.7115201220675186
0.7150486362769407
0.723726873927141
0.7208659164600419
0.7275414838832729
0.7279229448788861
0.7325004768262445
0.7316421895861148
0.7303070761014686
0.7316421895861148
0.7334541293152775
0.7275414838832729
0.7393667747472821
0.741560175472058
0.746042342170513
0.7453747854281899
0.7427045584588976
0.7429906542056075
0.7417509059698646
0.7445164981880603
0.7399389662407019
0.7429906542056075
0.739652870493992
0.7395575052450887
0.7430860194545108
0.7476635514018691
0.7483311081441922
0.7471867251573526
0.7465191684150295
0.7469006294106427
0.7473774556551592
0.7529086400915507
0.7500476826244517
0.7490940301354186
0.7476635514018691
0.737745565515926
0.7440396719435438
0.7432767499523174
0.7508106046156781
0.7482357428952889
0.7508106046156781
0.7483311081441922
0.7533854663360672
0.7553881365630364
0.7509059698645814
0.7485218386419988
0.7443257676902537
0.7507152393667748
0.7471867251573526
0.7433721152012207
0.7379362960137326
0.7469006294106427
0.7454701506770932
0.739652870493992
0.7448025939347702
0.7477589166507724
0.7515735266069045
0.7521457181003243
0.7521457181003243
0.7459469769216097
0.7466145336639328
0.7456608811748998
0.7488079343887087
0.7374594697692161
0.7452794201792867
0.7494754911310318
0.7543391188251002
0.7487125691398054
0.7508106046156781
0.7483311081441922
0.7515735266069045
0.746995994659546
0.7456608811748998
0.7508106046156781
0.7482357428952889
0.7469006294106427
0.7514781613580012
0.7477589166507724
0.7495708563799351
0.7496662216288384
0.7480450123974823
0.7443257676902537
0.7457562464238031
0.744421132939157
0.7465191684150295
0.7492847606332252
0.7437535761968339
0.7509059698645814
0.7514781613580012
0.7525271790959375
0.7337402250619874
0.7473774556551592
0.7523364485981309
0.753004005340454
0.7477589166507724
0.7548159450696166
0.7499523173755483
0.7463284379172229
0.7495708563799351
0.7437535761968339
0.756532519549876
0.7594888422658783
0.7529086400915507
0.753004005340454
0.7427045584588976
0.7489986648865153
0.7491893953843219
0.7477589166507724
0.7493801258821285
0.7523364485981309
0.7540530230783903
0.750143047873355
0.7487125691398054
0.746995994659546
0.7513827961090979
0.750143047873355
0.7504291436200649
0.7470913599084493
0.7541483883272936
0.7504291436200649
0.7540530230783903
0.7526225443448408
0.7526225443448408
0.7548159450696166
0.7513827961090979
0.7484264733930955
0.7475681861529658
0.7514781613580012
0.7487125691398054
0.7487125691398054
0.7411787144764448
0.7517642571047111
0.7504291436200649
0.7411787144764448
0.7452794201792867
0.7475681861529658
0.7494754911310318
0.7462330726683196
0.7473774556551592
0.7478542818996757
0.747949647148579
0.744421132939157
0.740606522983025
0.7489986648865153
0.7469006294106427
0.7525271790959375
0.7510013351134847
0.7477589166507724
0.7483311081441922
0.7499523173755483
0.7487125691398054
0.7421323669654778
0.7516688918558078
0.7522410833492276
0.7452794201792867
0.7459469769216097
0.7515735266069045
0.7551974060652298
0.7466145336639328
0.7437535761968339
0.7353614342933436
0.7467098989128361
0.7458516116727064
0.7449933244325768
0.7461377074194163
0.7491893953843219
0.748903299637612
0.7500476826244517
0.7489986648865153
0.7464238031661262
0.7480450123974823
0.7495708563799351
0.7462330726683196
0.7508106046156781
0.749856952126645
0.7451840549303834
0.7440396719435438
0.7491893953843219
0.7457562464238031
0.7496662216288384
0.7532901010871639
0.7507152393667748
0.7512874308601946
0.7443257676902537
0.7493801258821285
0.7543391188251002
0.7454701506770932
0.7543391188251002
0.7469006294106427
0.7516688918558078
0.7428952889567042
0.7459469769216097
0.746995994659546
0.7491893953843219
0.7517642571047111
0.751096700362388
0.7493801258821285
0.7492847606332252
0.7437535761968339
0.7412740797253481
0.7448979591836735
0.7449933244325768
0.7510013351134847
0.7465191684150295
0.747949647148579
0.7448025939347702
0.7500476826244517
0.7461377074194163
0.747949647148579
0.7515735266069045
0.7334541293152775
0.7346938775510204
0.7427045584588976
0.7505245088689682
0.7442304024413504
0.7483311081441922
0.7526225443448408
0.7438489414457372
0.7449933244325768
0.7495708563799351
0.7383177570093458
0.7489986648865153
0.7445164981880603
0.7424184627121877
0.7512874308601946
0.7470913599084493
0.7416555407209613
0.7480450123974823
0.7530993705893573
0.7489986648865153
0.7423230974632844
0.7477589166507724
0.7419416364676712
0.7467098989128361
0.7435628456990273
0.7474728209040625
0.7499523173755483
0.7433721152012207
0.753957657829487
0.7468052641617394
0.7402250619874118
0.7463284379172229
0.738699218004959
0.7363150867823764
0.7488079343887087
0.7480450123974823
0.7465191684150295
0.7502384131222583
0.7495708563799351
0.7492847606332252
0.7504291436200649
0.7446118634369636
0.7484264733930955
0.7366011825290864
0.7448979591836735
0.7468052641617394
0.7445164981880603
0.7446118634369636
0.7480450123974823
0.7556742323097463
0.7515735266069045
0.7496662216288384
0.7439443066946405
0.7469006294106427
0.7380316612626359
0.749856952126645
0.7418462712187679
0.7523364485981309
0.7489986648865153
0.7475681861529658
0.7397482357428953
0.7467098989128361
0.7510013351134847
0.7528132748426474
0.7457562464238031
0.7537669273316804
0.7505245088689682
0.750143047873355
0.7510013351134847
0.7470913599084493
0.7474728209040625
0.7517642571047111
0.7448025939347702
0.7523364485981309
0.748903299637612
0.7519549876025177
0.7427999237078009
0.7530993705893573
0.7440396719435438
0.7536715620827771
0.7495708563799351
0.7449933244325768
0.7445164981880603
0.7459469769216097
0.7516688918558078
0.750143047873355
0.7536715620827771
0.7559603280564562
0.7537669273316804
0.7508106046156781
0.7476635514018691
0.7526225443448408
0.7514781613580012
0.757486172038909
0.7552927713141331
0.7493801258821285
0.7499523173755483
0.7507152393667748
0.7545298493229068
0.750143047873355
0.7564371543009727
0.7504291436200649
0.7589166507724585
0.7564371543009727
0.7515735266069045
0.7548159450696166
0.753004005340454
0.7536715620827771
0.7466145336639328
0.752050352851421
0.7538622925805837
0.7530993705893573
0.7507152393667748
0.7495708563799351
0.7516688918558078
0.7513827961090979
0.7461377074194163
0.746995994659546
0.7450886896814801
0.7526225443448408
0.7573908067900057
0.7540530230783903
0.7519549876025177
0.7496662216288384
0.744421132939157
0.7451840549303834
0.7471867251573526
0.7475681861529658
0.7497615868777417
0.7435628456990273
0.7500476826244517
0.7484264733930955
0.746995994659546
0.7524318138470342
0.7557695975586496
0.7475681861529658
0.7511920656112913
0.7472820904062559
0.7469006294106427
0.7506198741178715
0.7463284379172229
0.7432767499523174
0.7490940301354186
0.7448025939347702
0.748903299637612
0.7513827961090979
0.7369826435246996
0.7446118634369636
0.7478542818996757
0.7496662216288384
0.7511920656112913
0.748903299637612
0.7457562464238031
0.7480450123974823
0.7512874308601946
0.7447072286858669
0.7448025939347702
0.7512874308601946
0.7469006294106427
0.7508106046156781
0.7530993705893573
0.7491893953843219
0.7524318138470342
0.7530993705893573
0.7405111577341217
0.748903299637612
0.7529086400915507
0.7509059698645814
0.7470913599084493
0.7335494945641808
0.750143047873355
0.7504291436200649
0.7534808315849705
0.7428952889567042
0.7433721152012207
0.7436582109479306
0.7489986648865153
0.7487125691398054
0.7496662216288384
0.7427999237078009
0.7571047110432958
0.7541483883272936
0.7506198741178715
0.7345031470532138
0.7459469769216097
0.7437535761968339
0.752050352851421
0.7538622925805837
0.7504291436200649
0.7493801258821285
0.7408926187297349
0.7491893953843219
0.7487125691398054
0.7478542818996757
0.7529086400915507
0.7523364485981309
0.7462330726683196
0.7521457181003243
0.7485218386419988
0.7439443066946405
0.753004005340454
0.7485218386419988
0.7468052641617394
0.7472820904062559
0.7499523173755483
0.7494754911310318
0.7544344840740035
0.7490940301354186
0.7536715620827771
0.7431813847034141
0.740606522983025
0.7478542818996757
0.7352660690444403
0.7505245088689682
0.746995994659546
0.751096700362388
0.7463284379172229
0.7510013351134847
0.7467098989128361
0.7469006294106427
0.7481403776463856
0.7441350371924471
0.7497615868777417
0.7509059698645814
0.7496662216288384
0.7410833492275415
0.7370780087736029
0.7443257676902537
0.750143047873355
0.7473774556551592
0.7492847606332252
0.737745565515926
0.7492847606332252
0.740606522983025
0.7450886896814801
0.7487125691398054
0.7381270265115392
0.7516688918558078
0.7463284379172229
0.7430860194545108
0.7499523173755483
0.740606522983025
0.7443257676902537
0.7508106046156781
0.7465191684150295
0.741560175472058
0.7446118634369636
0.7545298493229068
0.7417509059698646
0.7421323669654778
0.7471867251573526
0.7430860194545108
0.7522410833492276
0.749856952126645
0.7430860194545108
0.7478542818996757
0.7480450123974823
0.7513827961090979
0.7480450123974823
0.7461377074194163
0.7544344840740035
0.7514781613580012
0.7374594697692161
0.7407018882319283
0.7401296967385085
0.7491893953843219
0.7454701506770932
0.7412740797253481
0.7492847606332252
0.750143047873355
0.7450886896814801
0.7490940301354186
0.7441350371924471
0.7445164981880603
0.7480450123974823
0.7521457181003243
0.7516688918558078
0.7471867251573526
0.7543391188251002
0.7472820904062559
0.7478542818996757
0.7508106046156781
0.7525271790959375
0.7510013351134847
0.7509059698645814
0.7476635514018691
0.7578676330345222
0.7442304024413504
0.7457562464238031
0.7510013351134847
0.7515735266069045
0.7547205798207133
0.7543391188251002
0.7513827961090979
0.7537669273316804
0.7408926187297349
0.7427999237078009
0.7554835018119397
0.7477589166507724
0.7506198741178715
0.7448025939347702
0.7512874308601946
0.7490940301354186
0.7483311081441922
0.7437535761968339
0.7510013351134847
0.7485218386419988
0.736791913026893
0.743467480450124
0.7542437535761969
0.7448979591836735
0.7456608811748998
0.7503337783711616
0.7433721152012207
0.7480450123974823
0.7486172038909021
0.7560556933053595
0.7495708563799351
0.7468052641617394
0.7492847606332252
0.746995994659546
0.7511920656112913
0.7400343314896052
0.7504291436200649
0.7392714094983788
0.7494754911310318
0.7485218386419988
0.7513827961090979
0.7409879839786382
0.7465191684150295
0.7442304024413504
0.7514781613580012
0.7446118634369636
0.7413694449742514
0.7477589166507724
0.7346938775510204
0.7557695975586496
0.7433721152012207
0.7442304024413504
0.7473774556551592
0.7440396719435438
0.7421323669654778
0.7505245088689682
0.7427045584588976
0.742513827961091
0.7500476826244517
0.7495708563799351
0.7439443066946405
0.7518596223536144
0.7379362960137326
0.7533854663360672
0.7485218386419988
0.7456608811748998
0.753004005340454
0.746042342170513
0.7492847606332252
0.7508106046156781
0.7500476826244517
0.7435628456990273
0.7502384131222583
0.7401296967385085
0.7485218386419988
0.7494754911310318
0.746995994659546
0.7450886896814801
0.7503337783711616
0.7531947358382606
0.7427999237078009
0.7509059698645814
0.7472820904062559
0.7522410833492276
0.7447072286858669
0.7395575052450887
0.7364104520312797
0.743467480450124
0.7424184627121877
0.7466145336639328
0.7445164981880603
0.7207705512111386
0.7467098989128361
0.7384131222582491
0.7397482357428953
0.748903299637612
0.7481403776463856
0.7497615868777417
0.7388899485027656
0.7467098989128361
0.7450886896814801
0.7461377074194163
0.7514781613580012
0.7260156399008202
0.752050352851421
0.746995994659546
0.7502384131222583
0.7452794201792867
0.7445164981880603
0.741560175472058
0.7304024413503719
0.7484264733930955
0.748903299637612
0.7464238031661262
0.742513827961091
0.7538622925805837
0.7533854663360672
0.7546252145718101
0.7487125691398054
0.7537669273316804
0.7548159450696166
0.7468052641617394
0.7471867251573526
0.7390806790005722
0.7549113103185199
0.7437535761968339
0.7581537287812321
0.7517642571047111
0.7500476826244517
0.736505817280183
0.7541483883272936
0.7522410833492276
0.7441350371924471
0.7493801258821285
0.753957657829487
0.7508106046156781
0.7431813847034141
0.7508106046156781
0.7424184627121877
0.7340263208086973
0.7508106046156781
0.7508106046156781
0.7466145336639328
0.7315468243372115
0.7536715620827771
0.7487125691398054
0.7495708563799351
0.7575815372878123
0.7454701506770932
0.7427999237078009
0.7503337783711616
0.7559603280564562
0.7482357428952889
0.7522410833492276
0.749856952126645
0.749856952126645
0.7544344840740035
0.7391760442494755
0.7482357428952889
0.7439443066946405
0.7518596223536144
0.7556742323097463
0.753004005340454
0.7395575052450887
0.7583444592790387
0.7493801258821285
0.7505245088689682
0.7439443066946405
0.7410833492275415
0.7517642571047111
0.7556742323097463
0.7477589166507724
0.7454701506770932
0.7466145336639328
0.7278275796299828
0.7491893953843219
0.7521457181003243
0.7563417890520694
0.7429906542056075
0.7333587640663742
0.7531947358382606
0.7481403776463856
0.7459469769216097
0.7489986648865153
0.7509059698645814
0.7510013351134847
0.753004005340454
0.7410833492275415
0.7495708563799351
0.7525271790959375
0.7487125691398054
0.7464238031661262
0.7507152393667748
0.7401296967385085
0.7438489414457372
0.7489986648865153
0.7482357428952889
0.7513827961090979
0.7528132748426474
0.7482357428952889
0.7491893953843219
0.7433721152012207
0.7308792675948884
0.7442304024413504
0.7464238031661262
0.727255388136563
0.7313560938394049
0.746042342170513
0.7551974060652298
0.7534808315849705
0.7441350371924471
0.7508106046156781
0.7397482357428953
0.7468052641617394
0.738699218004959
0.7489986648865153
0.7405111577341217
0.7455655159259965
0.7355521647911502
0.7433721152012207
0.7558649628075529
0.7409879839786382
0.7568186152965859
0.750143047873355
0.7492847606332252
0.7519549876025177
0.743467480450124
0.712283044058745
0.7392714094983788
0.7435628456990273
0.7436582109479306
0.7465191684150295
0.742513827961091
0.7357428952889568
0.7394621399961854
0.7471867251573526
0.7530993705893573
0.7427045584588976
0.7483311081441922
0.7500476826244517
0.7424184627121877
0.7436582109479306
0.71705130650391
0.7190539767308792
0.7394621399961854
0.7463284379172229
0.7421323669654778
0.748903299637612
0.7485218386419988
0.7470913599084493
0.7364104520312797
0.7191493419797825
0.7247758916650773
0.7432767499523174
0.7432767499523174
0.7510013351134847
0.7517642571047111
0.7497615868777417
0.70780087736029
0.7099942780850658
0.7248712569139806
0.7394621399961854
0.7427045584588976
0.7307839023459851
0.7387945832538623
0.7450886896814801
0.7243944306694641
0.7447072286858669
0.7403204272363151
0.7404157924852184
0.7471867251573526
0.7223917604424948
0.7294487888613389
0.7401296967385085
0.7484264733930955
0.7449933244325768
0.744421132939157
0.7420370017165745
0.7400343314896052
0.7448025939347702
0.7380316612626359
0.7462330726683196
0.7337402250619874
0.7505245088689682
0.7356475300400535
0.7376502002670227
0.7437535761968339
0.749856952126645
0.7345031470532138
0.746042342170513
0.7336448598130841
0.7369826435246996
0.7466145336639328
0.7484264733930955
0.747949647148579
0.7389853137516689
0.7436582109479306
0.738699218004959
0.7445164981880603
0.7550066755674232
0.7473774556551592
0.7181956894907495
0.7459469769216097
0.753004005340454
0.7408926187297349
0.741560175472058
0.7493801258821285
0.7472820904062559
0.7375548350181194
0.7455655159259965
0.7447072286858669
0.742513827961091
0.7458516116727064
0.742513827961091
0.7307839023459851
0.7400343314896052
0.7440396719435438
0.7251573526606905
0.7252527179095938
0.7316421895861148
0.7532901010871639
0.7521457181003243
0.7262063703986268
0.7486172038909021
0.7357428952889568
0.7208659164600419
0.7332633988174709
0.7317375548350181
0.7214381079534617
0.7386038527560557
0.7463284379172229
0.7350753385466336
0.744421132939157
0.7344077818043105
0.7304024413503719
0.7450886896814801
0.7436582109479306
0.7531947358382606
0.7352660690444403
0.7247758916650773
0.7458516116727064
0.7516688918558078
0.741560175472058
0.746042342170513
0.7465191684150295
0.7441350371924471
0.721819568949075
0.7296395193591455
0.7420370017165745
0.7083730688537097
0.730116345603662
0.7427999237078009
0.7459469769216097
0.7337402250619874
0.7483311081441922
0.739652870493992
0.7526225443448408
0.7433721152012207
0.7204844554644287
0.723726873927141
0.7363150867823764
0.7430860194545108
0.7281136753766927
0.7235361434293344
0.7324051115773412
0.7323097463284379
0.7400343314896052
0.7200076292199122
0.7248712569139806
0.7346938775510204
0.7314514590883082
0.7468052641617394
0.721819568949075
0.7306885370970818
0.7333587640663742
0.7457562464238031
0.7388899485027656
0.7459469769216097
0.7345985123021171
0.7347892427999237
0.7380316612626359
0.749856952126645
0.7512874308601946
0.7388899485027656
0.7366011825290864
0.7426091932099943
0.7345031470532138
0.7427045584588976
0.7503337783711616
0.7499523173755483
0.7426091932099943
0.7241083349227542
0.7469006294106427
0.7325004768262445
0.7432767499523174
0.7524318138470342
0.7485218386419988
0.7342170513065039
0.7382223917604425
0.7499523173755483
0.7311653633415983
0.7185771504863627
0.7428952889567042
0.7495708563799351
0.7440396719435438
0.7455655159259965
0.7483311081441922
0.7532901010871639
0.7513827961090979
0.7489986648865153
0.7517642571047111
0.7423230974632844
0.7419416364676712
0.7345031470532138
0.738699218004959
0.7408926187297349
0.7583444592790387
0.7461377074194163
0.750143047873355
0.7378409307648293
0.7449933244325768
0.7497615868777417
0.748903299637612
0.7588212855235552
0.7517642571047111
0.7489986648865153
0.7437535761968339
0.7493801258821285
0.7353614342933436
0.7541483883272936
0.7504291436200649
0.7360289910356667
0.7424184627121877
0.7399389662407019
0.7458516116727064
0.738699218004959
0.7427999237078009
0.7387945832538623
0.747949647148579
0.7475681861529658
0.740606522983025
0.7326912073240511
0.7407972534808316
0.7505245088689682
0.7463284379172229
0.7514781613580012
0.7562464238031661
0.7590120160213618
0.7514781613580012
0.7484264733930955
0.7428952889567042
0.7506198741178715
0.744421132939157
0.7488079343887087
0.7467098989128361
0.7547205798207133
0.7462330726683196
0.7470913599084493
0.758439824527942
0.7262063703986268
0.7455655159259965
0.7560556933053595
0.7511920656112913
0.7535761968338738
0.744421132939157
0.747949647148579
0.7489986648865153
0.7511920656112913
0.7510013351134847
0.7211520122067518
0.7427999237078009
0.7534808315849705
0.7450886896814801
0.7305931718481785
0.741560175472058
0.7468052641617394
0.7428952889567042
0.7394621399961854
0.7499523173755483
0.7542437535761969
0.750143047873355
0.7395575052450887
0.7544344840740035
0.7394621399961854
0.7477589166507724
0.7445164981880603
0.7407018882319283
0.744421132939157
0.7516688918558078
0.7535761968338738
0.7521457181003243
