0.7143810795346176
0.7286858668701125
0.7871447644478352
0.791531565897387
0.7964905588403586
0.8151821476254053
0.807743658210948
0.819568949074957
0.8188060270837307
0.8247186725157353
0.8230020980354759
0.8264352469959947
0.8290101087163837
0.8262445164981881
0.8020217432767499
0.8315849704367728
0.8334922754148388
0.8345412931527751
0.8393095555979401
0.8301544917032233
0.8238603852756056
0.8389280946023269
0.8382605378600038
0.832920083921419
0.834827388899485
0.8299637612054167
0.8362578676330346
0.8363532328819379
0.8368300591264544
0.8347320236505817
0.8340644669082586
0.8333015449170322
0.8312988746900629
0.8377837116154874
0.8402632080869731
0.835113484646195
0.8362578676330346
0.8380698073621972
0.8353042151440015
0.8374022506198742
0.836067137135228
0.8140377646385657
0.8355903108907115
0.8347320236505817
0.8335876406637421
0.8368300591264544
0.8354949456418082
0.8342551974060652
0.8345412931527751
0.8371161548731643
0.8358764066374214
0.8314896051878695
0.8362578676330346
0.8352088498950982
0.8192828533282472
0.8365439633797445
0.821476254053023
0.8371161548731643
0.8361625023841313
0.8336830059126454
0.8366393286286478
0.8292962044630936
0.8299637612054167
0.8285332824718673
0.8327293534236124
0.8344459279038718
0.8373068853709709
0.8368300591264544
0.8376883463665841
0.835113484646195
0.8362578676330346
0.8356856761396148
0.8374976158687775
0.8393095555979401
0.8275796299828343
0.8367346938775511
0.8362578676330346
0.8369254243753577
0.8356856761396148
0.829105473965287
0.8337783711615487
0.8345412931527751
0.8296776654587068
0.8312035094411596
0.833873736410452
0.8364485981308412
0.8374022506198742
0.8330154491703223
0.8333015449170322
0.8349227541483883
0.8331108144192256
0.8334922754148388
0.8373068853709709
0.8322525271790959
0.8328247186725157
0.831966431432386
0.8342551974060652
0.8320617966812893
0.832920083921419
0.8364485981308412
0.8342551974060652
0.836067137135228
0.8381651726111005
0.8343505626549685
0.8358764066374214
0.8317757009345794
0.8334922754148388
0.8354949456418082
0.8352088498950982
0.836067137135228
0.8382605378600038
0.8340644669082586
0.8308220484455464
0.8335876406637421
0.8293915697119969
0.835113484646195
0.8353995803929049
0.8326339881747091
0.8314896051878695
0.8308220484455464
0.8334922754148388
0.8333969101659355
0.8334922754148388
0.8273888994850277
0.8359717718863247
0.8312988746900629
0.8393095555979401
0.8211901583063131
0.835113484646195
0.833873736410452
0.8307266831966431
0.8366393286286478
0.8235742895288957
0.8379744421132939
0.8347320236505817
0.832920083921419
0.833873736410452
0.8331108144192256
0.8347320236505817
0.8250047682624452
0.8336830059126454
0.8271028037383178
0.8366393286286478
0.8358764066374214
0.8181384703414076
0.8309174136944497
0.8226206370398627
0.8311081441922563
0.8299637612054167
0.8323478924279992
0.8350181193972916
0.832920083921419
0.8355903108907115
0.8279610909784475
0.8254815945069617
0.8358764066374214
0.8333969101659355
0.8314896051878695
0.8312035094411596
0.8335876406637421
0.8317757009345794
0.8363532328819379
0.834827388899485
0.833873736410452
0.8266259774938013
0.8356856761396148
0.8324432576769025
0.8375929811176808
0.8377837116154874
0.8180431050925043
0.8253862292580584
0.8264352469959947
0.8322525271790959
0.8249094030135419
0.8350181193972916
0.831012778943353
0.8333015449170322
0.829105473965287
0.8323478924279992
0.8301544917032233
0.8213808888041197
0.8285332824718673
0.8285332824718673
0.8333969101659355
0.8333015449170322
0.8324432576769025
0.8262445164981881
0.8350181193972916
0.8299637612054167
0.8327293534236124
0.8272935342361244
0.8208086973106999
0.826530612244898
0.8317757009345794
0.822716002288766
0.8189967575815373
0.8361625023841313
0.8330154491703223
0.8354949456418082
0.8375929811176808
0.8266259774938013
0.8299637612054167
0.8383559031089071
0.8316803356856761
0.8286286477207706
0.8328247186725157
0.8229067327865726
0.8277703604806409
0.834827388899485
0.8305359526988365
0.8308220484455464
0.8324432576769025
0.8316803356856761
0.8251001335113485
0.8334922754148388
0.8299637612054167
0.832920083921419
0.8330154491703223
0.8290101087163837
0.8333015449170322
0.825576959755865
0.8397863818424566
0.825576959755865
0.8355903108907115
0.8350181193972916
0.8266259774938013
0.8323478924279992
0.831966431432386
0.8363532328819379
0.8280564562273508
0.8332061796681289
0.8275796299828343
0.826530612244898
0.8272935342361244
0.8380698073621972
0.837020789624261
0.8302498569521266
0.8316803356856761
0.8292962044630936
0.8325386229258058
0.8335876406637421
0.8349227541483883
0.8361625023841313
0.8314896051878695
0.8251954987602518
0.8330154491703223
0.8359717718863247
0.8307266831966431
0.8339691016593553
0.8280564562273508
0.829105473965287
0.8248140377646386
0.8292008392141903
0.8353995803929049
0.8298683959565134
0.8245279420179287
0.8279610909784475
0.8344459279038718
0.831012778943353
0.8298683959565134
0.8324432576769025
0.8289147434674804
0.8307266831966431
0.827484264733931
0.8337783711615487
0.8341598321571619
0.8293915697119969
0.8328247186725157
0.8341598321571619
0.8209040625596032
0.8276749952317376
0.8301544917032233
0.8292962044630936
0.831012778943353
0.8219530802975396
0.8328247186725157
0.832920083921419
0.8333969101659355
0.831966431432386
0.8253862292580584
0.8253862292580584
0.8276749952317376
0.8309174136944497
0.8282471867251574
0.832920083921419
0.8301544917032233
0.8320617966812893
0.8239557505245089
0.8292008392141903
0.8340644669082586
0.8332061796681289
0.8303452222010299
0.8326339881747091
0.8344459279038718
0.8322525271790959
0.8268167079916079
0.8328247186725157
0.8264352469959947
0.831012778943353
0.8342551974060652
0.8327293534236124
0.8266259774938013
0.8342551974060652
0.8364485981308412
0.8272935342361244
0.8315849704367728
0.816994087354568
0.8339691016593553
0.8363532328819379
0.8350181193972916
0.8363532328819379
0.8333969101659355
0.8293915697119969
0.8269120732405112
0.826530612244898
0.8281518214762541
0.8207133320617966
0.8321571619301926
0.8328247186725157
0.8290101087163837
0.8327293534236124
0.8354949456418082
0.8339691016593553
0.8301544917032233
0.8352088498950982
0.8337783711615487
0.8355903108907115
0.8361625023841313
0.8247186725157353
0.828437917222964
0.8271028037383178
0.8286286477207706
0.8286286477207706
0.827484264733931
0.8352088498950982
0.8349227541483883
0.8342551974060652
0.8299637612054167
0.8349227541483883
0.8325386229258058
0.83005912645432
0.8354949456418082
0.8339691016593553
0.8328247186725157
0.8342551974060652
0.8330154491703223
0.8353042151440015
0.8343505626549685
0.8333015449170322
0.834827388899485
0.8312035094411596
0.837020789624261
0.823669654777799
0.8268167079916079
0.8248140377646386
0.8333015449170322
0.8356856761396148
0.8313942399389662
0.8313942399389662
0.8330154491703223
0.8272935342361244
0.8345412931527751
0.8349227541483883
0.822429906542056
0.8349227541483883
0.8355903108907115
0.835781041388518
0.833873736410452
0.8331108144192256
0.8328247186725157
0.8330154491703223
0.825576959755865
0.8367346938775511
0.8294869349609002
0.8321571619301926
0.8301544917032233
0.8271028037383178
0.8298683959565134
0.8326339881747091
0.8359717718863247
0.8363532328819379
0.8344459279038718
0.8312988746900629
0.836067137135228
0.8322525271790959
0.8349227541483883
0.8296776654587068
0.8327293534236124
0.831012778943353
0.8330154491703223
0.8285332824718673
0.8354949456418082
0.8341598321571619
0.8297730307076101
0.8334922754148388
0.831966431432386
0.8359717718863247
0.8323478924279992
0.835113484646195
0.8276749952317376
0.8322525271790959
0.8346366584016784
0.8292008392141903
0.8311081441922563
0.8256723250047683
0.8301544917032233
0.835113484646195
0.8308220484455464
0.8336830059126454
0.8297730307076101
0.8332061796681289
0.8330154491703223
0.83005912645432
0.8345412931527751
0.8292008392141903
0.8283425519740607
0.8341598321571619
0.8281518214762541
0.8268167079916079
0.8313942399389662
0.8349227541483883
0.8271981689872211
0.8292008392141903
0.8354949456418082
0.8165172611100515
0.8340644669082586
0.8333015449170322
0.8223345412931528
0.8232881937821858
0.8293915697119969
0.8273888994850277
0.8276749952317376
0.8332061796681289
0.8213808888041197
0.8298683959565134
0.8354949456418082
0.8287240129696738
0.8312035094411596
0.8283425519740607
0.8354949456418082
0.8320617966812893
0.8321571619301926
0.8353042151440015
0.8327293534236124
0.8253862292580584
0.8334922754148388
0.831012778943353
0.8266259774938013
0.8356856761396148
0.831012778943353
0.8311081441922563
0.8341598321571619
0.8361625023841313
0.8320617966812893
0.8341598321571619
0.8272935342361244
0.8219530802975396
0.8251954987602518
0.8316803356856761
0.8302498569521266
0.8339691016593553
0.8269120732405112
0.8240511157734122
0.8262445164981881
0.8264352469959947
0.8309174136944497
0.8344459279038718
0.831966431432386
0.8275796299828343
0.8335876406637421
0.8343505626549685
0.8303452222010299
0.8305359526988365
0.8294869349609002
0.8292962044630936
0.8334922754148388
0.8260537860003815
0.8362578676330346
0.8308220484455464
0.8296776654587068
0.8293915697119969
0.8286286477207706
0.8293915697119969
0.8273888994850277
0.8241464810223155
0.8352088498950982
0.8320617966812893
0.8235742895288957
0.8323478924279992
0.828437917222964
0.8302498569521266
0.8334922754148388
0.8328247186725157
0.8304405874499332
0.8365439633797445
0.8273888994850277
0.8279610909784475
0.8283425519740607
0.8306313179477398
0.8326339881747091
0.8321571619301926
0.8268167079916079
0.823669654777799
0.8302498569521266
0.8323478924279992
0.829105473965287
0.8327293534236124
0.8380698073621972
0.8297730307076101
0.8294869349609002
0.8304405874499332
0.8294869349609002
0.8347320236505817
0.825576959755865
0.8305359526988365
0.821762349799733
0.8293915697119969
0.8238603852756056
0.8259584207514782
0.8306313179477398
0.8325386229258058
0.8309174136944497
0.8353042151440015
0.834827388899485
0.821762349799733
0.8243372115201221
0.828437917222964
0.8333015449170322
0.8325386229258058
0.8341598321571619
0.8292962044630936
0.8397863818424566
0.8353042151440015
0.8352088498950982
0.8226206370398627
0.8298683959565134
0.8336830059126454
0.8318710661834827
0.828437917222964
0.8241464810223155
0.8299637612054167
0.8347320236505817
0.8285332824718673
0.8316803356856761
0.8353995803929049
0.8322525271790959
0.8353995803929049
0.8303452222010299
0.8287240129696738
0.8188060270837307
0.8325386229258058
0.8297730307076101
0.8262445164981881
0.8309174136944497
0.8353042151440015
0.8350181193972916
0.8287240129696738
0.827484264733931
0.8276749952317376
0.8334922754148388
0.829105473965287
0.8294869349609002
0.8312988746900629
0.8268167079916079
0.8312988746900629
0.8293915697119969
0.828437917222964
0.8231928285332825
0.825576959755865
0.8327293534236124
0.8149914171275987
0.8202365058172801
0.8314896051878695
0.836067137135228
0.8305359526988365
0.8345412931527751
0.8264352469959947
0.829105473965287
0.8317757009345794
0.8280564562273508
0.8266259774938013
0.8277703604806409
0.831012778943353
0.8256723250047683
0.8247186725157353
0.8275796299828343
0.8200457753194735
0.8353995803929049
0.7277322143810795
0.8292008392141903
0.8154682433721152
0.8136563036429525
0.8299637612054167
0.8312988746900629
0.828437917222964
0.8301544917032233
0.8063131794773984
0.8355903108907115
0.833873736410452
0.8211901583063131
0.8191874880793439
0.8324432576769025
0.8336830059126454
0.831966431432386
0.8249094030135419
0.8321571619301926
0.8311081441922563
0.8289147434674804
0.8286286477207706
0.8278657257295442
0.8263398817470914
0.8270074384894145
0.8285332824718673
0.822429906542056
0.8202365058172801
0.8270074384894145
0.8295823002098035
0.8292008392141903
0.8335876406637421
0.8321571619301926
0.8322525271790959
0.8292962044630936
0.8280564562273508
0.8268167079916079
0.8288193782185771
0.8345412931527751
0.8240511157734122
0.8298683959565134
0.8327293534236124
0.8273888994850277
0.8318710661834827
0.8309174136944497
0.8388327293534236
0.8245279420179287
0.834827388899485
0.8322525271790959
0.8315849704367728
0.837020789624261
0.8320617966812893
0.8311081441922563
0.831966431432386
0.8294869349609002
0.8262445164981881
0.826530612244898
0.8333969101659355
0.8173755483501812
0.8241464810223155
0.8155636086210185
0.8208086973106999
0.8267213427427046
0.8290101087163837
0.8301544917032233
0.8269120732405112
0.8305359526988365
0.8250047682624452
0.8316803356856761
0.8271981689872211
0.8352088498950982
0.8216669845508296
0.8251001335113485
0.8270074384894145
0.8260537860003815
0.825576959755865
0.8233835590310891
0.8302498569521266
0.8299637612054167
0.8280564562273508
0.8368300591264544
0.8225252717909594
0.8187106618348274
0.8282471867251574
0.8257676902536716
0.7338355903108907
0.8297730307076101
0.8288193782185771
0.8339691016593553
0.8343505626549685
0.8313942399389662
0.8305359526988365
0.831012778943353
0.827484264733931
0.8330154491703223
0.8295823002098035
0.8147053213808888
0.8312988746900629
0.8374976158687775
0.8323478924279992
0.8364485981308412
0.8312035094411596
0.8305359526988365
0.8330154491703223
0.8262445164981881
0.8333969101659355
0.8313942399389662
0.8318710661834827
0.8321571619301926
0.8303452222010299
0.8302498569521266
0.8237650200267023
0.8298683959565134
0.8326339881747091
0.8275796299828343
0.8230020980354759
0.8320617966812893
0.8054548922372687
0.8317757009345794
0.8315849704367728
0.8307266831966431
0.8311081441922563
0.8297730307076101
0.8349227541483883
0.8133702078962426
0.8339691016593553
0.8004005340453939
0.8344459279038718
0.828437917222964
0.8287240129696738
0.8350181193972916
0.8271981689872211
0.8294869349609002
0.832920083921419
0.8256723250047683
0.8330154491703223
0.8293915697119969
0.815086782376502
0.8241464810223155
0.8282471867251574
0.8176616440968911
0.8283425519740607
0.8252908640091551
0.8281518214762541
0.8350181193972916
0.8287240129696738
0.8317757009345794
0.8271981689872211
0.8317757009345794
0.8327293534236124
0.8295823002098035
0.8321571619301926
0.8228113675376693
0.8327293534236124
0.8176616440968911
0.8130841121495327
0.8189967575815373
0.8102231546824337
0.8206179668128933
0.8298683959565134
0.8314896051878695
0.8230020980354759
0.8259584207514782
0.8278657257295442
0.8263398817470914
0.8181384703414076
0.8256723250047683
0.8297730307076101
0.8324432576769025
0.8132748426473393
0.8270074384894145
0.8108907114247568
0.8256723250047683
0.8240511157734122
0.8197596795727636
0.8135609383940492
0.8287240129696738
0.8230974632843792
0.8318710661834827
0.8212855235552164
0.8314896051878695
0.8261491512492848
0.8333015449170322
0.7901964524127408
0.8256723250047683
0.8230974632843792
0.827484264733931
0.8293915697119969
0.8336830059126454
0.83005912645432
0.8292962044630936
0.8341598321571619
0.8301544917032233
0.8177570093457944
0.824623307266832
0.8317757009345794
0.8243372115201221
0.8273888994850277
0.8304405874499332
0.833873736410452
0.8350181193972916
0.8353042151440015
0.8271981689872211
0.8313942399389662
0.8251001335113485
0.8341598321571619
0.8307266831966431
0.8229067327865726
0.8288193782185771
0.8368300591264544
0.8311081441922563
0.8309174136944497
0.8344459279038718
0.8250047682624452
0.8193782185771505
0.8166126263589548
0.8198550448216669
0.8123211901583063
0.8295823002098035
0.8318710661834827
0.8325386229258058
0.8245279420179287
0.8309174136944497
0.8294869349609002
0.8293915697119969
0.8337783711615487
0.8218577150486363
0.8247186725157353
0.832920083921419
0.8312988746900629
0.8334922754148388
0.8295823002098035
0.8298683959565134
0.8345412931527751
0.822429906542056
0.8210947930574098
0.8288193782185771
0.8309174136944497
0.8292008392141903
0.8285332824718673
0.8201411405683768
0.8232881937821858
0.8235742895288957
0.8325386229258058
0.833873736410452
0.826530612244898
0.8312035094411596
0.8198550448216669
0.8330154491703223
0.8323478924279992
0.8312988746900629
0.8238603852756056
0.8100324241846272
0.8316803356856761
0.8267213427427046
0.8270074384894145
0.8269120732405112
0.7343124165554072
0.8221438107953462
0.8256723250047683
0.8238603852756056
0.8288193782185771
0.8245279420179287
0.8252908640091551
0.8262445164981881
0.8292008392141903
0.8292008392141903
0.8281518214762541
0.8352088498950982
0.8270074384894145
0.8272935342361244
0.8292962044630936
0.8285332824718673
0.8322525271790959
0.8314896051878695
0.8266259774938013
0.8216669845508296
0.825576959755865
0.8199504100705702
0.824623307266832
0.8247186725157353
0.8333015449170322
0.8288193782185771
0.7985885943162312
0.8216669845508296
0.8307266831966431
0.822716002288766
0.8292008392141903
0.8293915697119969
0.8292962044630936
0.8276749952317376
0.8287240129696738
0.8123211901583063
0.8369254243753577
0.8288193782185771
0.831012778943353
0.8296776654587068
0.8311081441922563
0.8293915697119969
0.8218577150486363
0.8345412931527751
0.8315849704367728
0.8200457753194735
0.8318710661834827
0.8349227541483883
0.8318710661834827
0.8180431050925043
0.831966431432386
0.8279610909784475
0.8345412931527751
0.8285332824718673
0.8315849704367728
0.8219530802975396
0.8343505626549685
0.8305359526988365
0.8331108144192256
0.8278657257295442
0.8123211901583063
0.8210947930574098
0.8232881937821858
0.8231928285332825
0.8258630555025749
0.8315849704367728
0.8207133320617966
0.8223345412931528
0.824623307266832
0.8297730307076101
0.8232881937821858
0.8253862292580584
0.8294869349609002
0.8317757009345794
0.8285332824718673
0.8297730307076101
0.8308220484455464
0.8325386229258058
0.8279610909784475
0.8130841121495327
0.8210947930574098
0.8317757009345794
0.8095555979401107
0.8248140377646386
0.7280183101277894
0.8324432576769025
0.8233835590310891
0.8207133320617966
0.8186152965859241
0.8241464810223155
0.8252908640091551
0.8243372115201221
0.8304405874499332
0.7964905588403586
0.8277703604806409
0.8270074384894145
0.8295823002098035
0.8258630555025749
0.832920083921419
0.8335876406637421
0.8324432576769025
0.8315849704367728
0.8315849704367728
0.8315849704367728
0.8349227541483883
0.8318710661834827
0.8225252717909594
0.8232881937821858
0.8267213427427046
0.829105473965287
0.8259584207514782
0.8290101087163837
0.8273888994850277
0.8230974632843792
0.835781041388518
0.8328247186725157
0.8292962044630936
0.8314896051878695
0.8289147434674804
0.8263398817470914
0.834827388899485
0.8321571619301926
0.83005912645432
0.8301544917032233
0.8222391760442495
0.8292962044630936
0.8282471867251574
0.8202365058172801
0.8187106618348274
0.8238603852756056
0.8327293534236124
0.8293915697119969
0.823669654777799
0.831966431432386
0.8305359526988365
0.8318710661834827
0.827484264733931
0.8251001335113485
0.8264352469959947
0.8251001335113485
0.8091741369444975
0.8311081441922563
0.8256723250047683
0.8277703604806409
0.8320617966812893
0.8204272363150867
0.8228113675376693
0.807743658210948
0.8262445164981881
0.8193782185771505
0.8215716193019263
0.8317757009345794
0.8252908640091551
0.8256723250047683
0.8012588212855235
0.8333015449170322
