0.5884035857333587
0.5944115964142667
0.6093839404920847
0.6186343696357047
0.6227350753385467
0.6239748235742896
0.6265496852946786
0.6276940682815182
0.6284569902727446
0.6293152775128743
0.6297921037573908
0.6302689300019073
0.6306503909975205
0.6309364867442304
0.6318901392332634
0.6322716002288766
0.6323669654777799
0.6319855044821667
0.6321762349799733
0.6329391569711997
0.6335113484646195
0.6336067137135228
0.6335113484646195
0.6331298874690063
0.6333206179668129
0.633988174709136
0.6342742704558458
0.6349418271981689
0.6352279229448788
0.6354186534426854
0.6353232881937821
0.6355140186915887
0.6353232881937821
0.6355140186915887
0.6359908449361052
0.635895479687202
0.6357047491893953
0.635895479687202
0.6358001144382986
0.635895479687202
0.635895479687202
0.6359908449361052
0.6360862101850085
0.635895479687202
0.6357047491893953
0.6358001144382986
0.6358001144382986
0.6358001144382986
0.6358001144382986
0.6358001144382986
0.6359908449361052
0.6360862101850085
0.6359908449361052
0.635895479687202
0.6357047491893953
0.6359908449361052
0.6359908449361052
0.635895479687202
0.635895479687202
0.6360862101850085
0.6358001144382986
0.6358001144382986
0.6358001144382986
0.6360862101850085
0.6360862101850085
0.6361815754339119
0.6362769406828152
0.6362769406828152
0.6363723059317185
0.6364676711806218
0.6364676711806218
0.6364676711806218
0.6363723059317185
0.6363723059317185
0.636563036429525
0.6367537669273317
0.636849132176235
0.6367537669273317
0.6366584016784284
0.6367537669273317
0.6367537669273317
0.636849132176235
0.6366584016784284
0.6366584016784284
0.6367537669273317
0.6367537669273317
0.636849132176235
0.636849132176235
0.636849132176235
0.636849132176235
0.6370398626740416
0.6370398626740416
0.6377074194163647
0.6377074194163647
0.6377074194163647
0.6376120541674614
0.6376120541674614
0.6377074194163647
0.6377074194163647
0.6376120541674614
0.6377074194163647
0.6378981499141713
0.6380888804119779
0.6380888804119779
0.6381842456608812
0.6381842456608812
0.6383749761586878
0.6383749761586878
0.6384703414075911
0.6384703414075911
0.6383749761586878
0.6383749761586878
0.6383749761586878
0.6384703414075911
0.6385657066564944
0.6382796109097845
0.6383749761586878
0.6381842456608812
0.6379935151630746
0.6380888804119779
0.6382796109097845
0.6381842456608812
0.6381842456608812
0.6381842456608812
0.6380888804119779
0.6380888804119779
0.6379935151630746
0.6378981499141713
0.6378981499141713
0.6377074194163647
0.637802784665268
0.6379935151630746
0.6379935151630746
0.6380888804119779
0.6381842456608812
0.6381842456608812
0.6382796109097845
0.6384703414075911
0.6385657066564944
0.6385657066564944
0.6386610719053977
0.638756437154301
0.6390425329010109
0.6389471676521076
0.6389471676521076
0.6389471676521076
0.6390425329010109
0.6389471676521076
0.6389471676521076
0.6392332633988175
0.6391378981499142
0.6392332633988175
0.6392332633988175
0.6390425329010109
0.6390425329010109
0.6389471676521076
0.6389471676521076
0.6389471676521076
0.6388518024032043
0.638756437154301
0.6385657066564944
0.6385657066564944
0.6386610719053977
0.6385657066564944
0.6386610719053977
0.638756437154301
0.638756437154301
0.6388518024032043
0.638756437154301
0.6389471676521076
0.6389471676521076
0.6393286286477208
0.6395193591455274
0.639710089643334
0.639710089643334
0.6400915506389472
0.6399008201411406
0.6399008201411406
0.639710089643334
0.639710089643334
0.6395193591455274
0.639710089643334
0.6395193591455274
0.6395193591455274
0.6395193591455274
0.6396147243944307
0.6395193591455274
0.6398054548922373
0.6399008201411406
0.639710089643334
0.639710089643334
0.6396147243944307
0.639710089643334
0.6395193591455274
0.6396147243944307
0.6398054548922373
0.6396147243944307
0.639710089643334
0.639710089643334
0.6398054548922373
0.639710089643334
0.6394239938966241
0.6392332633988175
0.6394239938966241
0.6392332633988175
0.6392332633988175
0.6391378981499142
0.6392332633988175
0.6395193591455274
0.6396147243944307
0.6395193591455274
0.6395193591455274
0.6395193591455274
0.6395193591455274
0.6394239938966241
0.6394239938966241
0.6398054548922373
0.6399008201411406
0.6399008201411406
0.6398054548922373
0.6399008201411406
0.6400915506389472
0.6400915506389472
0.6399961853900439
0.6400915506389472
0.6399961853900439
0.6399961853900439
0.6399008201411406
0.6399008201411406
0.6399961853900439
0.6399961853900439
0.6400915506389472
0.6402822811367538
0.6402822811367538
0.6403776463856571
0.6403776463856571
0.6405683768834637
0.640663742132367
0.640663742132367
0.6405683768834637
0.640663742132367
0.640663742132367
0.6409498378790769
0.6407591073812703
0.6408544726301736
0.6407591073812703
0.6405683768834637
0.6404730116345604
0.6404730116345604
0.6401869158878505
0.6403776463856571
0.6407591073812703
0.640663742132367
0.640663742132367
0.6405683768834637
0.6407591073812703
0.6407591073812703
0.6408544726301736
0.6408544726301736
0.640663742132367
0.6408544726301736
0.6407591073812703
0.640663742132367
0.640663742132367
0.6408544726301736
0.6407591073812703
0.6407591073812703
0.6409498378790769
0.6411405683768835
0.6411405683768835
0.6413312988746901
0.6414266641235934
0.6414266641235934
0.6414266641235934
0.6415220293724967
0.6414266641235934
0.6414266641235934
0.6415220293724967
0.6415220293724967
0.6417127598703033
0.6418081251192066
0.6415220293724967
0.6413312988746901
0.6412359336257868
0.6413312988746901
0.6412359336257868
0.6412359336257868
0.6410452031279802
0.6411405683768835
0.6411405683768835
0.6412359336257868
0.6413312988746901
0.6414266641235934
0.6415220293724967
0.6416173946214
0.6415220293724967
0.6415220293724967
0.6415220293724967
0.6414266641235934
0.6412359336257868
0.6407591073812703
0.640663742132367
0.640663742132367
0.6408544726301736
0.640663742132367
0.6404730116345604
0.6404730116345604
0.6404730116345604
0.6405683768834637
0.6407591073812703
0.6408544726301736
0.6409498378790769
0.6408544726301736
0.6409498378790769
0.6410452031279802
0.6410452031279802
0.6411405683768835
0.6412359336257868
0.6411405683768835
0.6414266641235934
0.6416173946214
0.6414266641235934
0.6416173946214
0.6414266641235934
0.6415220293724967
0.6417127598703033
0.6416173946214
0.6416173946214
0.6414266641235934
0.6415220293724967
0.6416173946214
0.6412359336257868
0.6408544726301736
0.6409498378790769
0.6409498378790769
0.6408544726301736
0.6410452031279802
0.6410452031279802
0.6409498378790769
0.6409498378790769
0.6411405683768835
0.6416173946214
0.6417127598703033
0.6417127598703033
0.6420942208659165
0.6419034903681099
0.6418081251192066
0.6418081251192066
0.6421895861148198
0.6420942208659165
0.6422849513637231
0.6420942208659165
0.6420942208659165
0.6422849513637231
0.6422849513637231
0.6419034903681099
0.6423803166126264
0.6424756818615297
0.6422849513637231
0.6422849513637231
0.6419034903681099
0.6419988556170132
0.6419988556170132
0.6417127598703033
0.6415220293724967
0.6417127598703033
0.6417127598703033
0.6416173946214
0.6416173946214
0.6419988556170132
0.6419988556170132
0.6419034903681099
0.6420942208659165
0.6421895861148198
0.6422849513637231
0.6423803166126264
0.6421895861148198
0.6419034903681099
0.6415220293724967
0.6414266641235934
0.6418081251192066
0.6419034903681099
0.6424756818615297
0.6424756818615297
0.642571047110433
0.642571047110433
0.6419988556170132
0.6418081251192066
0.6419988556170132
0.6418081251192066
0.6416173946214
0.6415220293724967
0.6412359336257868
0.6408544726301736
0.6410452031279802
0.6408544726301736
0.6408544726301736
0.640663742132367
0.6411405683768835
0.6415220293724967
0.6415220293724967
0.6420942208659165
0.6420942208659165
0.6419988556170132
0.6418081251192066
0.6420942208659165
0.6423803166126264
0.6424756818615297
0.6421895861148198
0.6420942208659165
0.6419988556170132
0.6418081251192066
0.6413312988746901
0.6414266641235934
0.6413312988746901
0.6414266641235934
0.6414266641235934
0.6408544726301736
0.6411405683768835
0.6414266641235934
0.6413312988746901
0.6416173946214
0.6418081251192066
0.6417127598703033
0.6418081251192066
0.6416173946214
0.6418081251192066
0.6415220293724967
0.6412359336257868
0.6407591073812703
0.6410452031279802
0.6410452031279802
0.6409498378790769
0.6405683768834637
0.640663742132367
0.6405683768834637
0.6409498378790769
0.6407591073812703
0.6400915506389472
0.6410452031279802
0.6409498378790769
0.6410452031279802
0.6412359336257868
0.6407591073812703
0.640663742132367
0.6407591073812703
0.6405683768834637
0.6407591073812703
0.6407591073812703
0.640663742132367
0.6403776463856571
0.6404730116345604
0.640663742132367
0.640663742132367
0.6404730116345604
0.6400915506389472
0.6399961853900439
0.639710089643334
0.6394239938966241
0.6393286286477208
0.6388518024032043
0.6392332633988175
0.639710089643334
0.6399961853900439
0.639710089643334
0.6401869158878505
0.6399008201411406
0.6395193591455274
0.6393286286477208
0.6391378981499142
0.6391378981499142
0.6391378981499142
0.6392332633988175
0.6393286286477208
0.6392332633988175
0.6393286286477208
0.6392332633988175
0.6391378981499142
0.6394239938966241
0.6395193591455274
0.6391378981499142
0.6386610719053977
0.6391378981499142
0.6391378981499142
0.6391378981499142
0.6390425329010109
0.6392332633988175
0.6394239938966241
0.6391378981499142
0.6390425329010109
0.6391378981499142
0.6392332633988175
0.6392332633988175
0.6394239938966241
0.6391378981499142
0.6392332633988175
0.6394239938966241
0.6393286286477208
0.6395193591455274
0.6396147243944307
0.6394239938966241
0.6396147243944307
0.639710089643334
0.6400915506389472
0.6403776463856571
0.6407591073812703
0.6408544726301736
0.6409498378790769
0.6405683768834637
0.6405683768834637
0.6401869158878505
0.6405683768834637
0.6404730116345604
0.6403776463856571
0.6405683768834637
0.6407591073812703
0.6405683768834637
0.6409498378790769
0.6410452031279802
0.6415220293724967
0.6420942208659165
0.6420942208659165
0.6420942208659165
0.6417127598703033
0.6418081251192066
0.6419988556170132
0.6422849513637231
0.6422849513637231
0.6419988556170132
0.6419988556170132
0.6420942208659165
0.6421895861148198
0.6421895861148198
0.6423803166126264
0.6426664123593363
0.6427617776082396
0.6428571428571429
0.6429525081060462
0.6429525081060462
0.6428571428571429
0.6429525081060462
0.6429525081060462
0.6426664123593363
0.6426664123593363
0.6420942208659165
0.6421895861148198
0.6420942208659165
0.642571047110433
0.6428571428571429
0.642571047110433
0.6426664123593363
0.6426664123593363
0.6426664123593363
0.6428571428571429
0.6429525081060462
0.6427617776082396
0.6426664123593363
0.6426664123593363
0.6427617776082396
0.6427617776082396
0.6428571428571429
0.6428571428571429
0.6429525081060462
0.6427617776082396
0.6426664123593363
0.6426664123593363
0.6427617776082396
0.6427617776082396
0.6426664123593363
0.642571047110433
0.6429525081060462
0.6435246995994659
0.6433339691016594
0.6436200648483692
0.6436200648483692
0.6436200648483692
0.6435246995994659
0.6433339691016594
0.6437154300972725
0.6439061605950791
0.6436200648483692
0.6436200648483692
0.6437154300972725
0.6436200648483692
0.6440015258439824
0.6437154300972725
0.6435246995994659
0.6436200648483692
0.6434293343505627
0.6435246995994659
0.6438107953461758
0.6440015258439824
0.6440015258439824
0.6440015258439824
0.6437154300972725
0.6437154300972725
0.6439061605950791
0.6439061605950791
0.6437154300972725
0.6437154300972725
0.6436200648483692
0.6434293343505627
0.6435246995994659
0.6435246995994659
0.6436200648483692
0.6436200648483692
0.6440015258439824
0.6440015258439824
0.644192256341789
0.644192256341789
0.6442876215906923
0.6444783520884989
0.6446690825863055
0.6445737173374022
0.6446690825863055
0.6444783520884989
0.6444783520884989
0.6444783520884989
0.6450505435819187
0.6449551783330154
0.6453366393286286
0.6453366393286286
0.6452412740797253
0.6453366393286286
0.6453366393286286
0.6450505435819187
0.6449551783330154
0.6448598130841121
0.6448598130841121
0.6448598130841121
0.6447644478352088
0.6446690825863055
0.6446690825863055
0.6447644478352088
0.6446690825863055
0.6448598130841121
0.6448598130841121
0.6449551783330154
0.6449551783330154
0.6448598130841121
0.6448598130841121
0.6449551783330154
0.6448598130841121
0.6449551783330154
0.6450505435819187
0.6449551783330154
0.6449551783330154
0.6449551783330154
0.6450505435819187
0.645145908830822
0.6454320045775319
0.6454320045775319
0.6454320045775319
0.6454320045775319
0.6455273698264352
0.6457181003242418
0.6458134655731451
0.6458134655731451
0.6458134655731451
0.646099561319855
0.646099561319855
0.6461949265687583
0.6463856570665649
0.6464810223154682
0.6466717528132748
0.6464810223154682
0.6464810223154682
0.6463856570665649
0.6464810223154682
0.6464810223154682
0.6468624833110814
0.6468624833110814
0.6469578485599847
0.6469578485599847
0.6469578485599847
0.6469578485599847
0.647053213808888
0.6474346748045012
0.6476254053023078
0.6476254053023078
0.6477207705512111
0.6476254053023078
0.6475300400534045
0.6474346748045012
0.6473393095555979
0.6477207705512111
0.6478161358001144
0.6476254053023078
0.6477207705512111
0.6476254053023078
0.6477207705512111
0.6479115010490177
0.6478161358001144
0.6476254053023078
0.6476254053023078
0.6477207705512111
0.6481022315468243
0.6482929620446309
0.6484836925424375
0.6482929620446309
0.6486744230402441
0.6487697882891474
0.6488651535380507
0.6487697882891474
0.6486744230402441
0.6486744230402441
0.6483883272935342
0.6483883272935342
0.6484836925424375
0.6484836925424375
0.6484836925424375
0.6487697882891474
0.6488651535380507
0.6488651535380507
0.6488651535380507
0.648960518786954
0.6488651535380507
0.6491512492847606
0.649246614533664
0.6491512492847606
0.6490558840358573
0.6490558840358573
0.6490558840358573
0.6490558840358573
0.6490558840358573
0.649246614533664
0.6494373450314705
0.649246614533664
0.6493419797825672
0.6494373450314705
0.6496280755292771
0.6496280755292771
0.6496280755292771
0.6497234407781804
0.6497234407781804
0.649914171275987
0.6496280755292771
0.6498188060270838
0.6498188060270838
0.6498188060270838
0.6498188060270838
0.6497234407781804
0.6496280755292771
0.649914171275987
0.6500095365248904
0.6500095365248904
0.6500095365248904
0.6500095365248904
0.650200267022697
0.650200267022697
0.650200267022697
0.6502956322716003
0.6504863627694069
0.6503909975205036
0.6503909975205036
0.6504863627694069
0.6505817280183102
0.6505817280183102
0.6505817280183102
0.6506770932672135
0.6508678237650201
0.6506770932672135
0.6508678237650201
0.6508678237650201
0.6510585542628267
0.6509631890139234
0.6509631890139234
0.6508678237650201
0.6504863627694069
0.6503909975205036
0.6502956322716003
0.6502956322716003
0.6502956322716003
0.6503909975205036
0.6504863627694069
0.6504863627694069
0.6503909975205036
0.6503909975205036
0.6502956322716003
0.6502956322716003
0.6504863627694069
0.6505817280183102
0.6504863627694069
0.6506770932672135
0.6507724585161168
0.6509631890139234
0.6507724585161168
0.6508678237650201
0.6507724585161168
0.6508678237650201
0.6506770932672135
0.6507724585161168
0.6509631890139234
0.6510585542628267
0.6508678237650201
0.6513446500095366
0.6513446500095366
0.6514400152584399
0.6515353805073432
0.6514400152584399
0.6513446500095366
0.6515353805073432
0.6515353805073432
0.6514400152584399
0.6516307457562465
0.6518214762540531
0.6519168415029564
0.652107572000763
0.652107572000763
0.652107572000763
0.6522029372496663
0.6522983024985696
0.6523936677474729
0.6522983024985696
0.6522983024985696
0.6524890329963762
0.6526797634941828
0.6526797634941828
0.6526797634941828
0.6528704939919893
0.6529658592408926
0.6527751287430861
0.6527751287430861
0.6529658592408926
0.6531565897386992
0.6531565897386992
0.6532519549876025
0.6533473202365058
0.6530612244897959
0.6530612244897959
0.6533473202365058
0.6533473202365058
0.6535380507343124
0.6533473202365058
0.6533473202365058
0.6534426854854091
0.6533473202365058
0.6536334159832157
0.6535380507343124
0.6533473202365058
0.6531565897386992
0.6533473202365058
0.6532519549876025
0.6532519549876025
0.6533473202365058
0.6533473202365058
0.6533473202365058
0.6534426854854091
0.6536334159832157
0.6540148769788289
0.6540148769788289
0.6540148769788289
0.6539195117299256
0.6542056074766355
0.6542056074766355
0.6540148769788289
0.6539195117299256
0.6540148769788289
0.6541102422277322
0.6540148769788289
0.6540148769788289
0.6541102422277322
0.6542056074766355
0.6541102422277322
0.6539195117299256
0.6541102422277322
0.6543009727255388
0.6541102422277322
0.6542056074766355
0.6542056074766355
0.6542056074766355
0.6542056074766355
0.6543009727255388
0.6543009727255388
0.6543963379744421
0.6544917032233454
0.6543009727255388
0.6543009727255388
0.6542056074766355
0.6542056074766355
0.6542056074766355
0.6542056074766355
0.6542056074766355
0.6543009727255388
0.6543009727255388
0.6543009727255388
0.6542056074766355
0.6541102422277322
0.6542056074766355
0.6542056074766355
0.6542056074766355
0.6542056074766355
0.6542056074766355
0.6543963379744421
0.6543009727255388
0.6542056074766355
0.6543963379744421
0.6540148769788289
0.6539195117299256
0.6539195117299256
0.6538241464810223
0.6538241464810223
0.6539195117299256
0.6538241464810223
0.653728781232119
0.6536334159832157
0.6538241464810223
0.6539195117299256
0.6540148769788289
0.6539195117299256
0.653728781232119
0.6538241464810223
0.6539195117299256
0.6540148769788289
0.6542056074766355
0.6540148769788289
0.6542056074766355
0.6540148769788289
0.6541102422277322
0.6543963379744421
0.6543963379744421
0.6543963379744421
0.6544917032233454
0.6544917032233454
0.6543009727255388
0.6543963379744421
0.6543009727255388
0.6543009727255388
0.6541102422277322
0.6542056074766355
0.6541102422277322
0.6543009727255388
0.6543009727255388
0.6543009727255388
0.6543009727255388
0.6547777989700553
0.6550638947167652
0.6551592599656685
0.6552546252145718
0.6551592599656685
0.6552546252145718
0.6553499904634751
0.6554453557123784
0.6554453557123784
0.6553499904634751
0.6553499904634751
0.655636086210185
0.655636086210185
0.6557314514590883
0.6558268167079916
0.6557314514590883
0.655636086210185
0.6560175472057982
0.6562082777036048
0.6561129124547015
0.6562082777036048
0.6562082777036048
0.6561129124547015
0.6561129124547015
0.6558268167079916
0.6558268167079916
0.6560175472057982
0.6560175472057982
0.6561129124547015
0.6561129124547015
0.6564943734503147
0.6564943734503147
0.6566851039481213
0.656589738699218
0.6567804691970246
0.6566851039481213
0.6568758344459279
0.6566851039481213
0.6566851039481213
0.6566851039481213
0.6567804691970246
0.6566851039481213
0.6569711996948312
0.6569711996948312
0.6569711996948312
0.6569711996948312
0.6570665649437345
0.6570665649437345
0.6572572954415411
0.6572572954415411
0.6572572954415411
0.6571619301926378
0.6569711996948312
0.6568758344459279
0.6569711996948312
0.6569711996948312
0.6569711996948312
0.6570665649437345
0.6571619301926378
0.6571619301926378
0.6571619301926378
0.6571619301926378
0.6571619301926378
0.6573526606904444
0.6572572954415411
