0.9402374916817055
0.9320606602005199
0.9282056277763665
0.9286471250595527
0.925064599335307
0.9223101405617897
0.9072069592361974
0.8897193624268347
0.8769551723245929
0.8681218542156096
0.8590925323943458
0.8530952544868015
0.8561203522779104
0.8464216960543411
0.856691487836345
0.8555344560819945
0.8555194916550208
0.8548628491652658
0.854223097074977
0.8539741897023272
0.8540160977510133
0.8659814148619236
0.8567555786308797
0.8539201576479337
0.8523931003235853
0.8511281522370404
0.8499703861785415
0.8488805248787079
0.8478526611174282
0.8468941657395622
0.8460089917478913
0.8451934672866789
0.8444399786128926
0.8437406815451265
0.8430890116441795
0.8424798114485433
0.8419090336574017
0.8413734425326045
0.8444431847281085
0.8419917922279074
0.8407429480247345
0.8400337519088692
0.8394929499450042
0.8390210731654948
0.8385891092767158
0.8381878949796638
0.8378138618415075
0.8374648417736141
0.8371389210866806
0.8368342050344272
0.8365488241004234
0.8362809819562386
0.8360289933517387
0.8357913044121265
0.8355664989768973
0.8353532959775436
0.8351505417928461
0.834957200218743
0.834772341670464
0.8345951325424242
0.8344248252130261
0.83426074891831
0.8341023015671228
0.833948942488279
0.8338001860589364
0.8336555961443133
0.833514781271681
0.8333773904581482
0.833243109609589
0.8331116584039406
0.8329827875662223
0.8328562764357608
0.8327319307200413
0.8326095803281037
0.8324890771826977
0.8323702929278891
0.8322531164805055
0.8321374514170029
0.8320232132392926
0.8319103266144596
0.8317987227234707
0.8316883368732593
0.8315791065182665
0.8314709698006747
0.831363864660429
0.8312577284980593
0.8311524983098252
0.8310481111681246
0.8309445048989945
0.8308416188139011
0.830739394380643
0.8306377757588782
0.8305367101698211
0.830436148107166
0.8303360434222941
0.830236353329431
0.8301370383766224
0.8300380624206887
0.8299393926318386
0.8298409995400684
0.8297428571226746
0.8296449429206454
0.8295472381612494
0.8294497278544242
0.8293524008222006
0.8292552496146658
0.8291582702671149
0.8290614618649826
0.8289648259096374
0.8288683655197749
0.8287720845497029
0.8286759867380817
0.8285800749823939
0.828484350722734
0.8283888131749159
0.8282934577864741
0.8281982729403004
0.8281032340211876
0.828008295301822
0.8279133835248084
0.8278184017452119
0.8277232528989715
0.8276278817105454
0.8275323122708037
0.8274366492901071
0.827341035532174
0.827245596308881
0.8271504088062771
0.8270555030211671
0.8269608696464732
0.8268664463306654
0.8267720746368754
0.8266774531111798
0.8265821567562089
0.8264858764803594
0.8263891070671319
0.8262936623598767
0.8261996931562136
0.826101482085065
0.8259855551605743
0.8258198926081933
0.8251720107222587
0.8250946129707647
0.8249979313491194
0.8248927586442428
0.8247823604476875
0.8246695260775774
0.8245560267595622
0.8244423448750722
0.8243276663957801
0.8242098400721594
0.8240839802444376
0.8239410029618656
0.8240828438613441
0.8237335228090682
0.8238264195873832
0.8237366136129046
0.8235333462631812
0.8231967466913602
0.8228521363174108
0.823002203961104
0.8228988833470827
0.8227968556871277
0.8226624121478515
0.8225140937009138
0.8223667188882778
0.8222238369244954
0.8220836894017496
0.8219442756393682
0.8218040285626751
0.821662266088169
0.821518079378331
0.8213700224512964
0.8212200960642652
0.8210884281519724
0.8209803122020202
0.8208596883894836
0.8207102275021597
0.8205846958160796
0.8204469761868848
0.8203082194252825
0.8201808584867024
0.8195722242676072
0.8194555992486278
0.8193273797037122
0.8191958405374498
0.81905725986422
0.8189137311761304
0.8187678414802272
0.8186207871622213
0.8184728486569738
0.8183239637763938
0.8181740432861527
0.8180230611993211
0.8178710553225853
0.8177181545066649
0.817564624064116
0.8174108638498311
0.8172573513596871
0.817104572532147
0.8169529806872294
0.8168030235607587
0.8166553116408397
0.8165110049666982
0.8163722259579155
0.816241494182166
0.8161186452526263
0.8159964285081038
0.815863870300603
0.8157199542349082
0.8155720741909623
0.8154236381437197
0.8152785161907466
0.8151417494365114
0.8150143684595839
0.814894021318222
0.8147783461999485
0.8146663097247308
0.8145577321230332
0.814452565391404
0.8143501789536736
0.8142485941251665
0.8141446007505031
0.8140353812582384
0.8139197231680113
0.813797675194477
0.813669931203959
0.8135375663558041
0.8134019026331291
0.8132642975500923
0.81312587118221
0.812987333230728
0.8128490249512701
0.8127111079455774
0.8125737454537523
0.8124372003731487
0.8123018545698544
0.8121681344878886
0.812036365604535
0.8119066723115157
0.8117788179270042
0.8116517362409682
0.8115237813559831
0.8113971348443422
0.8112758540875152
0.8111549613080109
0.8110314556157159
0.8109083307265318
0.8108034161361314
0.8107116785699263
0.8106073335546377
0.810487702284018
0.8103641925069456
0.8102420773943977
0.8101228859544788
0.8100081567826961
0.8099002903898197
0.8098004117625569
0.8096890985459507
0.8096219381978402
0.8094512092066339
0.8093915899739192
0.8093296294546074
0.8092555766509617
0.8091906366671745
0.8091190999432571
0.8090689453133627
0.8089195052781182
0.8087117307169717
0.808558248703454
0.8084585372030806
0.8083886052177877
0.8082443393499719
0.8081354085669903
0.8080709993267055
0.8077120853392156
0.8080302480071908
0.8080419454030745
0.8079462995243513
0.8079200824386145
0.8078864054931586
0.8078408688664812
0.8077916441059616
0.807740598877741
0.807692065457965
0.8076460856686553
0.8076035955486243
0.80756409066725
0.8075267742208928
0.8074903853701976
0.8074544140309621
0.8074212991106562
0.807401335431941
0.807384836786276
0.8073073680694742
0.8084048986969818
0.8085255967449594
0.8081680669963355
0.8085606137431863
0.8084597179143342
0.8086286381834362
0.808819948756439
0.808870461159397
0.8090382249085417
0.8090269796060159
0.8092235489979079
0.8092411712998211
0.809417179317817
0.8094341841021853
0.8096263327786073
0.8096682313863611
0.8098428435372309
0.8099103350217195
0.8100762319676515
0.810173962039757
0.8103274558207917
0.8104430909240647
0.8106017144457026
0.8107327080614148
0.8108993436738198
0.8110498402702374
0.8112185459334758
0.811385205711183
0.8115585329240212
0.8117358165573053
0.8119176542580651
0.8121034176411984
0.8122917064622278
0.8124796045398085
0.8126618422226657
0.8128326683241159
0.8129949126894119
0.8131631778041276
0.8133415535786921
0.813541750411401
0.8137042223383238
0.8140211401482644
0.8139545643926942
0.8143191541870073
0.8146873694606406
0.813527834717768
0.8143895724959971
0.8145296024308634
0.8134989671857006
0.8140629583750539
0.8131282835525108
0.8136922729570237
0.812746819796886
0.8132713582644124
0.8136350777219994
0.8126072273045788
0.813161551610186
0.8126681698891582
0.812745694967509
0.8119224241671665
0.8111434314462092
0.8119445034163231
0.8119201030738799
0.8118603439465041
0.8111309424854204
0.8115235010686581
0.8103549810975857
0.8105873068444707
0.8104189956614182
0.8101592726226172
0.8103734418760553
0.8105530331327746
0.8103377088075354
0.81060224370229
0.8101849570676757
0.8097447086143315
0.809599687107339
0.8092142552612908
0.80944626038343
0.8087732706903702
0.8081230433352823
0.8075240498904709
0.8076677299139737
0.8077876964664201
0.8084180641366757
0.80837715089443
0.8073287962185202
0.8076616683425905
0.8067389283765601
0.8066138628713638
0.8064800408143605
0.8067235497702264
0.8058462737130224
0.805460180254427
0.8056065742848213
0.8049132156558311
0.804658985305196
0.8047774687955507
0.8041646291788855
0.8044796209227112
0.8040117935063893
0.8043595309634918
0.8035031488731597
0.8028742948864681
0.8033477335404983
0.802623045345183
0.8023579126568451
0.8021587522064336
0.8019672048754614
0.8017817258150316
0.8016301982859161
0.8014631362759861
0.8012246218514489
0.8011153672691412
0.8009130383041634
0.8004201577896242
0.8003440574322266
0.8002743948473231
0.8000493140908395
0.7998529616620733
0.7996590687936808
0.7991602818268884
0.798917648793607
0.79999108262939
0.7985988256459509
0.7984669266047713
0.7983271707870064
0.7981303508487259
0.7980372389171176
0.7978890361940754
0.7991157386005069
0.7990616537703412
0.7987331248642842
0.7984754260689573
0.7972731960105488
0.7984403528610338
0.7980620873557079
0.7975675105334733
0.7969364032707283
0.7960782719072138
0.7973804934945499
0.7964120212271145
0.7962037300112225
0.7963126639536406
0.7957955405028986
0.7953927314237863
0.7952995299339713
0.7951684261110398
0.7943660862450643
0.7951613752254092
0.7938848317150068
0.794202365649889
0.7937196964845573
0.7939123313683615
0.794131108618251
0.7937141794284315
0.7927404631120467
0.7939018479813185
0.793479105789006
0.7926151338069848
0.792247898338412
0.7934936706092321
0.7914510816264396
0.7907252064742112
0.7911828076978162
0.791313057835057
0.7912921309984009
0.7912852938036407
0.7910418158795436
0.7908686755770811
0.7907084818719745
0.7904096600750239
0.7897006754732954
0.7895369604451233
0.7905941906697539
0.7904581787807192
0.7906383443163526
0.7908650371176109
0.7908928984103858
0.7907990426675359
0.7907929795991602
0.7907441910141646
0.7907275541662423
0.7904101643124839
0.7893509126623421
0.789327805640186
0.7900758304354295
0.78872063026851
0.7884623052497471
0.790148870343915
0.7884668504318133
0.787909605231523
0.7898882355033416
0.7878574444174488
0.7885704614879605
0.7892860378807369
0.7893054913755777
0.7869211585734243
0.7890762846777569
0.787522266823743
0.7890471780927674
0.7873254802554186
0.7882744782236163
0.7884406911562193
0.7867850643402734
0.7857057726947995
0.7877350785749273
0.7877842441990703
0.7881807005763682
0.7866467611721767
0.7855591710635992
0.7882646526609031
0.7868381277483033
0.7858097719003155
0.7859441902613978
0.7858295368670248
0.7853761222168173
0.7854434825767508
0.7854865067234057
0.786201653812819
0.7855145198803665
0.7853560163501035
0.7839151734454853
0.7863231351829861
0.7851713740678835
0.7847548807603709
0.7844346336404928
0.7861500080446607
0.7848032053236588
0.785225545406725
0.7846285696505975
0.7840681457852352
0.7837637903909936
0.7744332523611146
0.7779453586831192
0.7774529804531483
0.7769542574453113
0.7760122219988613
0.7800361609295599
0.7761035586391125
0.7743474301776875
0.7732305843359696
0.7720492146211559
0.7709052943387547
0.7697517408724517
0.7686634731033982
0.7676546551625635
0.7667668985119042
0.7660216787687415
0.7653135227458473
0.7646141929919275
0.7639763369013708
0.7634254357784388
0.7630341704669791
0.7629996328067924
0.7636799754471532
0.7621551891232607
0.7640058308761223
0.7616782372753208
0.7615334818375016
0.7610971928636105
0.759038551359663
0.7578463028635121
0.7600057358338477
0.7589147384342956
0.7570934293455444
0.7569552801887337
0.756783281245369
0.7566210335973182
0.7564737653926398
0.7563434346426443
0.7562300159036811
0.7561334664234949
0.7560540647661506
0.7559924981088292
0.755949890347208
0.7559277903489863
0.7559281419368636
0.7559532464092477
0.7560057128098786
0.7560883815293188
0.7562042064318053
0.7563560885845352
0.7565466645738803
0.7567780562344788
0.7570515846727207
0.757367448252469
0.7577243749613111
0.7581192917713107
0.7585470994052604
0.7590006751828853
0.7594712221332948
0.7599490317147296
0.7604246347443986
0.7608901790562556
0.7613407360011009
0.7617752400944362
0.7621970021792446
0.7626140432964319
0.7630395128083889
0.763491832089789
0.7639926169339929
0.7645579686874792
0.7651787010444824
0.7657993534866815
0.7663015574618053
0.766359308492265
0.7662349011321598
0.7661149132703278
0.7657630381387407
0.7653654054687375
0.7652596316578277
0.7651869381554433
0.7651599527995584
0.765208905526957
0.7653108199454525
0.7654565687193282
0.7656600702425397
0.765897382069126
0.7659857860641266
0.7656135097620134
0.7647497305414757
0.7639313672544421
0.763587560026995
0.7635714974283693
0.7637961964456726
0.7643357322676215
0.7648916330902044
0.765209481153552
0.7654115444081023
0.7653209994763744
0.7659087820142562
0.7666064009095542
0.7656826766825776
0.7660384972630059
0.7658739390913428
0.7659787351139584
0.7662864221691091
0.7657687743493456
0.7655422475683079
0.7658228407618267
0.7598972900856396
0.7641261261906882
0.7658131120594923
0.7596397560458747
0.7649060228049889
0.7661077918007189
0.7662119339550625
0.7663790616189446
0.7663163044678561
0.7662649538614364
0.7662074557054281
0.7661514980555083
0.7660766779365499
0.7659432251723065
0.7657179305056826
0.7653986756850879
0.7649839678325479
0.764469465722612
0.7639168723883761
0.7634065503468884
0.7629069073154223
0.7625178869601535
0.7621145987665581
0.76151965111254
0.7629655274706864
0.7635741122327033
0.7612019315910706
0.7604573792291378
0.7599498238969298
0.7596110166307072
0.7593241950091978
0.7589812397110097
0.7586514207448719
0.7585530653921738
0.7577285585571109
0.7621944991184781
0.760499904708951
0.7625354711148931
0.7620781433218765
0.7626162338676301
0.7580560571160329
0.7555927262925869
0.7633360597710918
0.7586851932484062
0.7529867157594918
0.7532135919090389
0.7517729781356474
0.7513316380232572
0.7511779405500519
0.7511937706610275
0.7513322763771881
0.7516774203598904
0.7527109679493683
0.7537507571614517
0.7557499654825718
0.7646190527289687
0.7581410152455023
0.7556705277688125
0.7611773151417558
0.7545640660547295
0.7552169499429784
0.7542679836889337
0.7542882971234526
0.7537565872973844
0.753900922833773
0.7537296588325039
0.7531830885398015
0.7520763306325845
0.75101805278389
0.7547105633041156
0.7553863165969583
0.7537971026984391
0.752182523262413
0.756276258541101
0.7527429707568057
0.7551386986603797
0.7518895229293768
0.7516684565186198
0.7514054885638742
0.7522070944404821
0.752868520183706
0.7519967226210124
0.7535058965747032
0.7555265945610854
0.7524721166981505
0.7575222863235819
0.7548387737258654
0.7546150283750068
0.758391818749792
0.7647864238916594
0.7583834056110452
0.7653579469089058
0.7637905417673729
0.7651458431247294
0.7675522819315687
0.7640020339625873
0.7662506272687597
0.7669373761508484
0.7666521093933324
0.7644943755198153
0.7673551046774614
0.7639336793210717
0.7618692350013669
0.764271068030868
0.7657899850410483
0.7655153100569194
0.7674347968584405
0.7651666364274339
0.7600938435104703
0.7663234688173673
0.7677224567782647
0.7690386658507616
0.7701782054670805
0.7710337503752417
0.7716634118445816
0.7721398674058033
0.7726072219635702
0.7731203294087362
0.7736124624857114
0.7740970570478418
0.7739531412061316
0.7737097892066229
0.7742038414963754
0.7745441169910541
0.774815806523985
0.7746725294627215
0.7749669689844402
0.774812752221538
0.7748035687834002
0.7748869041719412
0.7747340794165228
0.7747970009382338
0.7757624091532136
0.7759636269580323
0.776299219023001
0.775286741409437
0.7761781494884735
0.7747398714041965
0.7745245286745284
0.7744707105555545
0.7745525855708033
0.7743186823246322
0.7742795207214
0.7743028480121904
0.7743110600894684
0.7741721416168794
0.7744692742329048
0.7747381387959836
0.7750806051084314
0.7752951400794357
0.7748208702987456
0.7770343501009304
0.7758180300819952
0.775585103543831
0.7755117370893551
0.7752914501287606
0.7743963533733957
0.7736187964420483
0.7741730545901272
0.7741957278845176
0.7742153382772932
0.7750217804325391
0.7763811994704084
0.7770017075186424
0.7772775275403182
0.7776576556402246
0.7780943229490963
0.7786800778987455
0.7795473906699113
0.7796999764234203
0.7803602775511596
0.7811339927179112
0.7818060540390606
0.7822764092669332
0.7826243555926287
0.7827527858360099
0.7827525592199237
0.7825557869008412
0.7823743766475466
0.7840830106038211
0.7891381934828174
0.7895831068819064
0.7916522050453334
0.7972123921820159
0.8013316083063917
0.8034698321077848
0.8077666948308818
0.8098283771371626
0.8104020459974612
0.8104001527662901
0.810956439379918
0.8080943787383591
0.8041488594906935
0.7905621826791959
0.7870720181324665
0.7859225147063293
0.7846686938335516
0.7825671176853934
0.7807855455950962
0.7786524243081853
0.7823832225969412
0.7828078323254194
0.7835956216202143
0.7832398628070221
0.7830219836780715
0.783065993246059
0.782962121218281
0.7829576639572079
0.7829189152582022
0.7827304207752651
0.7826408159539391
0.7825361054975459
0.7824304384754401
0.7823356039605838
0.7821577501460305
0.7815869276551585
0.7814484969169958
0.7818329641520672
0.7830746749358243
0.7792165648497609
0.7790624054031492
0.7818163206868354
0.7822150030220778
0.7819016356039185
0.7783109734619916
0.7786546156976974
0.778843947634774
0.7785886412575396
0.777935419671016
0.7761769599629526
0.7815514919037745
0.774537188901351
0.7731150534177894
0.7833936533918147
0.7786361729549339
0.778053936900725
0.779799960644315
0.7770451074959484
0.7755019695491883
0.779071257897421
0.7793261607434345
0.7789416454893313
0.7784549377098772
0.7782107496427023
0.7780339570408974
0.7779524620288686
0.7778126036032984
0.7906384567037511
0.7785579492224
0.7788204938723631
0.7786577017549489
0.7785415208386951
0.7785608727760807
0.7786381734181753
0.7775572854824305
0.7777792495939315
0.7776053002496301
0.7774026346483138
0.7772934400593297
0.7771446594157844
0.7768430484815464
0.7863051495126645
0.7772601638157446
0.7777691623252232
0.7777297194129118
0.7776201503839978
0.777607028749533
0.777317827216209
0.7770954833744207
0.7768814621503914
0.7767992308058869
0.7763962953706612
0.7758773084243884
0.7738918037705185
0.7763537603394212
0.7761027324983683
0.7768781900174102
0.7767831171098604
0.7762688368732761
0.77611066976227
0.7759687133812412
0.7758701919263585
0.7750552250249753
0.7769604970275827
0.7725773535640171
0.7749171927433783
0.7751271410157347
0.7766617581826925
0.7748544648302473
0.7765601769507661
0.7751082061835569
0.7724007720665492
0.7743852907996603
0.7743447663609314
0.7761131288361591
0.7743645163499443
0.7760802501859801
0.7744723482126492
0.7866791851113469
0.7879021581378916
0.7750608731101458
0.774634733770182
0.774427069770213
0.7735503416660345
0.7734021079150509
0.774790727394214
0.7733859944709075
0.7748064972647224
0.7730038802937097
0.7747262889540903
0.7727985939254448
0.774227130135273
0.7725852469772146
0.7738135991900806
0.7727195891004731
0.7739358766378992
0.772333596294051
0.7734131230677417
0.7723868618091293
0.7737437156999534
0.772117931734625
0.7731350095083782
0.7718096227372618
0.7730313866134152
0.7717326180731253
0.772733183231719
0.7715872921556751
0.7728776650589421
0.7715196579821333
0.7728805467741275
0.7714235194494916
0.7711506108134789
0.7709784541180597
0.7708395280566537
0.7707919019062334
0.7708413033756344
0.7707875449771496
0.7706789817465686
0.7705825155628195
0.7705171508830572
0.7704634806451054
0.7703888824717665
0.7703067706370273
0.7702261832882747
0.7701441172812288
0.7700567441578966
0.7699631046785579
0.7698708782078177
0.7697852029214557
0.7696800680330649
0.7695588866175649
0.7695169331468786
0.7694520270465798
0.7693074006511148
0.7692762966212077
0.7692356524995875
0.7691564905862653
0.7690682354844584
0.7689297578171562
0.768845383776458
0.7687392111196986
0.7686606530881704
0.768579597900477
0.7685064618788836
