0.6255960328056456
0.6434293343505627
0.6494373450314705
0.6515353805073432
0.6532519549876025
0.653728781232119
0.6652679763494183
0.6855807743658211
0.7026511539195117
0.7128552355521648
0.7183864199885561
0.7206751859622353
0.7235361434293344
0.7259202746519169
0.7300209803547587
0.7341216860576006
0.7383177570093458
0.7420370017165745
0.7456608811748998
0.746995994659546
0.7492847606332252
0.7516688918558078
0.7567232500476826
0.7589166507724585
0.7631127217242037
0.7671180621781423
0.769883654396338
0.7729353423612436
0.7757009345794392
0.7780850658020217
0.7749380125882128
0.7778943353042151
0.7789433530421515
0.7806599275224109
0.7838069807362197
0.7849513637230593
0.7845699027274461
0.7852374594697692
0.7860003814609956
0.7876215906923517
0.788670608430288
0.789624260919321
0.7906732786572573
0.7900057219149342
0.7913408353995804
0.7923898531375166
0.7917222963951935
0.7927713141331298
0.7933435056265496
0.7947739843600992
0.7949647148579058
0.7956322716002289
0.7976349418271982
0.7976349418271982
0.7977303070761015
0.7993515163074576
0.8002098035475873
0.8019263780278466
0.802689300019073
0.8034522220102994
0.8046919702460423
0.8061224489795918
0.8069807362197216
0.8076482929620447
0.8075529277131414
0.8079343887087546
0.8083158497043678
0.8073621972153348
0.8076482929620447
0.8089834064466909
0.8119397291626931
0.8127980164028228
0.8130841121495327
0.8134655731451459
0.8143238603852756
0.8145145908830822
0.8153728781232119
0.8158497043677284
0.8158497043677284
0.8161358001144383
0.8165172611100515
0.816994087354568
0.8168987221056647
0.8175662788479878
0.8173755483501812
0.8184245660881175
0.8182338355903109
0.8182338355903109
0.8186152965859241
0.818901392332634
0.8197596795727636
0.8196643143238603
0.8198550448216669
0.8198550448216669
0.8201411405683768
0.8216669845508296
0.8223345412931528
0.8229067327865726
0.8240511157734122
0.8240511157734122
0.8242418462712188
0.8245279420179287
0.8252908640091551
0.8251001335113485
0.8251001335113485
0.8250047682624452
0.8252908640091551
0.8258630555025749
0.8264352469959947
0.8270074384894145
0.8276749952317376
0.8273888994850277
0.827484264733931
0.8280564562273508
0.8293915697119969
0.8298683959565134
0.83005912645432
0.8304405874499332
0.8301544917032233
0.8306313179477398
0.8304405874499332
0.8299637612054167
0.8301544917032233
0.8302498569521266
0.8308220484455464
0.8305359526988365
0.8313942399389662
0.8312988746900629
0.831966431432386
0.8323478924279992
0.8326339881747091
0.8330154491703223
0.832920083921419
0.832920083921419
0.8332061796681289
0.8335876406637421
0.8336830059126454
0.8337783711615487
0.8334922754148388
0.8336830059126454
0.8337783711615487
0.8336830059126454
0.8341598321571619
0.8335876406637421
0.8336830059126454
0.8336830059126454
0.8335876406637421
0.8341598321571619
0.8343505626549685
0.8345412931527751
0.8339691016593553
0.8337783711615487
0.8343505626549685
0.8346366584016784
0.8347320236505817
0.8353042151440015
0.8355903108907115
0.8361625023841313
0.8366393286286478
0.8374022506198742
0.8382605378600038
0.8383559031089071
0.8389280946023269
0.8392141903490368
0.8399771123402632
0.8411214953271028
0.8417890520694259
0.8421705130650391
0.8425519740606523
0.8428380698073622
0.8428380698073622
0.8427427045584589
0.8428380698073622
0.8430288003051688
0.843410261300782
0.8436009917985886
0.8432195308029754
0.8432195308029754
0.8436963570474919
0.8433148960518787
0.8437917222963952
0.8436963570474919
0.8439824527942018
0.8438870875452985
0.8438870875452985
0.8439824527942018
0.8445546442876216
0.8447453747854282
0.8449361052832348
0.8455082967766546
0.8459851230211711
0.8460804882700744
0.8461758535189777
0.8465573145145909
0.8464619492656876
0.8464619492656876
0.8466526797634942
0.8466526797634942
0.8470341407591074
0.8471295060080107
0.8470341407591074
0.8470341407591074
0.8474156017547205
0.8475109670036238
0.8476063322525271
0.8479877932481403
0.8477970627503337
0.8477970627503337
0.847892427999237
0.8482738889948502
0.8480831584970436
0.8481785237459469
0.8481785237459469
0.8480831584970436
0.8482738889948502
0.8479877932481403
0.847892427999237
0.8480831584970436
0.847892427999237
0.8481785237459469
0.8483692542437535
0.8482738889948502
0.8480831584970436
0.8483692542437535
0.8481785237459469
0.8479877932481403
0.8483692542437535
0.8482738889948502
0.8482738889948502
0.8485599847415601
0.8487507152393667
0.8487507152393667
0.8490368109860766
0.8490368109860766
0.8492275414838832
0.8493229067327865
0.8491321762349799
0.8495136372305931
0.8496090024794964
0.850085828724013
0.8497043677283997
0.8496090024794964
0.8497043677283997
0.849799732977303
0.8499904634751096
0.8502765592218196
0.8504672897196262
0.8506580202174328
0.8504672897196262
0.8503719244707229
0.8503719244707229
0.8503719244707229
0.8505626549685295
0.8501811939729162
0.8505626549685295
0.850753385466336
0.8506580202174328
0.8504672897196262
0.8505626549685295
0.8504672897196262
0.8509441159641427
0.8509441159641427
0.8508487507152394
0.8506580202174328
0.8505626549685295
0.850753385466336
0.850753385466336
0.8505626549685295
0.8504672897196262
0.8503719244707229
0.8505626549685295
0.8506580202174328
0.8509441159641427
0.8509441159641427
0.851039481213046
0.851039481213046
0.8511348464619493
0.8513255769597559
0.8512302117108526
0.8512302117108526
0.8511348464619493
0.8508487507152394
0.8512302117108526
0.8513255769597559
0.8513255769597559
0.8514209422086592
0.8512302117108526
0.8515163074575625
0.8513255769597559
0.8515163074575625
0.8513255769597559
0.8513255769597559
0.8513255769597559
0.8513255769597559
0.8511348464619493
0.851039481213046
0.8513255769597559
0.8516116727064658
0.8517070379553691
0.8517070379553691
0.8518024032042724
0.8516116727064658
0.8517070379553691
0.8514209422086592
0.8514209422086592
0.8512302117108526
0.8509441159641427
0.8508487507152394
0.8509441159641427
0.8513255769597559
0.8515163074575625
0.8518024032042724
0.8517070379553691
0.8516116727064658
0.851993133702079
0.851993133702079
0.8520884989509823
0.8520884989509823
0.8520884989509823
0.8521838641998856
0.8520884989509823
0.8520884989509823
0.8524699599465955
0.8526606904444021
0.8526606904444021
0.8525653251954988
0.8528514209422087
0.8527560556933054
0.8533282471867252
0.8532328819378219
0.8532328819378219
0.8534236124356285
0.8531375166889186
0.8530421514400153
0.8532328819378219
0.8533282471867252
0.8533282471867252
0.8534236124356285
0.8532328819378219
0.8528514209422087
0.8528514209422087
0.8527560556933054
0.8526606904444021
0.8527560556933054
0.8524699599465955
0.8522792294487889
0.8523745946976922
0.8525653251954988
0.8524699599465955
0.8526606904444021
0.8524699599465955
0.8525653251954988
0.8527560556933054
0.852946786191112
0.8528514209422087
0.8530421514400153
0.852946786191112
0.8528514209422087
0.8526606904444021
0.8526606904444021
0.8524699599465955
0.8524699599465955
0.8526606904444021
0.852946786191112
0.8528514209422087
0.852946786191112
0.852946786191112
0.8526606904444021
0.8527560556933054
0.8531375166889186
0.8533282471867252
0.8535189776845318
0.8532328819378219
0.8534236124356285
0.8533282471867252
0.8535189776845318
0.8535189776845318
0.8537097081823384
0.853900438680145
0.8541865344268549
0.8541865344268549
0.8542818996757582
0.8544726301735648
0.8547587259202747
0.8546633606713714
0.8546633606713714
0.8543772649246615
0.8542818996757582
0.8544726301735648
0.8544726301735648
0.8543772649246615
0.8546633606713714
0.854854091169178
0.8547587259202747
0.8544726301735648
0.8549494564180813
0.8551401869158879
0.8552355521647912
0.8553309174136945
0.8553309174136945
0.8551401869158879
0.8552355521647912
0.8551401869158879
0.8554262826625978
0.8553309174136945
0.8555216479115011
0.8555216479115011
0.8556170131604044
0.8554262826625978
0.8551401869158879
0.8553309174136945
0.8553309174136945
0.8551401869158879
0.8553309174136945
0.8552355521647912
0.8552355521647912
0.8553309174136945
0.8555216479115011
0.855807743658211
0.855807743658211
0.8560938394049209
0.8564753004005341
0.8566660308983406
0.8567613961472439
0.8566660308983406
0.8564753004005341
0.8568567613961472
0.8564753004005341
0.8564753004005341
0.8562845699027275
0.8562845699027275
0.8561892046538242
0.8560938394049209
0.8560938394049209
0.8559984741560176
0.8559984741560176
0.8559031089071143
0.8559031089071143
0.8557123784093077
0.8557123784093077
0.8557123784093077
0.8557123784093077
0.855807743658211
0.8560938394049209
0.8562845699027275
0.8559984741560176
0.8559984741560176
0.8559984741560176
0.855807743658211
0.8559984741560176
0.8559984741560176
0.8559984741560176
0.8559984741560176
0.8561892046538242
0.8565706656494373
0.8565706656494373
0.8563799351516308
0.8566660308983406
0.8566660308983406
0.8565706656494373
0.8565706656494373
0.8567613961472439
0.8568567613961472
0.8572382223917604
0.8576196833873736
0.8577150486362769
0.8578104138851802
0.8578104138851802
0.8580965096318901
0.8580965096318901
0.8581918748807934
0.8580965096318901
0.8583826053786
0.8583826053786
0.8584779706275033
0.8584779706275033
0.8583826053786
0.8583826053786
0.8585733358764066
0.8586687011253099
0.8586687011253099
0.8586687011253099
0.8586687011253099
0.8590501621209231
0.8587640663742132
0.8583826053786
0.8583826053786
0.8580965096318901
0.8581918748807934
0.8580965096318901
0.8580965096318901
0.8579057791340835
0.8578104138851802
0.8577150486362769
0.8577150486362769
0.8578104138851802
0.8576196833873736
0.8579057791340835
0.8578104138851802
0.8580011443829868
0.8580011443829868
0.8580965096318901
0.8580965096318901
0.8580965096318901
0.8580965096318901
0.8580965096318901
0.8581918748807934
0.8580011443829868
0.8579057791340835
0.8580965096318901
0.8580965096318901
0.8581918748807934
0.8582872401296967
0.8583826053786
0.8584779706275033
0.8582872401296967
0.8580965096318901
0.8579057791340835
0.8578104138851802
0.8578104138851802
0.8577150486362769
0.8580011443829868
0.8581918748807934
0.8580965096318901
0.8580011443829868
0.8580011443829868
0.8577150486362769
0.8576196833873736
0.8577150486362769
0.8576196833873736
0.8576196833873736
0.8577150486362769
0.8580011443829868
0.8576196833873736
0.8573335876406637
0.857428952889567
0.857428952889567
0.8572382223917604
0.8572382223917604
0.8572382223917604
0.8569521266450505
0.8563799351516308
0.8564753004005341
0.8566660308983406
0.8565706656494373
0.8564753004005341
0.8561892046538242
0.8564753004005341
0.8564753004005341
0.8563799351516308
0.8565706656494373
0.8563799351516308
0.8563799351516308
0.8559031089071143
0.8557123784093077
0.8559031089071143
0.8559031089071143
0.8556170131604044
0.8557123784093077
0.8557123784093077
0.8556170131604044
0.8556170131604044
0.8557123784093077
0.8557123784093077
0.8559984741560176
0.8559984741560176
0.8559031089071143
0.8559984741560176
0.855807743658211
0.8556170131604044
0.8555216479115011
0.8557123784093077
0.855807743658211
0.8555216479115011
0.8553309174136945
0.8547587259202747
0.8546633606713714
0.8545679954224681
0.8542818996757582
0.8542818996757582
0.8541865344268549
0.8542818996757582
0.8543772649246615
0.8540911691779516
0.8542818996757582
0.8541865344268549
0.8542818996757582
0.8542818996757582
0.8540911691779516
0.8541865344268549
0.853900438680145
0.8538050734312417
0.8535189776845318
0.8539958039290483
0.8537097081823384
0.8537097081823384
0.8537097081823384
0.8537097081823384
0.8538050734312417
0.853900438680145
0.853900438680145
0.8539958039290483
0.853900438680145
0.8541865344268549
0.8539958039290483
0.8539958039290483
0.8538050734312417
0.8540911691779516
0.8541865344268549
0.853900438680145
0.853900438680145
0.853900438680145
0.853900438680145
0.8538050734312417
0.8538050734312417
0.8536143429334351
0.8534236124356285
0.8536143429334351
0.8536143429334351
0.8536143429334351
0.8537097081823384
0.8537097081823384
0.8541865344268549
0.8541865344268549
0.8539958039290483
0.8538050734312417
0.8537097081823384
0.8537097081823384
0.8534236124356285
0.8532328819378219
0.8534236124356285
0.8531375166889186
0.8530421514400153
0.8531375166889186
0.852946786191112
0.8527560556933054
0.8525653251954988
0.8526606904444021
0.8524699599465955
0.8525653251954988
0.8523745946976922
0.8524699599465955
0.8523745946976922
0.8524699599465955
0.8524699599465955
0.8525653251954988
0.8524699599465955
0.8524699599465955
0.8525653251954988
0.8527560556933054
0.8528514209422087
0.8528514209422087
0.852946786191112
0.852946786191112
0.8526606904444021
0.8527560556933054
0.8528514209422087
0.8526606904444021
0.8525653251954988
0.8525653251954988
0.8525653251954988
0.8524699599465955
0.8527560556933054
0.8527560556933054
0.8528514209422087
0.8527560556933054
0.8525653251954988
0.8524699599465955
0.8525653251954988
0.8524699599465955
0.8524699599465955
0.8525653251954988
0.852946786191112
0.8528514209422087
0.8527560556933054
0.8530421514400153
0.8531375166889186
0.8532328819378219
0.8533282471867252
0.8533282471867252
0.8534236124356285
0.8534236124356285
0.8533282471867252
0.8534236124356285
0.8536143429334351
0.8537097081823384
0.8536143429334351
0.8535189776845318
0.8536143429334351
0.8536143429334351
0.8537097081823384
0.8536143429334351
0.8536143429334351
0.8536143429334351
0.8536143429334351
0.8536143429334351
0.8537097081823384
0.8538050734312417
0.8537097081823384
0.8535189776845318
0.8534236124356285
0.8534236124356285
0.8534236124356285
0.8533282471867252
0.8533282471867252
0.8533282471867252
0.8534236124356285
0.8534236124356285
0.8536143429334351
0.8538050734312417
0.8538050734312417
0.8538050734312417
0.8537097081823384
0.8537097081823384
0.8536143429334351
0.8537097081823384
0.8538050734312417
0.8539958039290483
0.8539958039290483
0.853900438680145
0.8540911691779516
0.8539958039290483
0.853900438680145
0.853900438680145
0.8538050734312417
0.853900438680145
0.8538050734312417
0.8539958039290483
0.853900438680145
0.853900438680145
0.8538050734312417
0.8538050734312417
0.8538050734312417
0.8538050734312417
0.8537097081823384
0.8538050734312417
0.8538050734312417
0.853900438680145
0.8539958039290483
0.8539958039290483
0.8541865344268549
0.8540911691779516
0.8540911691779516
0.8541865344268549
0.8541865344268549
0.8540911691779516
0.8542818996757582
0.8543772649246615
0.8542818996757582
0.8543772649246615
0.8543772649246615
0.8544726301735648
0.8545679954224681
0.8545679954224681
0.8546633606713714
0.854854091169178
0.854854091169178
0.8547587259202747
0.8547587259202747
0.8545679954224681
0.8545679954224681
0.8546633606713714
0.8546633606713714
0.8546633606713714
0.8547587259202747
0.8546633606713714
0.8546633606713714
0.8545679954224681
0.8546633606713714
0.8546633606713714
0.8546633606713714
0.8546633606713714
0.8546633606713714
0.854854091169178
0.854854091169178
0.854854091169178
0.8547587259202747
0.8546633606713714
0.854854091169178
0.8549494564180813
0.8550448216669846
0.8550448216669846
0.854854091169178
0.8546633606713714
0.8546633606713714
0.854854091169178
0.8549494564180813
0.8549494564180813
0.8549494564180813
0.8549494564180813
0.8550448216669846
0.8551401869158879
0.8552355521647912
0.8541865344268549
0.8543772649246615
0.8543772649246615
0.8547587259202747
0.8550448216669846
0.8549494564180813
0.8549494564180813
0.8549494564180813
0.8549494564180813
0.8550448216669846
0.8551401869158879
0.8549494564180813
0.8549494564180813
0.8549494564180813
0.8549494564180813
0.8547587259202747
0.8546633606713714
0.8546633606713714
0.8547587259202747
0.8546633606713714
0.8547587259202747
0.8546633606713714
0.8547587259202747
0.8544726301735648
0.8545679954224681
0.8545679954224681
0.8546633606713714
0.8547587259202747
0.8547587259202747
0.854854091169178
0.854854091169178
0.8549494564180813
0.854854091169178
0.854854091169178
0.854854091169178
0.8549494564180813
0.8549494564180813
0.8551401869158879
0.8552355521647912
0.8553309174136945
0.8551401869158879
0.8552355521647912
0.8551401869158879
0.8549494564180813
0.854854091169178
0.8547587259202747
0.8547587259202747
0.8553309174136945
0.8552355521647912
0.8550448216669846
0.8550448216669846
0.8549494564180813
0.8549494564180813
0.8549494564180813
0.8549494564180813
0.8549494564180813
0.8549494564180813
0.8549494564180813
0.854854091169178
0.854854091169178
0.8549494564180813
0.8550448216669846
0.8551401869158879
0.8552355521647912
0.8553309174136945
0.8554262826625978
0.8555216479115011
0.8555216479115011
0.8555216479115011
0.8555216479115011
0.8554262826625978
0.8555216479115011
0.8554262826625978
0.8555216479115011
0.8554262826625978
0.8553309174136945
0.8551401869158879
0.8552355521647912
0.8553309174136945
0.8553309174136945
0.8553309174136945
0.8553309174136945
0.8554262826625978
0.8555216479115011
0.8556170131604044
0.8559031089071143
0.8559984741560176
0.8561892046538242
0.8561892046538242
0.8561892046538242
0.8561892046538242
0.8561892046538242
0.8559031089071143
0.8559031089071143
0.8559984741560176
0.8559984741560176
0.8561892046538242
0.8562845699027275
0.8563799351516308
0.8565706656494373
0.8565706656494373
0.8565706656494373
0.8567613961472439
0.8568567613961472
0.8569521266450505
0.8569521266450505
0.8569521266450505
0.8568567613961472
0.8569521266450505
0.8570474918939538
0.8571428571428571
0.8573335876406637
0.8573335876406637
0.8572382223917604
0.8572382223917604
0.8571428571428571
0.8571428571428571
0.8572382223917604
0.8571428571428571
0.8572382223917604
0.8571428571428571
0.8572382223917604
0.857428952889567
0.857428952889567
0.8572382223917604
0.857428952889567
0.8575243181384703
0.8576196833873736
0.8576196833873736
0.8576196833873736
0.8577150486362769
0.8578104138851802
0.8580011443829868
0.8580011443829868
0.8579057791340835
0.8579057791340835
0.8579057791340835
0.8580011443829868
0.8580011443829868
0.8580011443829868
0.8580965096318901
0.8582872401296967
0.8584779706275033
0.8583826053786
0.8583826053786
0.8583826053786
0.8583826053786
0.8583826053786
0.8582872401296967
0.8581918748807934
0.8582872401296967
0.8583826053786
0.8585733358764066
0.8585733358764066
0.8587640663742132
0.8587640663742132
0.8586687011253099
0.8585733358764066
0.8587640663742132
0.8588594316231165
0.8587640663742132
0.8586687011253099
0.8588594316231165
0.8588594316231165
0.8585733358764066
0.8585733358764066
0.8585733358764066
0.8584779706275033
0.8584779706275033
0.8586687011253099
0.8586687011253099
0.8588594316231165
0.8589547968720198
0.8590501621209231
0.8590501621209231
0.8590501621209231
0.8591455273698264
0.8591455273698264
0.8591455273698264
0.8591455273698264
0.8592408926187297
0.8592408926187297
0.859336257867633
0.859336257867633
0.8594316231165363
0.8594316231165363
0.8584779706275033
0.8582872401296967
0.8580965096318901
0.8579057791340835
0.8579057791340835
0.8580011443829868
0.8579057791340835
0.8580965096318901
0.8578104138851802
0.8585733358764066
0.8585733358764066
0.8588594316231165
0.8592408926187297
0.8594316231165363
0.8599084493610528
0.8600038146099561
0.8600991798588594
0.8600038146099561
0.8600038146099561
0.8599084493610528
0.8600038146099561
0.8600038146099561
0.8600991798588594
0.8600991798588594
0.8600991798588594
0.860289910356666
0.8601945451077627
0.8598130841121495
0.8599084493610528
0.8600038146099561
0.8598130841121495
0.8598130841121495
0.8599084493610528
0.8600991798588594
0.8601945451077627
0.8600991798588594
0.8603852756055693
0.8606713713522792
0.8607667366011825
0.8607667366011825
0.8608621018500858
0.8608621018500858
0.8610528323478924
0.8611481975967957
0.861243562845699
0.8611481975967957
0.861243562845699
0.861243562845699
0.861243562845699
0.8615296585924089
0.8615296585924089
0.8615296585924089
0.8614342933435056
0.8615296585924089
0.8618157543391188
0.8620064848369254
0.8621018500858287
0.862197215334732
0.862197215334732
0.8622925805836353
0.8624833110814419
0.8625786763303452
0.8627694068281518
0.8625786763303452
0.8624833110814419
0.8624833110814419
0.8624833110814419
0.8626740415792485
0.8626740415792485
0.8626740415792485
0.8626740415792485
0.8627694068281518
0.8626740415792485
0.8626740415792485
0.8626740415792485
0.8626740415792485
0.8627694068281518
0.8628647720770551
0.8629601373259584
0.8630555025748617
0.863150867823765
0.863150867823765
0.863150867823765
0.8632462330726683
0.8632462330726683
0.863150867823765
0.8633415983215716
0.863150867823765
0.863150867823765
0.863150867823765
0.8632462330726683
0.8633415983215716
0.863436963570475
0.8632462330726683
0.863436963570475
0.8635323288193782
0.8635323288193782
0.8635323288193782
0.8635323288193782
0.8636276940682815
0.8638184245660881
0.8638184245660881
0.8638184245660881
0.8639137898149915
0.8640091550638948
0.8638184245660881
0.8639137898149915
0.864104520312798
0.8641998855617014
0.8642952508106047
0.8644859813084113
0.8644859813084113
0.8644859813084113
0.8644859813084113
0.8644859813084113
0.8644859813084113
0.8646767118062179
0.8647720770551212
0.8648674423040245
0.8649628075529278
0.8649628075529278
0.8650581728018311
0.8650581728018311
0.8649628075529278
0.8650581728018311
0.8649628075529278
0.8650581728018311
0.8650581728018311
0.8650581728018311
0.8650581728018311
0.8650581728018311
0.8650581728018311
0.8652489032996377
0.865344268548541
0.865344268548541
0.865344268548541
0.8654396337974443
0.8655349990463476
0.8655349990463476
0.8654396337974443
0.8656303642952509
0.8655349990463476
0.8656303642952509
0.8655349990463476
0.8654396337974443
0.8654396337974443
0.8654396337974443
0.8652489032996377
0.8652489032996377
0.8656303642952509
0.8657257295441542
0.8657257295441542
0.8657257295441542
0.8657257295441542
0.8656303642952509
0.8656303642952509
0.8655349990463476
0.8655349990463476
0.8655349990463476
0.8656303642952509
0.8656303642952509
0.8656303642952509
0.8658210947930574
0.8656303642952509
0.8658210947930574
0.8658210947930574
0.8658210947930574
0.8658210947930574
0.8658210947930574
0.8658210947930574
0.8659164600419607
0.866011825290864
0.866011825290864
0.8662025557886706
0.8663932862864772
0.8664886515353805
0.8663932862864772
0.8663932862864772
0.8663932862864772
0.8665840167842838
0.8666793820331871
0.8667747472820904
0.8670608430288003
0.866965477779897
0.866965477779897
0.8672515735266069
0.8672515735266069
0.8672515735266069
0.8672515735266069
0.8671562082777036
0.8671562082777036
0.8671562082777036
0.8671562082777036
0.8671562082777036
0.8672515735266069
0.8672515735266069
0.8672515735266069
0.8672515735266069
0.8674423040244135
0.8673469387755102
0.8674423040244135
0.8675376692733168
0.8674423040244135
0.8673469387755102
0.8674423040244135
0.8674423040244135
0.8673469387755102
0.8673469387755102
0.8673469387755102
0.8673469387755102
0.8674423040244135
0.8674423040244135
0.8677283997711234
0.86791913026893
0.8680144955178333
0.8681098607667366
0.8680144955178333
0.8680144955178333
0.86791913026893
0.86791913026893
0.8680144955178333
0.8682052260156399
0.8682052260156399
0.8683005912645432
0.8682052260156399
0.8682052260156399
0.8682052260156399
0.8683005912645432
0.8683005912645432
0.8683005912645432
0.8683005912645432
0.8683005912645432
0.8684913217623498
0.8684913217623498
0.8684913217623498
0.8684913217623498
0.8683959565134465
0.8683959565134465
0.8684913217623498
0.8685866870112531
0.868872782757963
0.8687774175090597
0.8687774175090597
0.868872782757963
0.8689681480068663
0.8689681480068663
0.8689681480068663
0.8689681480068663
0.8689681480068663
0.8690635132557696
0.8690635132557696
0.8690635132557696
0.8691588785046729
0.8692542437535762
0.8694449742513828
0.8694449742513828
0.8694449742513828
0.8693496090024795
0.8693496090024795
0.8693496090024795
0.8694449742513828
0.8695403395002861
0.8695403395002861
0.8695403395002861
0.8695403395002861
0.8695403395002861
0.8696357047491894
0.8696357047491894
0.8696357047491894
0.8696357047491894
0.8696357047491894
0.8697310699980927
0.869826435246996
0.8699218004958993
0.8699218004958993
0.8699218004958993
0.869826435246996
0.8699218004958993
0.8699218004958993
0.8699218004958993
0.8699218004958993
0.8699218004958993
0.8702078962426092
0.8703032614915125
0.8703032614915125
0.8703986267404158
0.8705893572382224
0.8706847224871257
0.8706847224871257
0.8705893572382224
0.870780087736029
0.870780087736029
0.870780087736029
0.870780087736029
0.870780087736029
0.8708754529849323
0.8708754529849323
0.8709708182338356
0.8709708182338356
0.8709708182338356
0.8710661834827389
0.8710661834827389
0.8710661834827389
0.8710661834827389
0.8710661834827389
0.8710661834827389
0.8709708182338356
0.8709708182338356
0.8710661834827389
0.8710661834827389
0.8710661834827389
0.8711615487316422
0.8711615487316422
0.8712569139805455
0.8712569139805455
0.8712569139805455
0.8712569139805455
0.8713522792294488
0.8715430097272554
0.8715430097272554
0.8714476444783521
0.8714476444783521
0.8714476444783521
0.8715430097272554
0.871733740225062
0.8716383749761587
0.8716383749761587
0.8718291054739653
0.871733740225062
0.871733740225062
0.871733740225062
0.871733740225062
0.871733740225062
0.8715430097272554
0.8716383749761587
0.8716383749761587
0.8716383749761587
0.8716383749761587
0.871733740225062
0.871733740225062
0.8718291054739653
0.871733740225062
0.8718291054739653
0.8718291054739653
0.8718291054739653
0.871733740225062
0.8718291054739653
0.8719244707228686
0.8718291054739653
0.8718291054739653
0.8719244707228686
0.8719244707228686
0.8719244707228686
0.8720198359717719
0.8720198359717719
0.8720198359717719
0.8720198359717719
0.8719244707228686
0.8721152012206752
0.8722105664695785
0.8723059317184818
0.8723059317184818
0.8723059317184818
0.8724012969673851
0.8723059317184818
0.8724012969673851
0.8724012969673851
0.8724012969673851
0.8724012969673851
0.8724966622162884
0.8724966622162884
0.8724966622162884
0.8724966622162884
0.8727827579629983
0.8728781232119016
0.8728781232119016
0.8728781232119016
0.8728781232119016
0.8729734884608049
0.8730688537097082
0.8731642189586115
0.8730688537097082
0.8730688537097082
0.8730688537097082
0.8730688537097082
0.8729734884608049
0.8730688537097082
0.8729734884608049
0.8729734884608049
0.8730688537097082
0.8732595842075148
0.8731642189586115
0.8731642189586115
0.8730688537097082
0.8729734884608049
0.8729734884608049
0.8729734884608049
0.8729734884608049
0.8729734884608049
0.8729734884608049
0.8729734884608049
0.8727827579629983
0.8727827579629983
0.8727827579629983
0.8728781232119016
0.8728781232119016
0.8728781232119016
0.8727827579629983
0.872687392714095
0.872687392714095
0.872687392714095
0.8725920274651917
0.8725920274651917
0.8725920274651917
0.8725920274651917
0.8728781232119016
0.8728781232119016
0.8728781232119016
0.8728781232119016
0.8728781232119016
0.8727827579629983
0.8727827579629983
0.872687392714095
0.872687392714095
0.872687392714095
0.8727827579629983
0.8728781232119016
0.8728781232119016
0.8728781232119016
0.8728781232119016
0.8729734884608049
0.8729734884608049
0.8730688537097082
0.8730688537097082
0.8730688537097082
0.8730688537097082
0.8731642189586115
0.8731642189586115
0.8731642189586115
0.8731642189586115
0.8732595842075148
0.8732595842075148
0.8733549494564181
0.8733549494564181
0.8734503147053214
0.8734503147053214
0.8735456799542247
0.8735456799542247
0.8735456799542247
0.8734503147053214
0.8735456799542247
0.8735456799542247
0.8735456799542247
0.8735456799542247
0.8734503147053214
0.8735456799542247
0.8735456799542247
0.8735456799542247
0.8735456799542247
0.8735456799542247
0.873641045203128
0.8735456799542247
0.8735456799542247
0.8735456799542247
0.8734503147053214
0.8734503147053214
0.8734503147053214
0.8735456799542247
0.8735456799542247
0.8735456799542247
0.8737364104520313
0.8734503147053214
0.8733549494564181
0.8733549494564181
0.8733549494564181
0.8732595842075148
0.8732595842075148
0.8733549494564181
0.8733549494564181
0.873641045203128
0.8737364104520313
0.873641045203128
0.8737364104520313
0.8737364104520313
0.8737364104520313
0.8737364104520313
0.8737364104520313
0.8737364104520313
0.8738317757009346
0.8739271409498379
0.8740225061987412
0.8740225061987412
0.8739271409498379
0.8739271409498379
0.8739271409498379
0.8740225061987412
0.8739271409498379
0.8739271409498379
0.8738317757009346
0.8739271409498379
0.8740225061987412
0.8740225061987412
0.8740225061987412
0.8740225061987412
0.8739271409498379
0.8738317757009346
0.8738317757009346
0.8738317757009346
0.8738317757009346
0.8738317757009346
0.8738317757009346
0.8738317757009346
0.8739271409498379
0.8740225061987412
0.8739271409498379
0.8739271409498379
0.8739271409498379
0.8738317757009346
0.8738317757009346
0.8739271409498379
0.8739271409498379
0.8739271409498379
0.8739271409498379
0.8740225061987412
0.8739271409498379
0.8741178714476445
0.8741178714476445
0.8743086019454511
0.8743086019454511
0.8743086019454511
0.8743086019454511
0.8744993324432577
0.8744993324432577
0.8743086019454511
0.8743086019454511
0.8744993324432577
0.874594697692161
0.874594697692161
0.874594697692161
0.8744993324432577
0.8744993324432577
0.8744993324432577
0.8744993324432577
0.874594697692161
0.874594697692161
0.874594697692161
0.874594697692161
0.874594697692161
0.874594697692161
0.8746900629410643
0.8746900629410643
0.8747854281899676
0.8747854281899676
0.8748807934388709
0.8747854281899676
0.8747854281899676
0.8746900629410643
0.8747854281899676
0.8746900629410643
0.8747854281899676
0.8747854281899676
0.8748807934388709
0.8747854281899676
0.8748807934388709
0.8747854281899676
0.8747854281899676
0.8746900629410643
0.8747854281899676
0.8746900629410643
0.8746900629410643
0.8746900629410643
0.8746900629410643
0.8747854281899676
0.8747854281899676
0.8746900629410643
0.8746900629410643
0.8746900629410643
0.874594697692161
0.874594697692161
0.874594697692161
0.8746900629410643
0.874594697692161
0.8743086019454511
0.8744039671943544
0.8744039671943544
0.8744039671943544
0.8744039671943544
0.8743086019454511
0.8743086019454511
0.8743086019454511
0.8742132366965478
0.8743086019454511
0.8742132366965478
0.8741178714476445
0.8741178714476445
0.8741178714476445
0.8743086019454511
0.8744039671943544
0.8742132366965478
0.8741178714476445
0.8740225061987412
0.8743086019454511
0.8742132366965478
0.8742132366965478
0.8742132366965478
0.8743086019454511
0.8744993324432577
0.8744993324432577
0.8744993324432577
0.8744993324432577
0.8744039671943544
0.8744993324432577
0.8744039671943544
0.8744039671943544
0.8744039671943544
0.8744039671943544
0.8744039671943544
0.8744993324432577
0.874594697692161
0.8744993324432577
0.8744993324432577
0.8744993324432577
0.874594697692161
0.874594697692161
0.8744993324432577
0.8744993324432577
0.874594697692161
0.874594697692161
0.874594697692161
0.874594697692161
0.8744039671943544
0.8744993324432577
0.8744993324432577
0.874594697692161
0.874594697692161
0.874594697692161
0.8746900629410643
0.874594697692161
0.8746900629410643
0.874594697692161
0.874594697692161
0.8744993324432577
0.8744039671943544
0.8744039671943544
0.8744039671943544
0.8744039671943544
0.8744039671943544
0.8744039671943544
0.8744039671943544
0.8744993324432577
0.8744993324432577
0.8744039671943544
0.8744039671943544
0.8744039671943544
0.8743086019454511
0.8743086019454511
0.8743086019454511
0.8744039671943544
0.8744039671943544
0.8744039671943544
0.8743086019454511
0.8743086019454511
0.8743086019454511
0.8744039671943544
0.8744039671943544
0.8744039671943544
0.8744993324432577
0.8743086019454511
0.8744039671943544
0.8744039671943544
0.8744039671943544
0.8744039671943544
0.8744039671943544
0.8744039671943544
0.8744039671943544
0.8744993324432577
0.8744993324432577
0.8744039671943544
0.8744993324432577
0.874594697692161
0.874594697692161
0.874594697692161
0.8744993324432577
0.874594697692161
0.874594697692161
0.874594697692161
0.8746900629410643
0.8747854281899676
0.8748807934388709
0.8748807934388709
0.8748807934388709
0.8748807934388709
0.8747854281899676
0.8747854281899676
0.8746900629410643
0.8747854281899676
0.8746900629410643
0.8746900629410643
0.8746900629410643
0.8747854281899676
0.8747854281899676
0.8747854281899676
0.8747854281899676
0.8749761586877742
0.8751668891855807
0.875262254434484
0.8751668891855807
0.8750715239366774
0.8751668891855807
0.875262254434484
0.8751668891855807
0.8751668891855807
0.8751668891855807
0.8751668891855807
0.8751668891855807
0.8751668891855807
0.8751668891855807
0.8751668891855807
0.8751668891855807
0.8751668891855807
0.8751668891855807
0.8751668891855807
0.875262254434484
0.8754529849322906
0.8754529849322906
0.8754529849322906
0.8753576196833873
0.8755483501811939
0.8754529849322906
0.8755483501811939
0.8756437154300972
0.8756437154300972
0.8756437154300972
0.8755483501811939
0.8755483501811939
0.8758344459279038
0.8757390806790005
0.8757390806790005
0.8757390806790005
0.8757390806790005
0.8757390806790005
0.8756437154300972
0.8756437154300972
0.8756437154300972
0.8759298111768071
0.8759298111768071
0.8760251764257104
0.876215906923517
0.8764066374213236
0.8763112721724203
0.8764066374213236
0.8765020026702269
0.8765020026702269
0.8764066374213236
0.876215906923517
0.876215906923517
0.8760251764257104
0.8761205416746137
0.8760251764257104
0.8760251764257104
0.8761205416746137
0.876215906923517
0.8763112721724203
0.8763112721724203
0.8763112721724203
0.8763112721724203
0.8764066374213236
0.8763112721724203
0.8763112721724203
0.8763112721724203
0.8763112721724203
0.8764066374213236
0.8765020026702269
0.8765973679191302
0.8764066374213236
0.8764066374213236
0.8764066374213236
0.8764066374213236
0.8764066374213236
0.8764066374213236
0.8765020026702269
0.8764066374213236
0.8765020026702269
0.8765973679191302
0.8765020026702269
0.8765020026702269
0.8765020026702269
0.8765020026702269
0.8765973679191302
0.8766927331680335
0.8765973679191302
0.8767880984169368
0.8767880984169368
0.8767880984169368
0.8769788289147434
0.8768834636658401
0.8767880984169368
0.8767880984169368
0.8769788289147434
0.8773602899103566
0.8773602899103566
0.8772649246614533
0.8775510204081632
0.8774556551592599
0.8776463856570665
0.8775510204081632
0.8776463856570665
0.8776463856570665
0.8776463856570665
0.8777417509059698
0.8776463856570665
0.8776463856570665
0.8777417509059698
0.8777417509059698
0.8777417509059698
0.8776463856570665
0.8776463856570665
0.8775510204081632
0.8775510204081632
0.8774556551592599
0.8774556551592599
0.8776463856570665
0.8777417509059698
0.8777417509059698
0.8778371161548731
0.8779324814037764
0.8780278466526797
0.878123211901583
0.878123211901583
0.8782185771504863
0.8782185771504863
0.878409307648293
0.8785046728971962
0.8785046728971962
0.878409307648293
0.878409307648293
0.878409307648293
0.878409307648293
0.8785046728971962
0.8785046728971962
0.8785046728971962
0.8785046728971962
0.8785046728971962
0.8785046728971962
0.878409307648293
0.878409307648293
0.878409307648293
0.878409307648293
0.8783139423993896
0.878123211901583
0.8782185771504863
0.8780278466526797
0.878123211901583
0.8780278466526797
0.8780278466526797
0.8778371161548731
0.8778371161548731
0.8779324814037764
0.8778371161548731
0.8779324814037764
0.8779324814037764
0.8778371161548731
0.8778371161548731
0.8777417509059698
0.8777417509059698
0.8777417509059698
0.8776463856570665
0.8775510204081632
0.8775510204081632
0.8775510204081632
0.8777417509059698
0.8778371161548731
0.8778371161548731
0.8778371161548731
0.8778371161548731
0.8777417509059698
0.8777417509059698
0.8777417509059698
0.8775510204081632
0.8775510204081632
0.8775510204081632
0.8775510204081632
0.8776463856570665
0.8775510204081632
0.8775510204081632
0.8775510204081632
0.8774556551592599
0.8774556551592599
0.8773602899103566
0.8773602899103566
0.8772649246614533
0.8772649246614533
0.8772649246614533
0.8772649246614533
0.8772649246614533
0.8772649246614533
0.87716955941255
0.87716955941255
0.8770741941636467
0.8770741941636467
0.8770741941636467
0.8770741941636467
0.8770741941636467
0.87716955941255
0.8770741941636467
0.8770741941636467
0.8770741941636467
0.8770741941636467
0.8770741941636467
0.8770741941636467
0.8769788289147434
0.8770741941636467
0.8770741941636467
0.87716955941255
0.8770741941636467
0.8770741941636467
0.8768834636658401
0.8768834636658401
0.8766927331680335
0.8765973679191302
0.8765020026702269
0.8764066374213236
0.8764066374213236
0.8764066374213236
0.8764066374213236
0.8764066374213236
0.8764066374213236
0.8765020026702269
0.8765020026702269
0.8765020026702269
0.8765020026702269
0.8765020026702269
0.8765020026702269
0.8763112721724203
0.8763112721724203
0.8764066374213236
0.8765020026702269
0.8764066374213236
0.8763112721724203
0.8763112721724203
0.876215906923517
0.8763112721724203
0.8763112721724203
0.8763112721724203
0.8763112721724203
0.876215906923517
0.876215906923517
0.876215906923517
0.876215906923517
0.876215906923517
0.876215906923517
0.8761205416746137
0.8761205416746137
0.8761205416746137
0.8761205416746137
0.8760251764257104
0.8759298111768071
0.8759298111768071
0.8759298111768071
0.8759298111768071
0.8760251764257104
0.8760251764257104
0.8761205416746137
0.876215906923517
0.8763112721724203
0.8763112721724203
0.8763112721724203
0.8763112721724203
0.8763112721724203
0.8764066374213236
0.8764066374213236
0.8764066374213236
0.8764066374213236
0.8763112721724203
0.876215906923517
0.8761205416746137
0.876215906923517
0.876215906923517
0.876215906923517
0.8761205416746137
0.8761205416746137
0.8760251764257104
0.8760251764257104
0.8758344459279038
0.8758344459279038
0.8758344459279038
0.8758344459279038
0.8758344459279038
0.8758344459279038
0.8758344459279038
0.8758344459279038
0.8758344459279038
0.8758344459279038
0.8758344459279038
0.8757390806790005
0.8757390806790005
0.8758344459279038
0.8757390806790005
0.8758344459279038
0.8759298111768071
0.8760251764257104
0.8760251764257104
0.8759298111768071
0.8759298111768071
0.8756437154300972
0.8756437154300972
0.8754529849322906
0.8754529849322906
0.8754529849322906
0.8754529849322906
0.8754529849322906
0.8755483501811939
0.8755483501811939
0.8755483501811939
0.8755483501811939
0.8756437154300972
0.8755483501811939
0.8757390806790005
0.8757390806790005
0.8757390806790005
0.8757390806790005
0.8757390806790005
0.8758344459279038
0.8758344459279038
0.8758344459279038
0.8758344459279038
0.8757390806790005
0.8755483501811939
0.8755483501811939
0.8754529849322906
0.875262254434484
0.8751668891855807
0.8751668891855807
0.8751668891855807
0.8751668891855807
0.8751668891855807
0.8751668891855807
0.8750715239366774
0.8750715239366774
0.8750715239366774
0.8749761586877742
0.8749761586877742
0.8749761586877742
0.8749761586877742
0.8749761586877742
0.8750715239366774
0.8751668891855807
0.8750715239366774
0.8749761586877742
0.8749761586877742
0.8750715239366774
0.8751668891855807
0.8751668891855807
0.875262254434484
0.875262254434484
0.875262254434484
0.875262254434484
0.875262254434484
0.875262254434484
0.875262254434484
0.875262254434484
0.8754529849322906
0.8755483501811939
0.8755483501811939
0.8755483501811939
0.8755483501811939
0.8755483501811939
0.8754529849322906
0.8754529849322906
0.8753576196833873
0.8755483501811939
0.8755483501811939
0.8755483501811939
0.8755483501811939
0.8755483501811939
0.8755483501811939
0.8756437154300972
0.8756437154300972
0.8755483501811939
0.8755483501811939
0.8755483501811939
0.8754529849322906
0.8755483501811939
0.8754529849322906
0.8753576196833873
0.8753576196833873
0.875262254434484
0.8751668891855807
0.8751668891855807
0.8751668891855807
0.8751668891855807
0.875262254434484
0.8754529849322906
0.8755483501811939
0.8754529849322906
0.8754529849322906
0.8753576196833873
0.875262254434484
0.875262254434484
0.875262254434484
0.875262254434484
0.8753576196833873
0.8753576196833873
0.8755483501811939
0.8755483501811939
0.8755483501811939
0.8755483501811939
0.8754529849322906
0.8754529849322906
0.8754529849322906
0.8754529849322906
0.8755483501811939
0.8756437154300972
0.8757390806790005
0.8757390806790005
0.8757390806790005
0.8759298111768071
0.8759298111768071
0.8759298111768071
0.8759298111768071
0.8758344459279038
0.8758344459279038
0.8758344459279038
0.8758344459279038
0.8758344459279038
0.8758344459279038
0.8756437154300972
0.8759298111768071
0.8759298111768071
0.8760251764257104
0.8761205416746137
0.8761205416746137
0.8761205416746137
0.8761205416746137
0.876215906923517
0.876215906923517
0.8763112721724203
0.8763112721724203
0.8764066374213236
0.8764066374213236
0.8763112721724203
0.8764066374213236
0.8763112721724203
0.8763112721724203
0.8763112721724203
0.8763112721724203
0.8764066374213236
0.8763112721724203
0.8763112721724203
0.8764066374213236
0.8764066374213236
0.8764066374213236
0.8764066374213236
0.8764066374213236
0.8764066374213236
0.8764066374213236
0.8764066374213236
0.8765020026702269
0.8765020026702269
0.8764066374213236
0.8765020026702269
0.8764066374213236
0.8765020026702269
0.8765973679191302
0.8765973679191302
0.8765973679191302
0.8767880984169368
0.8766927331680335
0.8765973679191302
0.8765973679191302
0.8764066374213236
0.8765973679191302
0.8765973679191302
0.8764066374213236
0.8765020026702269
0.8765020026702269
0.8765020026702269
0.8765020026702269
0.8765020026702269
0.8765973679191302
0.8766927331680335
0.876215906923517
0.8754529849322906
0.8758344459279038
0.8756437154300972
0.8758344459279038
0.8757390806790005
0.8759298111768071
0.8761205416746137
0.8761205416746137
0.8763112721724203
0.8764066374213236
0.8763112721724203
0.8764066374213236
0.8761205416746137
0.8761205416746137
0.8763112721724203
0.8763112721724203
0.8763112721724203
0.8763112721724203
0.8764066374213236
0.8764066374213236
0.8764066374213236
0.8765020026702269
0.8765020026702269
0.8765020026702269
0.8765020026702269
0.8765020026702269
0.8765020026702269
0.8765973679191302
0.8765973679191302
0.8765973679191302
0.8765973679191302
0.8765973679191302
0.8765973679191302
0.8766927331680335
0.8767880984169368
0.8765973679191302
0.8765973679191302
0.8765973679191302
0.8765973679191302
0.8765973679191302
0.8765973679191302
0.8765973679191302
0.8767880984169368
0.8766927331680335
0.8765973679191302
0.8765020026702269
0.8765020026702269
0.8764066374213236
0.8763112721724203
0.8763112721724203
0.876215906923517
0.8764066374213236
0.8764066374213236
0.8764066374213236
0.8764066374213236
0.8763112721724203
0.8763112721724203
0.8764066374213236
0.8764066374213236
0.8764066374213236
0.8764066374213236
0.8764066374213236
0.8763112721724203
0.8763112721724203
0.8763112721724203
0.876215906923517
0.8761205416746137
0.8761205416746137
0.876215906923517
0.8763112721724203
0.876215906923517
0.876215906923517
0.876215906923517
0.876215906923517
0.876215906923517
0.8763112721724203
0.8763112721724203
0.8763112721724203
0.8763112721724203
0.8763112721724203
0.8763112721724203
0.8764066374213236
0.8765020026702269
0.8765020026702269
0.8765020026702269
0.8766927331680335
0.8767880984169368
0.8767880984169368
0.8767880984169368
0.8767880984169368
0.8767880984169368
0.8767880984169368
0.8768834636658401
0.8768834636658401
0.8768834636658401
0.8768834636658401
0.8766927331680335
0.8767880984169368
0.8767880984169368
0.8768834636658401
0.8768834636658401
0.8768834636658401
0.8768834636658401
0.8767880984169368
0.8768834636658401
0.8770741941636467
0.8772649246614533
0.8772649246614533
0.87716955941255
0.87716955941255
0.87716955941255
0.87716955941255
0.87716955941255
0.87716955941255
0.8770741941636467
0.8770741941636467
0.8770741941636467
0.8769788289147434
0.8769788289147434
0.8769788289147434
0.8769788289147434
0.8768834636658401
0.8769788289147434
0.8769788289147434
0.8768834636658401
0.8769788289147434
0.8769788289147434
0.8769788289147434
0.8769788289147434
0.8770741941636467
0.8770741941636467
0.8772649246614533
0.8773602899103566
0.8775510204081632
0.8775510204081632
0.8776463856570665
0.8777417509059698
0.8777417509059698
0.8778371161548731
0.8778371161548731
0.8779324814037764
0.8778371161548731
0.8778371161548731
0.8780278466526797
0.8780278466526797
0.8780278466526797
0.878123211901583
0.8782185771504863
0.8782185771504863
0.8782185771504863
0.878123211901583
0.878123211901583
0.8782185771504863
0.8783139423993896
0.878409307648293
0.8783139423993896
0.8782185771504863
0.8782185771504863
0.8783139423993896
0.8782185771504863
0.8783139423993896
0.8783139423993896
0.8783139423993896
0.8783139423993896
0.8783139423993896
0.8783139423993896
0.8783139423993896
0.8783139423993896
0.878409307648293
0.8786000381460995
0.8786000381460995
0.8785046728971962
0.8786000381460995
0.8786000381460995
0.8786000381460995
0.8786000381460995
0.8786954033950028
0.8786954033950028
0.8786954033950028
0.8786000381460995
0.8786000381460995
0.8786954033950028
0.8787907686439062
0.8787907686439062
0.8787907686439062
0.8787907686439062
0.8787907686439062
0.8787907686439062
0.8787907686439062
0.8787907686439062
0.8787907686439062
0.8787907686439062
0.8787907686439062
0.8789814991417128
0.8789814991417128
0.8788861338928095
0.8787907686439062
0.8788861338928095
0.8788861338928095
0.8788861338928095
0.8789814991417128
0.8788861338928095
0.8787907686439062
0.8787907686439062
0.8787907686439062
0.8787907686439062
0.8789814991417128
0.8789814991417128
0.8788861338928095
0.8789814991417128
0.8788861338928095
0.879076864390616
0.8791722296395194
0.879076864390616
0.879362960137326
0.879362960137326
0.8791722296395194
0.8792675948884227
0.8792675948884227
0.8795536906351326
0.8796490558840359
0.8796490558840359
0.8796490558840359
0.8795536906351326
0.8794583253862293
0.8794583253862293
0.8796490558840359
0.8795536906351326
0.8794583253862293
0.8796490558840359
0.8795536906351326
0.8795536906351326
0.8796490558840359
0.8796490558840359
0.8797444211329392
0.8797444211329392
0.8799351516307458
0.8797444211329392
0.8798397863818425
0.8800305168796491
0.8800305168796491
0.8799351516307458
0.8798397863818425
0.8800305168796491
0.8798397863818425
0.8799351516307458
0.8800305168796491
0.8801258821285524
0.8800305168796491
0.8802212473774557
0.8802212473774557
0.8802212473774557
0.8801258821285524
0.8800305168796491
0.8799351516307458
0.8802212473774557
0.8802212473774557
0.880316612626359
0.8804119778752623
0.880316612626359
0.8804119778752623
0.880316612626359
0.8805073431241656
0.8804119778752623
0.8804119778752623
0.880316612626359
0.8804119778752623
0.8807934388708755
0.8806027083730689
0.8806980736219722
0.8808888041197788
0.8808888041197788
0.8809841693686821
0.8809841693686821
0.8810795346175854
0.8811748998664887
0.8810795346175854
0.8810795346175854
0.8810795346175854
0.8809841693686821
0.8810795346175854
0.8810795346175854
0.8810795346175854
0.8810795346175854
0.8809841693686821
0.8809841693686821
0.8809841693686821
0.8809841693686821
0.8810795346175854
0.8809841693686821
0.8810795346175854
0.8811748998664887
0.8811748998664887
0.881270265115392
0.8814609956131986
0.8815563608621019
0.8815563608621019
0.8814609956131986
0.8814609956131986
0.8816517261110052
0.8814609956131986
0.8815563608621019
0.8816517261110052
0.8816517261110052
0.8818424566088118
0.8819378218577151
0.8819378218577151
0.8820331871066184
0.8820331871066184
0.8820331871066184
0.8820331871066184
0.8820331871066184
0.8820331871066184
0.8821285523555217
0.8823192828533283
0.8823192828533283
0.8824146481022316
0.8824146481022316
0.8824146481022316
0.8826053786000382
0.8825100133511349
0.8825100133511349
0.8826053786000382
0.8826053786000382
0.8826053786000382
0.8825100133511349
0.8825100133511349
0.8824146481022316
0.8826053786000382
0.8827961090978448
0.8827961090978448
0.8827961090978448
0.8826053786000382
0.8828914743467481
0.8828914743467481
0.8828914743467481
0.8828914743467481
0.8827007438489415
0.8827961090978448
0.8827961090978448
0.8828914743467481
0.8829868395956514
0.8829868395956514
0.8829868395956514
0.8829868395956514
0.8829868395956514
0.8829868395956514
0.883177570093458
0.883177570093458
0.883177570093458
0.883177570093458
0.883177570093458
0.8830822048445547
0.8830822048445547
0.8830822048445547
0.883177570093458
0.8830822048445547
0.8830822048445547
0.883177570093458
0.883177570093458
0.8832729353423613
0.8833683005912646
0.8833683005912646
0.8833683005912646
0.8829868395956514
0.8829868395956514
0.883177570093458
0.883177570093458
0.883177570093458
0.883177570093458
0.8832729353423613
0.8832729353423613
0.8833683005912646
0.8833683005912646
0.8833683005912646
0.8834636658401679
0.883177570093458
0.8832729353423613
0.8832729353423613
0.8835590310890712
0.8835590310890712
0.8835590310890712
0.8834636658401679
0.8834636658401679
0.8833683005912646
0.8833683005912646
0.8816517261110052
0.8821285523555217
0.8824146481022316
0.8826053786000382
0.8827007438489415
0.8828914743467481
0.8828914743467481
0.8827961090978448
0.8829868395956514
0.8829868395956514
0.8829868395956514
0.8829868395956514
0.8829868395956514
0.8830822048445547
0.8830822048445547
0.883177570093458
0.8830822048445547
0.883177570093458
0.8832729353423613
0.8832729353423613
0.8832729353423613
0.8833683005912646
0.8832729353423613
0.883177570093458
0.883177570093458
0.883177570093458
0.8832729353423613
0.8833683005912646
0.8834636658401679
0.8834636658401679
0.8834636658401679
0.8833683005912646
0.8833683005912646
0.8833683005912646
0.8832729353423613
0.8832729353423613
0.883177570093458
0.8832729353423613
0.8832729353423613
0.8832729353423613
0.8832729353423613
0.883177570093458
0.883177570093458
0.883177570093458
0.883177570093458
0.883177570093458
0.883177570093458
0.8830822048445547
0.8829868395956514
0.8829868395956514
0.8830822048445547
0.8832729353423613
0.8832729353423613
0.8830822048445547
0.8832729353423613
0.8832729353423613
0.8832729353423613
0.8832729353423613
0.8832729353423613
0.8832729353423613
0.8832729353423613
0.8832729353423613
0.8832729353423613
0.8832729353423613
0.883177570093458
0.883177570093458
0.8832729353423613
0.8832729353423613
0.8833683005912646
0.8833683005912646
0.8832729353423613
0.883177570093458
0.883177570093458
0.8833683005912646
0.8834636658401679
0.8834636658401679
0.8834636658401679
0.8835590310890712
0.8836543963379745
0.8833683005912646
0.8836543963379745
0.8837497615868778
0.8837497615868778
0.8837497615868778
0.8837497615868778
0.8836543963379745
0.8836543963379745
0.8836543963379745
0.8836543963379745
0.8836543963379745
0.8838451268357811
0.8835590310890712
0.8836543963379745
0.8836543963379745
0.8836543963379745
0.8836543963379745
0.8836543963379745
0.8836543963379745
0.8836543963379745
0.8836543963379745
0.8836543963379745
0.8836543963379745
0.8836543963379745
0.8838451268357811
0.8838451268357811
0.8839404920846844
0.8840358573335877
0.8840358573335877
0.8840358573335877
0.8840358573335877
0.8839404920846844
0.8840358573335877
0.8840358573335877
0.884131222582491
0.884131222582491
0.884131222582491
0.884131222582491
0.8838451268357811
0.8837497615868778
0.8837497615868778
0.8837497615868778
0.8838451268357811
0.8838451268357811
0.8839404920846844
0.8839404920846844
0.8840358573335877
0.884131222582491
0.884131222582491
0.884131222582491
0.884131222582491
0.884131222582491
0.8840358573335877
0.8840358573335877
0.8840358573335877
0.8840358573335877
0.8840358573335877
0.8840358573335877
0.884131222582491
0.8840358573335877
0.884131222582491
0.884131222582491
0.8842265878313943
0.8843219530802975
0.8843219530802975
0.8843219530802975
0.8843219530802975
0.8842265878313943
0.8842265878313943
0.8843219530802975
0.8842265878313943
0.8843219530802975
0.8843219530802975
0.8843219530802975
0.8843219530802975
0.8843219530802975
0.8844173183292008
0.8843219530802975
0.8842265878313943
0.884131222582491
0.884131222582491
0.8842265878313943
0.8842265878313943
0.8842265878313943
0.8842265878313943
0.8843219530802975
0.8843219530802975
0.8843219530802975
0.8845126835781041
0.8844173183292008
0.8844173183292008
0.8844173183292008
0.8844173183292008
0.8844173183292008
0.8844173183292008
0.8844173183292008
0.8843219530802975
0.8843219530802975
0.8842265878313943
0.8842265878313943
0.8842265878313943
0.8842265878313943
0.8842265878313943
0.8843219530802975
0.8843219530802975
0.8843219530802975
0.8843219530802975
0.8843219530802975
0.8843219530802975
0.8844173183292008
0.8844173183292008
0.8844173183292008
0.8844173183292008
0.8844173183292008
0.8845126835781041
0.8845126835781041
0.8845126835781041
0.8845126835781041
0.8845126835781041
0.8846080488270074
0.8846080488270074
0.8847034140759107
0.8846080488270074
0.8846080488270074
0.8845126835781041
0.8846080488270074
0.8846080488270074
0.8846080488270074
0.8846080488270074
0.8846080488270074
0.8846080488270074
0.8847034140759107
0.884798779324814
0.8847034140759107
0.8847034140759107
0.8846080488270074
0.8846080488270074
0.8847034140759107
0.8847034140759107
0.8847034140759107
0.8840358573335877
0.8843219530802975
0.8846080488270074
0.884798779324814
0.8846080488270074
0.884798779324814
0.884798779324814
0.8848941445737173
0.8850848750715239
0.8851802403204272
0.8851802403204272
0.8849895098226206
0.8850848750715239
0.8851802403204272
0.8851802403204272
0.8850848750715239
0.8850848750715239
0.8849895098226206
0.8848941445737173
0.8847034140759107
0.8847034140759107
0.8847034140759107
0.8846080488270074
0.8846080488270074
0.8847034140759107
0.8847034140759107
0.884798779324814
0.884798779324814
0.884798779324814
0.8848941445737173
0.8848941445737173
0.8848941445737173
0.8848941445737173
0.8848941445737173
0.8848941445737173
0.8848941445737173
0.8848941445737173
0.8848941445737173
0.8848941445737173
0.8848941445737173
0.8848941445737173
0.884798779324814
0.884798779324814
0.8848941445737173
0.8849895098226206
0.8849895098226206
0.8849895098226206
0.8849895098226206
0.8849895098226206
0.8850848750715239
0.8850848750715239
0.8849895098226206
0.8849895098226206
0.8849895098226206
0.8851802403204272
0.8852756055693305
0.8850848750715239
0.8850848750715239
0.8850848750715239
0.8850848750715239
0.8850848750715239
0.8850848750715239
0.8850848750715239
0.8850848750715239
0.8850848750715239
0.8850848750715239
0.8850848750715239
0.8850848750715239
0.8850848750715239
0.8850848750715239
0.8850848750715239
0.8850848750715239
0.8850848750715239
0.8850848750715239
0.8850848750715239
0.8849895098226206
0.8849895098226206
0.8849895098226206
0.8849895098226206
0.8849895098226206
0.8849895098226206
0.8849895098226206
0.8850848750715239
0.8849895098226206
0.8849895098226206
0.8849895098226206
0.8849895098226206
0.8849895098226206
0.8849895098226206
0.8849895098226206
0.8849895098226206
0.8849895098226206
0.8849895098226206
0.8849895098226206
0.8849895098226206
0.8849895098226206
0.8849895098226206
0.8849895098226206
0.8849895098226206
0.8851802403204272
0.8851802403204272
0.8851802403204272
0.8851802403204272
0.8851802403204272
0.8851802403204272
0.8850848750715239
0.8852756055693305
0.8852756055693305
0.8852756055693305
0.8852756055693305
0.8852756055693305
0.8851802403204272
0.8853709708182338
0.8851802403204272
0.8851802403204272
0.8851802403204272
0.8852756055693305
0.8852756055693305
0.8852756055693305
0.8852756055693305
0.8852756055693305
0.8853709708182338
0.8853709708182338
0.8853709708182338
0.8853709708182338
0.8852756055693305
0.8852756055693305
0.8852756055693305
0.8852756055693305
0.8851802403204272
0.8851802403204272
0.8851802403204272
0.8851802403204272
0.8851802403204272
0.8851802403204272
0.8853709708182338
0.8855617013160404
0.8854663360671371
0.8853709708182338
0.8853709708182338
0.8853709708182338
0.8853709708182338
0.8853709708182338
0.8853709708182338
0.8853709708182338
0.8853709708182338
0.8853709708182338
0.8853709708182338
0.8853709708182338
0.8852756055693305
0.8852756055693305
0.8852756055693305
0.8852756055693305
0.8852756055693305
0.8852756055693305
0.8851802403204272
0.8851802403204272
0.8850848750715239
0.8850848750715239
0.8850848750715239
0.8850848750715239
0.8851802403204272
0.8851802403204272
0.8851802403204272
0.8852756055693305
0.8852756055693305
0.8852756055693305
0.8852756055693305
0.8852756055693305
0.8851802403204272
0.8851802403204272
0.8851802403204272
0.8851802403204272
0.8851802403204272
0.8850848750715239
0.8851802403204272
0.8851802403204272
0.8851802403204272
0.8851802403204272
0.8851802403204272
0.8851802403204272
0.8851802403204272
0.8852756055693305
0.8852756055693305
0.8854663360671371
0.8852756055693305
0.8852756055693305
0.8854663360671371
0.8854663360671371
0.8854663360671371
0.8854663360671371
0.8854663360671371
0.8854663360671371
0.8854663360671371
0.8854663360671371
0.8854663360671371
0.8855617013160404
0.8855617013160404
0.8855617013160404
0.8855617013160404
0.8854663360671371
0.8854663360671371
0.8854663360671371
0.8854663360671371
0.8855617013160404
0.8854663360671371
0.8853709708182338
0.8853709708182338
0.8853709708182338
0.8853709708182338
0.8852756055693305
0.885752431813847
0.8858477970627503
0.8853709708182338
0.8851802403204272
0.8851802403204272
0.8851802403204272
0.8851802403204272
0.8851802403204272
0.8851802403204272
0.8851802403204272
0.8852756055693305
0.8853709708182338
0.8853709708182338
0.8855617013160404
0.8856570665649437
0.8856570665649437
0.8856570665649437
0.8856570665649437
0.8856570665649437
0.8856570665649437
0.8856570665649437
0.8856570665649437
0.8855617013160404
0.8855617013160404
0.8855617013160404
0.8855617013160404
0.8855617013160404
0.8855617013160404
0.8855617013160404
0.8855617013160404
0.8855617013160404
0.8855617013160404
0.8855617013160404
0.8855617013160404
0.8854663360671371
0.8854663360671371
0.8854663360671371
0.8854663360671371
0.8854663360671371
0.8853709708182338
0.8853709708182338
0.8853709708182338
0.8854663360671371
0.8854663360671371
0.8855617013160404
0.8856570665649437
0.885752431813847
0.885752431813847
0.885752431813847
0.8858477970627503
0.8858477970627503
0.885752431813847
0.8855617013160404
0.8855617013160404
0.8855617013160404
0.8855617013160404
0.8855617013160404
0.8856570665649437
0.8856570665649437
0.8856570665649437
0.8856570665649437
0.885752431813847
0.885752431813847
0.885752431813847
0.8858477970627503
0.8858477970627503
0.8858477970627503
0.8858477970627503
0.8858477970627503
0.8858477970627503
0.8858477970627503
0.8858477970627503
0.8858477970627503
0.8858477970627503
0.8858477970627503
0.8858477970627503
0.8859431623116536
0.8859431623116536
0.8859431623116536
0.8859431623116536
0.8858477970627503
0.8859431623116536
0.8860385275605569
0.8860385275605569
0.8860385275605569
0.8860385275605569
0.8860385275605569
0.8860385275605569
0.8860385275605569
0.8860385275605569
0.8859431623116536
0.8859431623116536
0.8859431623116536
0.8859431623116536
0.8859431623116536
0.8856570665649437
0.8859431623116536
0.8859431623116536
0.8859431623116536
0.8859431623116536
0.8859431623116536
0.8859431623116536
0.8858477970627503
0.8858477970627503
0.8858477970627503
0.8858477970627503
0.8859431623116536
0.8859431623116536
0.8859431623116536
0.8859431623116536
0.8860385275605569
0.8860385275605569
0.8860385275605569
0.8860385275605569
0.8860385275605569
0.8860385275605569
0.8860385275605569
0.8860385275605569
0.8860385275605569
0.8860385275605569
0.8860385275605569
0.8860385275605569
0.8861338928094602
0.8861338928094602
0.8861338928094602
0.8861338928094602
0.8862292580583635
0.8862292580583635
0.8862292580583635
0.8862292580583635
0.8862292580583635
0.8862292580583635
0.8862292580583635
0.8862292580583635
0.8863246233072668
0.8863246233072668
0.8863246233072668
0.8861338928094602
0.8858477970627503
0.8863246233072668
0.8865153538050734
0.8864199885561701
0.8863246233072668
0.8862292580583635
0.8861338928094602
0.8861338928094602
0.8861338928094602
0.8861338928094602
0.8862292580583635
0.8861338928094602
0.8861338928094602
0.8860385275605569
0.8860385275605569
0.8860385275605569
0.8860385275605569
0.8861338928094602
0.8862292580583635
0.8862292580583635
0.8863246233072668
0.8863246233072668
0.8863246233072668
0.8863246233072668
0.8863246233072668
0.8863246233072668
0.8863246233072668
0.8864199885561701
0.8864199885561701
0.8865153538050734
0.8865153538050734
0.8865153538050734
0.8865153538050734
0.8865153538050734
0.8865153538050734
0.8865153538050734
0.8866107190539767
0.8866107190539767
0.88670608430288
0.8868968148006866
0.8868968148006866
0.8868968148006866
0.8869921800495899
0.8869921800495899
0.8869921800495899
0.8869921800495899
0.8869921800495899
0.8869921800495899
0.8869921800495899
0.8869921800495899
0.8870875452984932
0.8870875452984932
0.8870875452984932
0.8870875452984932
0.8870875452984932
0.8871829105473965
0.8871829105473965
0.8870875452984932
0.8870875452984932
0.8870875452984932
0.8869921800495899
0.8870875452984932
0.8870875452984932
0.8870875452984932
0.8870875452984932
0.8870875452984932
0.8870875452984932
0.8870875452984932
0.8870875452984932
0.8870875452984932
0.8870875452984932
0.8870875452984932
0.8870875452984932
0.8870875452984932
0.8870875452984932
0.8870875452984932
0.8870875452984932
0.8870875452984932
0.8870875452984932
0.8870875452984932
0.8870875452984932
0.8870875452984932
0.8870875452984932
0.8871829105473965
0.8871829105473965
0.8871829105473965
0.8872782757962998
0.8873736410452031
0.8873736410452031
0.8873736410452031
0.8873736410452031
0.8872782757962998
0.8872782757962998
0.8873736410452031
0.8873736410452031
0.8873736410452031
0.8872782757962998
0.8872782757962998
0.8872782757962998
0.8873736410452031
0.8873736410452031
0.8873736410452031
0.8873736410452031
0.8874690062941064
0.8874690062941064
0.8874690062941064
0.8873736410452031
0.8873736410452031
0.8873736410452031
0.8873736410452031
0.8873736410452031
0.8872782757962998
0.8872782757962998
0.8872782757962998
0.8873736410452031
0.8872782757962998
0.8872782757962998
0.8868968148006866
0.8875643715430097
0.887659736791913
0.8874690062941064
0.8874690062941064
0.8873736410452031
0.8873736410452031
0.8872782757962998
0.8870875452984932
0.8869921800495899
0.8868968148006866
0.8868014495517833
0.8868014495517833
0.8868968148006866
0.8869921800495899
0.8869921800495899
0.8869921800495899
0.8870875452984932
0.8870875452984932
0.8871829105473965
0.8871829105473965
0.8871829105473965
0.8871829105473965
0.8871829105473965
0.8871829105473965
0.8871829105473965
0.8871829105473965
0.8872782757962998
0.8872782757962998
0.8873736410452031
0.8873736410452031
0.8873736410452031
0.8873736410452031
0.8873736410452031
0.8873736410452031
0.8873736410452031
0.8873736410452031
0.8874690062941064
0.8874690062941064
0.8874690062941064
0.8874690062941064
0.8874690062941064
0.8874690062941064
0.8874690062941064
0.8875643715430097
0.8875643715430097
0.8875643715430097
0.8875643715430097
0.8875643715430097
0.8875643715430097
0.8875643715430097
0.8875643715430097
0.8875643715430097
0.8875643715430097
0.8875643715430097
0.8875643715430097
0.8875643715430097
0.8875643715430097
0.8874690062941064
0.8874690062941064
0.8874690062941064
0.8874690062941064
0.8874690062941064
0.8874690062941064
0.8874690062941064
0.8874690062941064
0.8874690062941064
0.8874690062941064
0.8877551020408163
0.887659736791913
0.8877551020408163
0.8877551020408163
0.887659736791913
0.887659736791913
0.887659736791913
0.8875643715430097
0.8875643715430097
0.8874690062941064
0.8874690062941064
0.8874690062941064
0.8874690062941064
0.8874690062941064
0.8874690062941064
0.8874690062941064
0.8874690062941064
0.8874690062941064
0.8875643715430097
0.8875643715430097
0.8875643715430097
0.8875643715430097
0.8875643715430097
0.8875643715430097
0.8875643715430097
0.8875643715430097
0.8875643715430097
0.8875643715430097
0.8875643715430097
0.8875643715430097
0.8875643715430097
0.8875643715430097
0.8875643715430097
0.8875643715430097
0.8875643715430097
0.8875643715430097
0.8875643715430097
0.8875643715430097
0.887659736791913
0.8875643715430097
0.8875643715430097
0.887659736791913
0.887659736791913
0.887659736791913
0.8877551020408163
0.8879458325386229
0.8879458325386229
0.8879458325386229
0.8879458325386229
0.8879458325386229
0.8879458325386229
0.8879458325386229
0.8879458325386229
0.8879458325386229
0.8879458325386229
0.8879458325386229
0.8879458325386229
0.8880411977875262
0.8880411977875262
0.8880411977875262
0.8880411977875262
0.8880411977875262
0.8881365630364295
0.8881365630364295
0.8883272935342361
0.8883272935342361
0.8883272935342361
0.8883272935342361
0.8883272935342361
0.8883272935342361
0.8883272935342361
0.8884226587831394
0.8883272935342361
0.8884226587831394
0.8884226587831394
0.8884226587831394
0.8884226587831394
0.8885180240320427
0.8885180240320427
0.8885180240320427
0.8885180240320427
0.8884226587831394
0.8883272935342361
0.8882319282853328
0.8882319282853328
0.8882319282853328
0.8882319282853328
0.8881365630364295
0.8881365630364295
0.8881365630364295
0.8881365630364295
0.8882319282853328
0.8883272935342361
0.8883272935342361
0.8881365630364295
0.8881365630364295
0.8882319282853328
0.8882319282853328
0.8883272935342361
0.8883272935342361
0.8883272935342361
0.8883272935342361
0.8884226587831394
0.8885180240320427
0.8885180240320427
0.8885180240320427
0.8884226587831394
0.8884226587831394
0.8885180240320427
0.8885180240320427
0.8885180240320427
0.8885180240320427
0.8884226587831394
0.8884226587831394
0.8884226587831394
0.8884226587831394
0.8884226587831394
0.8883272935342361
0.8883272935342361
0.8884226587831394
0.8884226587831394
0.8884226587831394
0.8885180240320427
0.8884226587831394
0.8884226587831394
0.8884226587831394
0.8883272935342361
0.8883272935342361
0.8883272935342361
0.8883272935342361
0.8883272935342361
0.8883272935342361
0.8883272935342361
0.8884226587831394
0.888613389280946
0.888613389280946
0.888613389280946
0.888613389280946
0.888613389280946
0.888613389280946
0.888613389280946
0.888613389280946
0.888613389280946
0.888613389280946
0.888613389280946
0.888613389280946
0.888613389280946
0.8887087545298493
0.8887087545298493
0.888613389280946
0.8889948502765592
0.8888041197787526
0.8888041197787526
0.8887087545298493
0.888613389280946
0.8887087545298493
0.8887087545298493
0.8885180240320427
0.8885180240320427
0.8884226587831394
0.8885180240320427
0.888613389280946
0.888613389280946
0.888613389280946
0.888613389280946
0.8885180240320427
0.888613389280946
0.8885180240320427
0.8885180240320427
0.8885180240320427
0.8885180240320427
0.8885180240320427
0.8885180240320427
0.8885180240320427
0.8885180240320427
0.8885180240320427
0.8885180240320427
0.8885180240320427
0.888613389280946
0.888613389280946
0.888613389280946
0.8887087545298493
0.8887087545298493
0.8887087545298493
0.8887087545298493
0.8887087545298493
0.8887087545298493
0.8887087545298493
0.8887087545298493
0.8887087545298493
0.8887087545298493
0.888613389280946
0.8887087545298493
0.888613389280946
0.888613389280946
0.888613389280946
0.888613389280946
0.888613389280946
0.888613389280946
0.888613389280946
0.8868968148006866
0.8878504672897196
0.8881365630364295
0.8878504672897196
0.8883272935342361
0.8880411977875262
0.8881365630364295
0.8881365630364295
0.8878504672897196
0.887659736791913
0.8877551020408163
0.8878504672897196
0.8880411977875262
0.8880411977875262
0.8881365630364295
0.8881365630364295
0.8881365630364295
0.8882319282853328
0.8883272935342361
0.8881365630364295
0.8880411977875262
0.8882319282853328
0.8882319282853328
0.8882319282853328
0.8881365630364295
0.8881365630364295
0.8881365630364295
0.8879458325386229
0.8879458325386229
0.8879458325386229
0.8879458325386229
0.8880411977875262
0.8880411977875262
0.8881365630364295
0.8880411977875262
0.8880411977875262
0.8880411977875262
0.8880411977875262
0.8880411977875262
0.8881365630364295
0.8881365630364295
0.8882319282853328
0.8882319282853328
0.8882319282853328
0.8881365630364295
0.8881365630364295
0.8881365630364295
0.8881365630364295
0.8881365630364295
0.8881365630364295
0.8881365630364295
0.8881365630364295
0.8881365630364295
0.8882319282853328
0.8883272935342361
0.8883272935342361
0.8882319282853328
0.8882319282853328
0.8884226587831394
0.8884226587831394
0.8885180240320427
0.8885180240320427
0.8885180240320427
0.8885180240320427
0.888613389280946
0.8887087545298493
0.8887087545298493
0.8887087545298493
0.8888041197787526
0.8888041197787526
0.8888041197787526
0.8888041197787526
0.8888041197787526
0.8888041197787526
0.8888041197787526
0.8888041197787526
0.8888041197787526
0.8888041197787526
0.8888994850276559
0.8889948502765592
0.8889948502765592
0.8889948502765592
0.8890902155254625
0.8890902155254625
0.8889948502765592
0.8889948502765592
0.8889948502765592
0.8889948502765592
0.8890902155254625
0.8890902155254625
0.8890902155254625
0.8889948502765592
0.8889948502765592
0.8889948502765592
0.8889948502765592
0.8889948502765592
0.8889948502765592
0.8890902155254625
0.8890902155254625
0.8890902155254625
0.8890902155254625
0.8890902155254625
0.8890902155254625
0.8890902155254625
0.8890902155254625
0.8890902155254625
0.8890902155254625
0.8890902155254625
0.8890902155254625
0.8890902155254625
0.8890902155254625
0.8890902155254625
0.8890902155254625
0.8890902155254625
0.8891855807743658
0.8891855807743658
0.8892809460232691
0.8892809460232691
0.8892809460232691
0.8892809460232691
0.8892809460232691
0.8892809460232691
0.8892809460232691
0.8892809460232691
0.8892809460232691
0.8892809460232691
0.8893763112721724
0.8893763112721724
0.8893763112721724
0.8893763112721724
0.8893763112721724
0.8893763112721724
0.8894716765210757
0.8894716765210757
0.8894716765210757
0.8894716765210757
0.8894716765210757
0.8894716765210757
0.8894716765210757
0.8894716765210757
0.8894716765210757
0.8894716765210757
0.8893763112721724
0.8892809460232691
0.8892809460232691
0.8893763112721724
0.8893763112721724
0.8893763112721724
0.8894716765210757
0.889567041769979
0.8896624070188823
0.8897577722677856
0.8897577722677856
0.8897577722677856
0.8897577722677856
0.8897577722677856
0.8897577722677856
0.8896624070188823
0.8896624070188823
0.8896624070188823
0.8896624070188823
0.8896624070188823
0.8896624070188823
0.8896624070188823
0.8896624070188823
0.8896624070188823
0.8896624070188823
0.8897577722677856
0.8897577722677856
0.8898531375166889
0.8899485027655922
0.8899485027655922
0.8899485027655922
0.8901392332633988
0.8900438680144955
0.8901392332633988
0.8901392332633988
0.8901392332633988
0.8902345985123021
0.8903299637612054
0.8903299637612054
0.8903299637612054
0.8903299637612054
0.8903299637612054
0.8903299637612054
0.8903299637612054
0.8903299637612054
0.8903299637612054
0.8903299637612054
0.8903299637612054
0.8902345985123021
0.8902345985123021
0.8903299637612054
0.8904253290101087
0.8904253290101087
0.8904253290101087
0.8904253290101087
0.8904253290101087
0.8904253290101087
0.8903299637612054
0.8903299637612054
0.8903299637612054
0.8903299637612054
0.8903299637612054
0.8903299637612054
0.8903299637612054
0.8903299637612054
0.8903299637612054
0.8903299637612054
0.8904253290101087
0.8904253290101087
0.8904253290101087
0.8904253290101087
0.890520694259012
0.890520694259012
0.890520694259012
0.890520694259012
0.8906160595079153
0.890520694259012
0.890520694259012
0.8906160595079153
0.8906160595079153
0.890520694259012
0.8903299637612054
0.8903299637612054
0.8903299637612054
0.8903299637612054
0.8903299637612054
0.8902345985123021
0.8902345985123021
0.8902345985123021
0.8902345985123021
0.8902345985123021
0.8897577722677856
0.8903299637612054
0.8903299637612054
0.8902345985123021
0.8904253290101087
0.8904253290101087
0.8902345985123021
0.8901392332633988
0.8901392332633988
0.8901392332633988
0.8901392332633988
0.8901392332633988
0.8901392332633988
0.8901392332633988
0.8901392332633988
0.8901392332633988
0.8899485027655922
0.8897577722677856
0.8900438680144955
0.8900438680144955
0.8899485027655922
0.8899485027655922
0.8899485027655922
0.8898531375166889
0.8898531375166889
0.8899485027655922
0.8899485027655922
0.8899485027655922
0.8899485027655922
0.8899485027655922
0.8899485027655922
0.8899485027655922
0.8899485027655922
0.8899485027655922
0.8901392332633988
0.8900438680144955
0.8901392332633988
0.8901392332633988
0.8902345985123021
0.8902345985123021
0.8901392332633988
0.8901392332633988
0.8900438680144955
0.8901392332633988
0.8901392332633988
0.8901392332633988
0.8901392332633988
0.8901392332633988
0.8901392332633988
0.8901392332633988
0.8901392332633988
0.8900438680144955
0.8900438680144955
0.8900438680144955
0.8901392332633988
0.8901392332633988
0.8901392332633988
0.8901392332633988
0.8903299637612054
0.8903299637612054
0.8904253290101087
0.8904253290101087
0.890520694259012
0.890520694259012
0.8906160595079153
0.8906160595079153
0.8907114247568186
0.8907114247568186
0.8908067900057219
0.8907114247568186
0.8906160595079153
0.8906160595079153
0.8906160595079153
0.8906160595079153
0.890520694259012
0.890520694259012
0.890520694259012
0.8906160595079153
0.8906160595079153
0.8906160595079153
0.890520694259012
0.890520694259012
0.8904253290101087
0.8903299637612054
0.8903299637612054
0.8903299637612054
0.8903299637612054
0.8903299637612054
0.8889948502765592
0.8891855807743658
0.8893763112721724
0.8897577722677856
0.8900438680144955
0.8903299637612054
0.8901392332633988
0.8906160595079153
0.8909021552546252
0.8911882510013351
0.8911882510013351
0.8911882510013351
0.8910928857524318
0.8909021552546252
0.8909021552546252
0.8908067900057219
0.8908067900057219
0.8907114247568186
0.8906160595079153
0.890520694259012
0.890520694259012
0.8904253290101087
0.8900438680144955
0.8900438680144955
0.8901392332633988
0.8902345985123021
0.8902345985123021
0.8902345985123021
0.8901392332633988
0.8903299637612054
0.8903299637612054
0.8902345985123021
0.8902345985123021
0.8902345985123021
0.8902345985123021
0.8901392332633988
0.8901392332633988
0.8901392332633988
0.8900438680144955
0.8900438680144955
0.8900438680144955
0.8901392332633988
0.8901392332633988
0.8901392332633988
0.8901392332633988
0.8901392332633988
0.8901392332633988
0.8901392332633988
0.8901392332633988
0.8901392332633988
0.8902345985123021
0.8902345985123021
0.8903299637612054
0.8903299637612054
0.8903299637612054
0.8903299637612054
0.8903299637612054
0.8904253290101087
0.8903299637612054
0.8903299637612054
0.8904253290101087
0.8904253290101087
0.8904253290101087
0.8904253290101087
0.8904253290101087
0.8904253290101087
0.8904253290101087
0.8904253290101087
0.890520694259012
0.890520694259012
0.8904253290101087
0.8903299637612054
0.8902345985123021
0.8902345985123021
0.8902345985123021
0.8901392332633988
0.8901392332633988
0.8902345985123021
0.8902345985123021
0.8901392332633988
0.8901392332633988
0.8901392332633988
0.8901392332633988
0.8901392332633988
0.8901392332633988
0.8901392332633988
0.8901392332633988
0.8901392332633988
0.8901392332633988
0.8901392332633988
0.8899485027655922
0.8900438680144955
0.8900438680144955
0.8900438680144955
0.8900438680144955
0.8900438680144955
0.8901392332633988
0.8901392332633988
0.8901392332633988
0.8901392332633988
0.8900438680144955
0.8900438680144955
0.8900438680144955
0.8900438680144955
0.8900438680144955
0.8900438680144955
0.8900438680144955
0.8900438680144955
0.8900438680144955
0.8901392332633988
0.8900438680144955
0.8900438680144955
0.8900438680144955
0.8900438680144955
0.8900438680144955
0.8900438680144955
0.8901392332633988
0.8902345985123021
0.8902345985123021
0.8902345985123021
0.8902345985123021
0.8902345985123021
0.8901392332633988
0.8901392332633988
0.8901392332633988
0.8902345985123021
0.8903299637612054
0.8903299637612054
0.8903299637612054
0.8903299637612054
0.8904253290101087
0.890520694259012
0.8904253290101087
0.8904253290101087
0.8903299637612054
0.8902345985123021
0.8902345985123021
0.8902345985123021
0.8902345985123021
0.8901392332633988
0.8901392332633988
0.8901392332633988
0.8901392332633988
0.8901392332633988
0.8901392332633988
0.8901392332633988
0.8901392332633988
0.8901392332633988
0.8901392332633988
0.8901392332633988
0.8901392332633988
0.8900438680144955
0.8900438680144955
0.8900438680144955
0.8900438680144955
0.8900438680144955
0.8902345985123021
0.8902345985123021
0.8902345985123021
0.8902345985123021
0.8902345985123021
0.8902345985123021
0.8902345985123021
0.8902345985123021
0.8903299637612054
0.8901392332633988
0.8901392332633988
0.8901392332633988
0.8901392332633988
0.8901392332633988
0.8901392332633988
0.8902345985123021
0.8902345985123021
0.8901392332633988
0.8902345985123021
0.8902345985123021
0.8902345985123021
0.8902345985123021
0.8902345985123021
0.8901392332633988
0.8902345985123021
0.8901392332633988
0.8900438680144955
0.8900438680144955
0.8899485027655922
0.8899485027655922
0.8899485027655922
0.8899485027655922
0.8899485027655922
0.8899485027655922
0.8899485027655922
0.8899485027655922
0.8899485027655922
0.8899485027655922
0.8899485027655922
0.8899485027655922
0.8899485027655922
0.8899485027655922
0.8899485027655922
0.8899485027655922
0.8899485027655922
0.8900438680144955
0.8900438680144955
0.8899485027655922
0.8898531375166889
0.8898531375166889
0.8899485027655922
0.8900438680144955
0.8900438680144955
0.8899485027655922
0.8900438680144955
0.8901392332633988
0.8901392332633988
0.8901392332633988
0.8901392332633988
0.8902345985123021
0.8901392332633988
0.8900438680144955
0.8900438680144955
0.8900438680144955
0.8900438680144955
0.8901392332633988
0.8875643715430097
0.8888994850276559
0.8890902155254625
0.8892809460232691
0.8890902155254625
0.889567041769979
0.889567041769979
0.8896624070188823
0.8903299637612054
0.8903299637612054
0.8900438680144955
0.8899485027655922
0.8899485027655922
0.8901392332633988
0.8900438680144955
0.8901392332633988
0.8901392332633988
0.8902345985123021
0.8902345985123021
0.8903299637612054
0.8902345985123021
0.8900438680144955
0.8899485027655922
0.8898531375166889
0.8899485027655922
0.8899485027655922
0.8900438680144955
0.8900438680144955
0.8900438680144955
0.8899485027655922
0.8900438680144955
0.8899485027655922
0.8900438680144955
0.8900438680144955
0.8901392332633988
0.8901392332633988
0.8900438680144955
0.8900438680144955
0.8900438680144955
0.8900438680144955
0.8900438680144955
0.8900438680144955
0.8900438680144955
0.8900438680144955
0.8901392332633988
0.8901392332633988
0.8900438680144955
0.8900438680144955
0.8901392332633988
0.8901392332633988
0.8903299637612054
0.8903299637612054
0.8903299637612054
0.8902345985123021
0.8901392332633988
0.8901392332633988
0.8900438680144955
0.8901392332633988
0.8901392332633988
0.8900438680144955
0.8899485027655922
0.8899485027655922
0.8899485027655922
0.8900438680144955
0.8899485027655922
0.8899485027655922
0.8899485027655922
0.8899485027655922
0.8899485027655922
0.8901392332633988
0.8901392332633988
0.8902345985123021
0.8900438680144955
0.8901392332633988
0.8900438680144955
0.8900438680144955
0.8900438680144955
0.8900438680144955
0.8899485027655922
0.8897577722677856
0.8897577722677856
0.8897577722677856
0.8897577722677856
0.8897577722677856
0.8897577722677856
0.8898531375166889
0.8898531375166889
0.8899485027655922
0.8899485027655922
0.8899485027655922
0.8899485027655922
0.8900438680144955
0.8900438680144955
0.8900438680144955
0.8900438680144955
0.8898531375166889
0.8898531375166889
0.8898531375166889
0.8899485027655922
0.8898531375166889
0.8899485027655922
0.8898531375166889
0.8898531375166889
0.8897577722677856
0.8897577722677856
0.889567041769979
0.889567041769979
0.8896624070188823
0.8898531375166889
0.8896624070188823
0.8896624070188823
0.8897577722677856
0.8897577722677856
0.8897577722677856
0.8897577722677856
0.8897577722677856
0.8897577722677856
0.8896624070188823
0.8897577722677856
0.8897577722677856
0.8896624070188823
0.889567041769979
0.889567041769979
0.8893763112721724
0.8893763112721724
0.8894716765210757
0.8892809460232691
0.8894716765210757
0.889567041769979
0.8893763112721724
0.889567041769979
0.8891855807743658
0.8892809460232691
0.8892809460232691
0.8892809460232691
0.8892809460232691
0.8893763112721724
0.8893763112721724
0.8893763112721724
0.8893763112721724
0.8893763112721724
0.8891855807743658
0.8891855807743658
0.8891855807743658
0.8887087545298493
0.8892809460232691
0.8897577722677856
0.889567041769979
0.8894716765210757
0.8893763112721724
0.8892809460232691
0.8891855807743658
0.8890902155254625
0.8890902155254625
0.8891855807743658
0.8891855807743658
0.8890902155254625
0.8890902155254625
0.8890902155254625
0.8890902155254625
0.8889948502765592
0.8888994850276559
0.8887087545298493
0.8888041197787526
0.8888041197787526
0.888613389280946
0.888613389280946
0.888613389280946
0.888613389280946
0.888613389280946
0.8885180240320427
0.8885180240320427
0.8885180240320427
0.8885180240320427
0.8885180240320427
0.8885180240320427
0.8885180240320427
0.888613389280946
0.888613389280946
0.888613389280946
0.888613389280946
0.888613389280946
0.888613389280946
0.888613389280946
0.8885180240320427
0.888613389280946
0.888613389280946
0.888613389280946
0.888613389280946
0.888613389280946
0.888613389280946
0.888613389280946
0.888613389280946
0.888613389280946
0.8887087545298493
0.8887087545298493
0.8887087545298493
0.8887087545298493
0.888613389280946
0.888613389280946
0.8887087545298493
0.8887087545298493
0.8888041197787526
0.8888994850276559
0.8888994850276559
0.8888994850276559
0.8888994850276559
0.8889948502765592
0.8889948502765592
0.8889948502765592
0.8889948502765592
0.8890902155254625
0.8890902155254625
0.8890902155254625
0.8890902155254625
0.8890902155254625
0.8890902155254625
0.8892809460232691
0.8892809460232691
0.8892809460232691
0.8892809460232691
0.8892809460232691
0.8890902155254625
0.8890902155254625
0.8889948502765592
0.8889948502765592
0.8889948502765592
0.8890902155254625
0.8889948502765592
0.8890902155254625
0.8890902155254625
0.8890902155254625
0.8890902155254625
0.8890902155254625
0.8890902155254625
0.8890902155254625
0.8890902155254625
0.8890902155254625
0.8891855807743658
0.8892809460232691
0.8892809460232691
0.8892809460232691
0.8892809460232691
0.8891855807743658
0.8891855807743658
0.8891855807743658
0.8891855807743658
0.8890902155254625
0.8890902155254625
0.8890902155254625
0.8890902155254625
0.8891855807743658
0.8891855807743658
0.8891855807743658
0.8891855807743658
0.8891855807743658
0.8889948502765592
0.8889948502765592
0.8889948502765592
0.8889948502765592
0.8890902155254625
0.8890902155254625
0.8891855807743658
0.8889948502765592
0.8888994850276559
0.8890902155254625
0.8889948502765592
0.8890902155254625
0.8891855807743658
0.8892809460232691
0.8892809460232691
0.8892809460232691
0.8892809460232691
0.8892809460232691
0.8891855807743658
0.8891855807743658
0.8891855807743658
0.8890902155254625
0.8889948502765592
0.8889948502765592
0.8889948502765592
0.8890902155254625
0.8891855807743658
0.8892809460232691
0.8893763112721724
0.8893763112721724
0.8893763112721724
0.8893763112721724
0.8893763112721724
0.8892809460232691
0.8892809460232691
0.8892809460232691
0.8892809460232691
0.8892809460232691
0.8891855807743658
0.8891855807743658
0.8891855807743658
0.8890902155254625
0.8891855807743658
0.8892809460232691
0.8892809460232691
0.8892809460232691
0.8892809460232691
0.8891855807743658
0.8892809460232691
0.8892809460232691
0.8893763112721724
0.8894716765210757
0.8893763112721724
0.8894716765210757
0.8892809460232691
0.8893763112721724
0.8893763112721724
0.8892809460232691
0.8892809460232691
0.8892809460232691
0.8892809460232691
0.8892809460232691
0.8892809460232691
0.8892809460232691
0.8892809460232691
0.8891855807743658
0.8891855807743658
0.8891855807743658
0.8890902155254625
0.8889948502765592
0.8889948502765592
0.8889948502765592
0.8889948502765592
0.8889948502765592
0.8890902155254625
0.8889948502765592
0.8890902155254625
0.8890902155254625
0.8890902155254625
0.8889948502765592
0.8889948502765592
0.8889948502765592
0.8889948502765592
0.8890902155254625
0.8890902155254625
0.8891855807743658
0.8891855807743658
0.8889948502765592
0.8889948502765592
0.8889948502765592
0.8891855807743658
0.8891855807743658
0.8891855807743658
0.8891855807743658
0.8891855807743658
0.8892809460232691
0.8891855807743658
0.8891855807743658
0.8890902155254625
0.8891855807743658
0.8892809460232691
0.8892809460232691
0.8892809460232691
0.8893763112721724
0.8893763112721724
0.8892809460232691
0.8892809460232691
0.8889948502765592
0.8889948502765592
0.8890902155254625
0.8889948502765592
0.8888994850276559
0.8888994850276559
0.8888994850276559
0.8887087545298493
0.888613389280946
0.888613389280946
0.888613389280946
0.888613389280946
0.8885180240320427
0.8885180240320427
0.8885180240320427
0.8885180240320427
0.8883272935342361
0.8883272935342361
0.8884226587831394
0.8883272935342361
0.8883272935342361
0.8883272935342361
0.8883272935342361
0.8883272935342361
0.8884226587831394
0.8884226587831394
0.8884226587831394
0.8884226587831394
0.8884226587831394
0.8884226587831394
0.8885180240320427
0.8887087545298493
0.8888041197787526
0.8887087545298493
0.888613389280946
0.8887087545298493
0.888613389280946
0.8887087545298493
0.8888994850276559
0.8892809460232691
0.8890902155254625
0.8891855807743658
0.8890902155254625
0.8894716765210757
0.8892809460232691
0.8890902155254625
0.8890902155254625
0.8892809460232691
0.8892809460232691
0.8893763112721724
0.8893763112721724
0.8894716765210757
0.8894716765210757
0.8893763112721724
0.8894716765210757
0.8893763112721724
0.8892809460232691
0.8892809460232691
0.8893763112721724
0.8893763112721724
0.8893763112721724
0.8892809460232691
0.8892809460232691
0.8893763112721724
0.8892809460232691
0.8893763112721724
0.8893763112721724
0.8893763112721724
0.8893763112721724
0.8893763112721724
0.8894716765210757
0.8894716765210757
0.8893763112721724
0.8893763112721724
0.8892809460232691
0.8892809460232691
0.8891855807743658
0.8891855807743658
0.8891855807743658
0.8891855807743658
0.8892809460232691
0.8892809460232691
0.8891855807743658
0.8891855807743658
0.8891855807743658
0.8892809460232691
0.8892809460232691
0.8892809460232691
0.8892809460232691
0.8893763112721724
0.8893763112721724
0.8893763112721724
0.8892809460232691
0.8892809460232691
0.8892809460232691
0.8892809460232691
0.8892809460232691
0.8892809460232691
0.8893763112721724
0.8892809460232691
0.8892809460232691
0.8893763112721724
0.8893763112721724
0.8893763112721724
0.8892809460232691
0.8892809460232691
0.8892809460232691
0.8893763112721724
0.8894716765210757
0.8894716765210757
0.8894716765210757
0.889567041769979
0.889567041769979
0.889567041769979
0.889567041769979
0.889567041769979
0.889567041769979
0.889567041769979
0.8894716765210757
0.8893763112721724
0.8893763112721724
0.8893763112721724
0.8893763112721724
0.8892809460232691
0.8892809460232691
0.8891855807743658
0.8889948502765592
0.8890902155254625
0.8890902155254625
0.8890902155254625
0.8892809460232691
0.8891855807743658
0.8892809460232691
0.8893763112721724
0.8892809460232691
0.8892809460232691
0.8892809460232691
0.8892809460232691
0.8893763112721724
0.8891855807743658
0.8892809460232691
0.8893763112721724
0.8893763112721724
0.8893763112721724
0.8891855807743658
0.8890902155254625
0.8890902155254625
0.8891855807743658
0.8890902155254625
0.8889948502765592
0.8890902155254625
0.8890902155254625
0.8890902155254625
0.8890902155254625
0.8891855807743658
0.8892809460232691
0.8891855807743658
0.8891855807743658
0.8890902155254625
0.8890902155254625
0.8890902155254625
0.8890902155254625
0.8890902155254625
0.8889948502765592
0.8889948502765592
0.8889948502765592
0.8889948502765592
0.8889948502765592
0.8888994850276559
0.8888994850276559
0.8888041197787526
0.8888041197787526
0.8887087545298493
0.888613389280946
0.888613389280946
0.8889948502765592
0.8891855807743658
0.8890902155254625
0.8888041197787526
0.8888041197787526
0.8887087545298493
0.8883272935342361
0.8882319282853328
0.8882319282853328
0.8880411977875262
0.8880411977875262
0.8878504672897196
0.8879458325386229
0.8879458325386229
0.8879458325386229
0.8880411977875262
0.8881365630364295
0.8881365630364295
0.8882319282853328
0.8882319282853328
0.8881365630364295
0.8883272935342361
0.8884226587831394
0.8883272935342361
0.8884226587831394
0.8883272935342361
0.8883272935342361
0.8884226587831394
0.8884226587831394
0.888613389280946
0.8887087545298493
0.8888041197787526
0.8888041197787526
0.8888994850276559
0.8888994850276559
0.8890902155254625
0.8890902155254625
0.8892809460232691
0.8891855807743658
0.8891855807743658
0.8890902155254625
0.8892809460232691
0.8890902155254625
0.8890902155254625
0.8889948502765592
0.8891855807743658
0.8891855807743658
0.8890902155254625
0.8892809460232691
0.8892809460232691
0.8891855807743658
0.8894716765210757
0.8896624070188823
0.8894716765210757
0.8887087545298493
0.8890902155254625
0.8890902155254625
0.8890902155254625
0.8889948502765592
0.8890902155254625
0.8890902155254625
0.8885180240320427
0.888613389280946
0.8888994850276559
0.8888041197787526
0.8888994850276559
0.8887087545298493
0.8887087545298493
0.888613389280946
0.8888994850276559
0.8889948502765592
0.8891855807743658
0.8890902155254625
0.8890902155254625
0.8888994850276559
0.8889948502765592
0.8887087545298493
0.8887087545298493
0.8887087545298493
0.8885180240320427
0.888613389280946
0.888613389280946
0.888613389280946
0.888613389280946
0.888613389280946
0.8887087545298493
0.8888994850276559
0.8889948502765592
0.8890902155254625
0.8890902155254625
0.8891855807743658
0.8892809460232691
0.8893763112721724
0.8891855807743658
0.8892809460232691
0.8893763112721724
0.8891855807743658
0.8891855807743658
0.8892809460232691
0.8892809460232691
0.8892809460232691
0.8892809460232691
0.8893763112721724
0.8893763112721724
0.8893763112721724
0.8892809460232691
0.8892809460232691
0.8894716765210757
0.8893763112721724
0.8893763112721724
0.8893763112721724
0.8893763112721724
0.889567041769979
0.889567041769979
0.889567041769979
0.8897577722677856
0.8897577722677856
0.8898531375166889
0.8897577722677856
0.8897577722677856
0.8899485027655922
0.8899485027655922
0.8899485027655922
0.8899485027655922
0.8901392332633988
0.8901392332633988
0.8900438680144955
0.8901392332633988
0.8901392332633988
0.8901392332633988
0.8902345985123021
0.8904253290101087
0.890520694259012
0.8906160595079153
0.8906160595079153
0.8907114247568186
0.8906160595079153
0.8908067900057219
0.8908067900057219
0.8907114247568186
0.8907114247568186
0.8907114247568186
0.8907114247568186
0.8907114247568186
0.8907114247568186
0.8907114247568186
0.8906160595079153
0.8906160595079153
0.890520694259012
0.8904253290101087
0.8904253290101087
0.8904253290101087
0.8903299637612054
0.8903299637612054
0.8904253290101087
0.8904253290101087
0.8904253290101087
0.890520694259012
0.8907114247568186
0.8907114247568186
0.8906160595079153
0.8906160595079153
0.8906160595079153
0.890520694259012
0.890520694259012
0.8904253290101087
0.8903299637612054
0.8903299637612054
0.8902345985123021
0.8902345985123021
0.8902345985123021
0.8902345985123021
0.8902345985123021
0.8902345985123021
0.8901392332633988
0.8901392332633988
0.8900438680144955
0.8900438680144955
0.8900438680144955
0.8900438680144955
0.889567041769979
0.8898531375166889
0.8897577722677856
0.8896624070188823
0.8896624070188823
0.8896624070188823
0.8894716765210757
0.8894716765210757
0.8894716765210757
0.8894716765210757
0.8894716765210757
0.8894716765210757
0.889567041769979
0.889567041769979
0.889567041769979
0.889567041769979
0.8894716765210757
0.889567041769979
0.889567041769979
0.889567041769979
0.889567041769979
0.889567041769979
0.8894716765210757
0.889567041769979
0.8893763112721724
0.8892809460232691
0.8892809460232691
0.8892809460232691
0.8892809460232691
0.8893763112721724
0.8894716765210757
0.8893763112721724
0.8893763112721724
0.8893763112721724
0.8893763112721724
0.8892809460232691
0.8894716765210757
0.8894716765210757
0.8894716765210757
0.8893763112721724
0.8893763112721724
0.8893763112721724
0.8893763112721724
0.8893763112721724
0.8894716765210757
0.8894716765210757
0.889567041769979
0.889567041769979
0.889567041769979
0.8897577722677856
0.8899485027655922
0.8900438680144955
0.8900438680144955
0.8900438680144955
0.8901392332633988
0.8900438680144955
0.8900438680144955
0.8900438680144955
0.8900438680144955
0.8900438680144955
0.8900438680144955
0.8901392332633988
0.8901392332633988
0.8901392332633988
0.8901392332633988
0.8902345985123021
0.8903299637612054
0.8903299637612054
0.8904253290101087
0.8902345985123021
0.8902345985123021
0.8903299637612054
0.8902345985123021
0.8901392332633988
0.8900438680144955
0.8900438680144955
0.8901392332633988
0.8902345985123021
0.8904253290101087
0.8904253290101087
0.8904253290101087
0.890520694259012
0.890520694259012
0.8906160595079153
0.8906160595079153
0.8906160595079153
0.8906160595079153
0.8907114247568186
0.8908067900057219
0.8907114247568186
0.8907114247568186
0.8907114247568186
0.8906160595079153
0.8906160595079153
0.8907114247568186
0.8907114247568186
0.8908067900057219
0.8909021552546252
0.8909021552546252
0.8910928857524318
0.8910928857524318
0.8911882510013351
0.8911882510013351
0.8912836162502384
0.8912836162502384
0.8913789814991417
0.8912836162502384
0.8912836162502384
0.8910928857524318
0.8911882510013351
0.8911882510013351
0.8909975205035285
0.8909975205035285
0.8909975205035285
0.8909975205035285
0.8909021552546252
0.8909021552546252
0.8909021552546252
0.8909975205035285
0.8909975205035285
0.8909975205035285
0.8909975205035285
0.8910928857524318
0.8910928857524318
0.8910928857524318
0.8909975205035285
0.8910928857524318
0.8913789814991417
0.8912836162502384
0.8911882510013351
0.8912836162502384
0.8912836162502384
0.8912836162502384
0.8912836162502384
0.8910928857524318
0.8910928857524318
0.8910928857524318
0.8911882510013351
0.8910928857524318
0.8913789814991417
0.891474346748045
0.8912836162502384
0.8910928857524318
0.8910928857524318
0.8911882510013351
0.8910928857524318
0.8911882510013351
0.8911882510013351
0.8911882510013351
0.8911882510013351
0.8912836162502384
0.8913789814991417
0.8913789814991417
0.8916650772458516
0.8915697119969483
0.8916650772458516
0.8915697119969483
0.8915697119969483
0.891474346748045
0.8915697119969483
0.891474346748045
0.8915697119969483
0.8915697119969483
0.8915697119969483
0.891474346748045
0.891474346748045
0.891474346748045
0.891474346748045
0.891474346748045
0.8916650772458516
0.8915697119969483
0.891474346748045
0.891474346748045
0.8915697119969483
0.8915697119969483
0.8915697119969483
0.8915697119969483
0.891474346748045
0.8915697119969483
0.8915697119969483
0.891474346748045
0.891474346748045
0.8919511729925615
0.8918558077436582
0.891760442494755
0.8916650772458516
0.8916650772458516
0.891760442494755
0.891760442494755
0.891760442494755
0.8922372687392714
0.8922372687392714
0.8921419034903681
0.8921419034903681
0.8921419034903681
0.8920465382414648
0.8919511729925615
0.8919511729925615
0.8920465382414648
0.8920465382414648
0.8920465382414648
0.8920465382414648
0.8920465382414648
0.8920465382414648
0.8919511729925615
0.8918558077436582
0.8918558077436582
0.8918558077436582
0.8918558077436582
0.8918558077436582
0.8918558077436582
0.8918558077436582
0.8918558077436582
0.8922372687392714
0.8920465382414648
0.8920465382414648
0.8921419034903681
0.8920465382414648
0.8920465382414648
0.8920465382414648
0.8921419034903681
0.8920465382414648
0.8920465382414648
0.8920465382414648
0.8920465382414648
0.8921419034903681
0.8920465382414648
0.8919511729925615
0.8920465382414648
0.8921419034903681
0.8921419034903681
0.8921419034903681
0.8922372687392714
0.8922372687392714
0.8922372687392714
0.8921419034903681
0.8921419034903681
0.8922372687392714
0.8921419034903681
