0.9144572890449874
0.8971541255385836
0.8874155715821416
0.8805423671934552
0.8718067172514786
0.8570258855767566
0.8363645959916997
0.8121448911147008
0.7901350446703534
0.7738146265779015
0.7613108611806703
0.7508820138174741
0.7415647850610534
0.733480926528115
0.726074403570044
0.7190821030150973
0.712363379328074
0.705982803543258
0.7000369469552271
0.6944388351509623
0.6890077242987943
0.6835053052743939
0.6776267836123936
0.6710302386035331
0.6649738876731983
0.6590416466162641
0.6533756953151731
0.6480937136493603
0.6432747406566965
0.6384388922726414
0.6404526993319729
0.6348478728133691
0.631164086986265
0.6279349169159603
0.6249428724552797
0.6221415547061203
0.6194897371292991
0.6169423190259419
0.6144745960560865
0.6120731036869382
0.6097290329695925
0.6074286575149662
0.605155905294594
0.6029016255490339
0.600662785548861
0.5984386213155545
0.5962287285195865
0.5940295371133381
0.5918364679976145
0.5896436146231715
0.5874082572681885
0.5851979448053377
0.5829604023233069
0.5807002443342348
0.578396598165482
0.5760717203926486
0.5737265059069996
0.5713491106948658
0.5689599790986718
0.5665797644349896
0.564630367858113
0.5622292965880896
0.5598953677378683
0.5574540605617782
0.5549144518629763
0.552339870764744
0.5497478789331748
0.5471428885189291
0.544610186138567
0.5422391354984536
0.5400780190038783
0.5381460804567425
0.5364512819127174
0.5349305662553461
0.5335380016591282
0.5322338385211139
0.5309909158634172
0.5297913229684832
0.5286238415361928
0.5274820468561484
0.5263627533091952
0.5252647042560157
0.5241875416857997
0.5231310880724652
0.5220949363126534
0.5210782969469651
0.5200800284981585
0.5190987737578537
0.5181331335476123
0.5171818198978498
0.5162437974251859
0.5153182748065259
0.514404745197836
0.5135029196792835
0.5126126505457173
0.5117338522705192
0.5108664332262279
0.5100102480530854
0.5091650738776907
0.5083306076237966
0.507506477681599
0.5066922646576587
0.5058875331319045
0.5050918847425154
0.504305044775601
0.5035269860635774
0.5027580777013504
0.5019992262545717
0.5012519575446591
0.5005183741664438
0.49980093050170543
0.4991020085995572
0.49842335840337887
0.4977655582922707
0.49712770014752167
0.4965074537724377
0.4959015205295489
0.4953063197471085
0.4947186612755434
0.49413619183736324
0.4935575300832448
0.4929821433335073
0.4924100946606305
0.49184178370561205
0.49127775175216865
0.4907185664684434
0.49016476900052547
0.4896168565825502
0.4890752778248816
0.4885404257428183
0.48801262049817856
0.4874920936937282
0.4869789563562944
0.486473138995477
0.48597434936947975
0.4854820250415561
0.4849952754799266
0.4845128202677629
0.48403292739955905
0.48355335549839057
0.4830713050717669
0.48258338483944024
0.4820855990615008
0.4815733608864625
0.4810415365580133
0.4804845288820313
0.4798964189358395
0.47927120280238844
0.4786031772718921
0.47788752451539096
0.4771210919280137
0.47630324328397633
0.47543651676267407
0.4745267957968003
0.47358287378661157
0.4726155572153654
0.47163657900659384
0.47065751480229673
0.4696884385601939
0.4687383002608426
0.4678137575104884
0.46691997758726095
0.4660606093580346
0.46523841355200357
0.4644565676972378
0.46371563632244
0.46301551810625474
0.4623551925747013
0.46173287982279027
0.4611462753752197
0.4605927785971987
0.46006968042285556
0.45957429297104435
0.4591040400607757
0.4586564944972094
0.45822939132322293
0.45782062337651214
0.4574282299866835
0.45705038619484456
0.45668539730942453
0.4563317013125666
0.455987879332583
0.4556526719462294
0.45532499676390636
0.4550039613309206
0.45468886557528826
0.4543791900045357
0.45407456911404287
0.45377475315039567
0.4534795643571647
0.453188854965866
0.4529024729729539
0.45262023884848257
0.4523419332242564
0.4520672935286954
0.4517960168070986
0.451527766207835
0.45126217925620016
0.45099887667868094
0.45073747102336575
0.45047757463957666
0.4502188067789842
0.4499607997065894
0.44970320379360623
0.4494456916218691
0.4491879611690087
0.44892973817084825
0.4486707777741019
0.44841086560146676
0.4481498183531289
0.4478874840648627
0.44762374213321465
0.4473585032032417
0.44709170899406336
0.4468233321122058
0.44655337587371335
0.4462818741238981
0.44600889101162816
0.44573452064526126
0.44545888653471816
0.4451821407130045
0.4449044624353848
0.444626056378942
0.44434715030915406
0.44406799223874927
0.4437888471676289
0.4435099935456271
0.44323171962827734
0.4429543198887638
0.442678091607651
0.44240333169762497
0.4421303337542817
0.44185938527720214
0.4415907649927475
0.44132474023204477
0.4410615643646176
0.4408014743424639
0.4405446884543518
0.44029140441410564
0.44004179790609504
0.43979602168881465
0.4395542053204462
0.4393164555265226
0.4390828571864241
0.43885347487743664
0.4386283548849962
0.43840752756633483
0.4381910099316352
0.43797880827301633
0.43777092125479333
0.4375673421625929
0.4373680596386754
0.4371730626694256
0.4369823396638469
0.4367958801391783
0.43661367506816007
0.436435716558325
0.43626199715725894
0.4360925085993644
0.43592724013168893
0.435766176549198
0.4356092961007464
0.43545656845118713
0.4353079528949371
0.43516339700640205
0.4350228358818007
0.43488619207823404
0.43475337630244676
0.4346242888777079
0.4344988221515619
0.43437686500771056
0.43425831785965435
0.43414319108854077
0.43403241054037167
0.4339308684108333
0.4338411412598366
0.43374555243603397
0.4336392478872148
0.4335477451036139
0.43344641581035576
0.4333592563131401
0.43326221343846283
0.43317892325980634
0.43308558613046066
0.43300541236254786
0.4329151325483343
0.43283719167183266
0.4327492244079891
0.43267263816676116
0.43258620210228294
0.4325102333356625
0.4324246175752784
0.4323487713591244
0.432263423698657
0.432187481671269
0.43210203277832043
0.4320260196043884
0.4319402441616224
0.431864355370814
0.43177810357327934
0.4317026288647003
0.43161576524146394
0.43154102349523066
0.43145339913569014
0.43137967981805025
0.4312911538028409
0.43121865057304093
0.43112915896960025
0.4310578977138949
0.43096752094601654
0.43089732608964343
0.43080626152633944
0.4307368176483289
0.43064525017661526
0.4305762282620576
0.4304842387279602
0.43041537169525484
0.4303229496998026
0.43025402547735186
0.4301611133404131
0.430091948620765
0.4299984679838818
0.4299288966315838
0.4298347608606009
0.42976463258358366
0.4296697540917385
0.42959893616238104
0.429503232079316
0.42943161159861887
0.4293350086203252
0.42926249476870343
0.42916493340682066
0.42909145953318983
0.42899289782977656
0.42891842327913005
0.428818839977794
0.4287433515394834
0.42864274864650026
0.4285662614718483
0.42846466609448464
0.4283872238965611
0.42828468921330254
0.4282063635343981
0.4281029687381375
0.42802385706083024
0.4279197061256545
0.4278399285802074
0.4277351477309371
0.4276548422981885
0.42754957557533235
0.42746888862100135
0.42736328298271803
0.4272823501856237
0.4271765693618728
0.42709555992203285
0.4269897602048464
0.4269087251061986
0.4268029865484869
0.4267221209289257
0.42661676804216125
0.4265361802651004
0.4264313184899716
0.42635098616601397
0.4262466853223819
0.4261665507205499
0.4260628740569357
0.425982821113339
0.425879812681589
0.4257996565227203
0.4256973371757109
0.42561682282005914
0.42551519141733996
0.4254339998957248
0.42533303638727427
0.4252507995118346
0.4251504673924124
0.4250667932054963
0.4249670389706458
0.4248815496101315
0.4247822975565616
0.4246946790987872
0.4245958223820975
0.4245058809680058
0.4244072748752036
0.4243149855359144
0.424216454389999
0.4241219835549542
0.4240233523721085
0.4239270408976619
0.4238281908711236
0.4237305035990596
0.4236314313308968
0.4235328971219138
0.42343374842994447
0.4233349133778047
0.42323597479076236
0.4231373738510285
0.4230390281197668
0.4229411664051471
0.4228438330303201
0.4227471682265717
0.4226512493627979
0.422556174701462
0.42246201785130943
0.42236885039129063
0.42227673043563024
0.4221857086545632
0.42209582626640474
0.4220071171636916
0.4219196083374234
0.4218333211997625
0.42174827255904185
0.42166447576234384
0.42158194179508784
0.421500680530176
0.42142070229503953
0.42134202008814886
0.4212646523380307
0.4211886232194638
0.42111394995741824
0.42104061015272937
0.4209685351054817
0.4208976860914725
0.420828131084562
0.420759985478026
0.4206933009077496
0.42062808287457265
0.4205643358221254
0.4205020728537124
0.4204413136377198
0.4203820816841836
0.4203244022139617
0.4202682999442587
0.4202137966528203
0.42016091035987874
0.4201096580093677
0.42006005821992387
0.4200121296361267
0.4199658876973449
0.41992134332023345
0.4198785027959282
0.4198373677415545
0.41979793490437856
0.4197601959149392
0.4197241370650118
0.41968973914763674
0.41965697737821767
0.4196258214078906
0.4195962354354244
0.41956817842008953
0.4195416043933739
0.4195164628634565
0.4194926993016755
0.41947025569650975
0.41944907115699265
0.4194290825452238
0.4194102251162918
0.4193924331439708
0.41937564051193227
0.41935978125269163
0.4193447900200288
0.4193306024847625
0.4193171556481251
0.41930438807145964
0.4192922400248601
0.4192806535608209
0.419269572521554
0.4192589424903797
0.41924871069860215
0.41923882589933553
0.41922923821944313
0.4192198989996039
0.41921076063120943
0.41920177639656186
0.41919290031544626
0.41918408699371223
0.41917529144979704
0.41916646884150355
0.41915757390303593
0.41914855990835864
0.41913937809159674
0.4191299808918978
0.41912032887572565
0.4191103909880751
0.4191001357068001
0.41908952560687285
0.41907851942192537
0.4190670759716616
0.4190551571353562
0.41904273277508863
0.41902980112064864
0.419016459742365
0.41900297545982856
0.4189898819824556
0.418981960768773
0.419005947573313
0.4191224683458058
0.4191699783278186
0.4191558307510049
0.4191355116013812
0.41911894028551744
0.4190822912506311
0.41907981471279937
0.41905848075842006
0.41903997316551733
0.41899648856724536
0.41899750285348786
0.41897367230900834
0.4189545122033453
0.4188770654697328
0.41890871120540346
0.4188860040498335
0.4188632422403477
0.41883991797269093
0.41881722716619507
0.4187927862208679
0.41877155658578225
0.41873250486578345
0.4187261596554297
0.4185832771430316
0.41867982722512914
0.4186590281531254
0.4186356928907201
0.4186184857142753
0.41854648360702446
0.41857937170650417
0.4185184143755287
0.41854393359965764
0.4184151714287936
0.4185112095516515
0.41848910929205335
0.41848547918547113
0.4181875542443349
0.41845415718906276
0.41845401606513577
0.41818926024394837
0.41843549404362035
0.4184358968115401
0.41838368288112476
0.4184338545265248
0.4181171048262454
0.4184244264382144
0.41844281880777395
0.41813551151137024
0.4184477403737887
0.418470308128899
0.41822683815405126
0.41849427531200595
0.418507782732776
0.41853152978916575
0.41851125519423177
0.4185767324953979
0.4182429588040932
0.41852830622269666
0.4186564901040246
0.4183573633262616
0.4187043770628836
0.4187542367896346
0.41853320278883926
0.4188242185893502
0.41882994814497354
0.4189072738829072
0.4185931346434507
0.4189092904409696
0.4190343984692093
0.41872940560052624
0.4190666841385856
0.4191741617265618
0.41887267556452934
0.4192075727934457
0.41932283834687506
0.4190266307018119
0.4193671939684624
0.41947890355657125
0.4191898375602919
0.41954030133755416
0.41964039468619824
0.4193690876099848
0.4197285514007332
0.419803706800922
0.41973279592946783
0.4199174766504255
0.41964236016023987
0.4199948612962591
0.4200845581991532
0.41990287904933116
0.42019387864991137
0.42011719469978975
0.4203024572087993
0.42035613098386965
0.4203945286369157
0.4202317880127811
0.42027362162161125
0.4205970855717843
0.4204339489415544
0.4203965373562074
0.4204012614520777
0.4204257849773839
0.4204610460589008
0.42050255911833684
0.42054784252912303
0.42059539936999485
0.4206442675124698
0.42069379830206877
0.4207435384889494
0.4207931626584661
0.4208424397312065
0.4209006591865281
0.42126961881074726
0.42135178711305277
0.42140290371319306
0.42140980995715593
0.42147197234028244
0.4215185441033286
0.42115413928136886
0.42119652620015385
0.4215612642786681
0.4216430915737239
0.4216896339555455
0.42170638296998525
0.4217527709104326
0.42179056627824546
0.420466632369007
0.4206010721884294
0.42068941342195093
0.42074391291905
0.4207905091518863
0.42083681941034123
0.420884270732255
0.4209325567843343
0.4209810585184581
0.4210292344363487
0.4210766876556761
0.4211231454857278
0.42116842632135676
0.4212124908181058
0.4212616374321954
0.4213240561501991
0.4213521426014117
0.4213900670085014
0.42145499062153563
0.4214720831536791
0.421496730618099
0.4215350878496676
0.4215630805491678
0.42161493912133075
0.4216243565493013
0.4216416834997465
0.4216954457575766
0.42169883107477263
0.42171052821039634
0.4217339141538572
0.421758776525883
0.42176796961592583
0.4218322773010756
0.42181707425923265
0.42181588421188204
0.4218195885552696
0.42182550743200176
0.4218569681826732
0.42185115267505274
0.4218563092123738
0.42191708044774984
0.42188958936684284
0.4218781619945816
0.42187247012681034
0.42186924404952536
0.42192194329078303
0.42189275696758416
0.4218782837834826
0.4218689856538319
0.4218617148737874
0.42185538252132326
0.421916926542991
0.4218764150980567
0.4218544902888191
0.4218391559686403
0.42182649602155237
0.42181498818293633
0.4218039438186105
0.42180313304055755
0.4217885295681068
0.4221134072859546
0.4219215798001842
0.42183085089006384
0.4217769197513157
0.42173917090785784
0.42170977219235
0.42168508785142855
0.42166318820845083
0.4216429459284187
0.4216236611045626
0.4216048817046502
0.4215863081435059
0.421567738355756
0.42154903439995645
0.42153010135716035
0.42151087362198036
0.4214913058061894
0.4214713666009826
0.4214510345785675
0.42143029528751014
0.42140913922379547
0.4213875604019769
0.42136555534184056
0.4213431223454284
0.4213202609783836
0.42129697169624497
0.4212732555740657
0.4212491141102329
0.421224549083711
0.4211995624501776
0.42117415626633964
0.42114833263462254
0.421122093658985
0.4210954413435859
0.42106837558446264
0.4210408365442526
0.42101241041464066
0.4209841361254526
0.4209576176014032
0.4209270513114925
0.42090375664659896
0.42086968814496806
0.4208409890203028
0.42081625619726626
0.42077910391090395
0.4207571384906089
0.4207169217863225
0.42068199862912314
0.42075868951165396
0.42065691808043404
0.4205967916323206
0.4205505523139619
0.4205099128147472
0.4204718723789768
0.4204351196840106
0.4203989789161238
0.4203630663632186
0.42032715029805456
0.42029108608780075
0.4202547819525173
0.4202181793695466
0.4201812411955667
0.42014394249414766
0.42010613512386913
0.4200582121159926
0.4200243887219744
0.41998796822515605
0.41995020848457687
0.4199168547421257
0.41987344530197745
0.41983264149886873
0.41979303960360154
0.41977306991172914
0.41971768830676215
0.41967125026834035
0.41962723308323646
0.4195841331253033
0.41954722347975343
0.419499752043686
0.4194566878898226
0.41942418182012775
0.4193711914447054
0.4193240479972965
0.4192786227373486
0.4192439131021564
0.41919110341594545
0.41914326330143437
0.419097663958795
0.419064271288931
0.41900817823328657
0.41895854916012765
0.4189103954160766
0.4188633156012955
0.4188292535483014
0.4187717545272071
0.41872086589911506
0.41867136399577765
0.41862234319186525
0.41857787460697293
0.4185254413737706
0.4184798000029187
0.4184265463090136
0.4183795900559254
0.4183263964459712
0.4182829255499405
0.4182448153252036
0.4184698040051635
0.4184847232933278
0.41842335989908497
0.41837737042040396
0.41833215739575724
0.4178909979332161
0.4177635777991865
0.4177062798078968
0.4176671746836768
0.4176317009573892
0.4175954044898223
0.4175573117416419
0.4175172625286168
0.41747536931195584
0.4174317984756603
0.4173867217630629
0.4173402971513035
0.4172926654570602
0.4172439503031326
0.4171942596507811
0.41714368760770104
0.4170923162449991
0.4170402173286835
0.41698745432241874
0.4169340888306551
0.41688024939726515
0.41682655299110766
0.4167731080681142
0.41671799772479756
0.416663469103345
0.4166070197709186
0.41655161163503474
0.416494479683339
0.41643826854613275
0.41638757650463304
0.41639976152048536
0.4166335753595295
0.41658281122852403
0.4165274220212126
0.41646585211870274
0.4164088932249801
0.4159704028110274
0.4158944760176814
0.41583265197543473
0.41577458605901146
0.41571732990571986
0.4157085215859056
0.41587654738293006
0.41586614211076334
0.4158159691598971
0.41576018171788626
0.4157045325303921
0.415124310124377
0.4150280667408572
0.4150060586059553
0.41499778838665496
0.41498559598530316
0.4149658493427898
0.41493954976130104
0.4149078093130124
0.41486957012104714
0.41482807273660477
0.4147804607980046
0.414731572263725
0.41467931921908946
0.4146259324027861
0.4145683821114155
0.4145108444977384
0.4144515472059945
0.4143913805541946
0.41432900685488544
0.41426664360028004
0.4142026939662581
0.4141386256086409
0.4140727956875287
0.41400705080191763
0.41394061424480316
0.4138737240393921
0.41380525615114955
0.4137370871915276
0.41366857134196694
0.4135992029573546
0.4135295993181638
0.4134593490355848
0.41338855349195286
0.41331735243271284
0.4132462837181412
0.4131741885689693
0.4131016209923939
0.41302877729409554
0.41295611728214693
0.4128822151006196
0.4128085645561241
0.41273387870505457
0.41265968882322324
0.4125841440642581
0.41250893706687763
0.4124326599157023
0.4123571195806661
0.41227990122485375
0.4122031320680981
0.41212536281098544
0.41204833065520013
0.41196946712939336
0.4118914035130762
0.41181193948985284
0.4117335149328039
0.41165301597071385
0.41157347004114575
0.4114925011695634
0.411412598141639
0.4113305014464985
0.4112496145544712
0.4111669731900807
0.4110855935203513
0.41100175964456803
0.4109191168542401
0.4108346738418839
0.41075153997391595
0.41066680552159757
0.4105823884606025
0.4104985953218579
0.4104139790287605
0.41048352542104666
0.4103135427257607
0.4104748454541784
0.4104471781979193
0.4103704340217992
0.41028399634749324
0.40984525980000425
0.40972750165560556
0.409648730584803
0.4095731807845673
0.40949652862827635
0.40941674984903925
0.4093341527725547
0.40924917456360854
0.4091622950546096
0.40907389940345673
0.40898428766183065
0.408893684198292
0.4088022535289067
0.40871011212804476
0.4086173354982059
0.4085239576412682
0.40842995682556854
0.4083352120242101
0.4082394063542737
0.40816584224167335
0.40828910321737616
0.40823739339234427
0.4081237134399471
0.40798228341533266
0.4078204591177138
0.4073176976338444
0.4071040007729256
0.40697857289844774
0.4068792321883982
0.406788780377927
0.40670071825340554
0.4066124509520519
0.4065230610150026
0.4064329089942786
0.40634344645080406
0.406253212603439
0.4061613572617381
0.4060682575193435
0.4059757086829311
0.40588397704826684
0.4062014545938408
0.405956617877717
0.40583526046223756
0.4057388822509679
0.4056483377338759
0.4055530368983865
0.4054557140389465
0.4053542524205318
0.4052538956324734
0.40538083926268664
0.4053453481971151
0.4053073986297352
0.40520014478617383
0.4050204351662034
0.4049371778494563
0.4048639223647512
0.40471426867407173
0.4046485699791943
0.4045473453634726
0.4044070230047371
0.4043318300932043
0.40423467029276255
0.4062269907300762
0.4035053043024932
0.4031765773761869
0.4031657196251971
0.4032307485093853
0.4033081392436815
0.40337987615505416
0.40343834542487744
0.4034804169996409
0.40350542359760616
0.40351404454881906
0.4035076178152367
0.4034877458505312
0.40345619923648973
0.4034152232305887
0.4033665163120661
0.4033100343597734
0.40324662072636086
0.4031799896789923
0.4031070332645121
0.4030291056979646
0.40294749721372863
0.402862499788487
0.4027748361566603
0.40268468476516445
0.40259253865578776
0.4024985494921924
0.40240306994318104
0.40230623814838556
0.402208312373694
0.4021094185592374
0.40200974945512696
0.40190941772188093
0.4018085695961845
0.40170730335318333
0.4016057313170813
0.4015039369219793
0.40140200697450507
0.40130001035965374
0.4011980140557532
0.40109607331267094
0.40099423928476485
0.4008925549257107
0.40079105854846486
0.40068978237889513
0.40058875425086815
0.400487997299276
0.4003875308432647
0.40028737051505503
0.40018752879645625
0.4000880152811715
0.39998883705443417
0.3998899989694022
0.3997915039421028
0.39969335319985433
0.39959554651845713
0.3994980824311916
0.3994009584197176
0.39930417108362587
0.3992077162920897
0.39911158931791135
0.39901578495585427
0.39892029762633113
0.3988251214659114
0.39873025040587345
0.3986356782400143
0.39854139868284166
0.39844740541923174
0.3983536921465127
0.3982602526098282
0.39816708063168504
0.3980741701362891
0.39798151516945673
0.3978891099145812
0.3977969487052576
0.3977050260349656
0.3976133365642783
0.39752187512590603
0.3974306367279282
0.39733961655546296
0.3972488099710426
0.39715821251387207
0.39706781989817447
0.3969776280107952
0.3968876329081367
0.3967978308126526
0.3967082181088607
0.39661879133909644
0.3965295471989821
0.3964404825327314
0.3963515943283123
0.3962628797125377
0.3961743359460853
0.39608596041854116
0.395997750643393
0.39590970425311006
0.39582181899424657
0.3957340927225966
0.3956465233984239
0.3955591090817274
0.3954718479275618
0.39538473818125136
0.3952977781733004
0.39521096631331204
0.3951243010812268
0.39503778101136455
0.3949514046575016
0.3948651705080532
0.3947790767701347
0.3946931208091373
0.3946072976855119
0.3945215963429764
0.39443598981576505
0.3943504111019575
0.3942647005634246
0.39417853112712226
0.39409147840122977
0.3940035775651629
0.3939154957326271
0.39382758738422535
0.39373992221241944
0.3936525276084464
0.39356541198572514
0.39347857476855186
0.3933920107673837
0.3933057123299705
0.3932196704293309
0.39313387519831056
0.3930483161333098
0.3929629820496595
0.39287786078930675
0.3927929386110145
0.3927081991029563
0.3926236213173569
0.39253917660688753
0.39245482336295573
0.39237049881524805
0.39228610866511016
0.39220152307303047
0.3921166077698748
0.3920313287667134
0.39194586145630383
0.3918604878987588
0.39177537080001357
0.39169052619714145
0.3916059185725088
0.3915215152396463
0.3914372966419398
0.391353252986654
0.39126937993265115
0.39118567580754054
0.39110214011900035
0.39101877282743575
0.39093557401374557
0.3908525437394194
0.3907696819960671
0.3906869886943986
0.3906044636692995
0.39052210669041065
0.39043991747370427
0.39035789569220025
0.39027604098534135
0.3901943529669651
0.3901128312319559
0.39003147536183497
0.38995028492940237
0.38986925950263057
0.3897883986478928
0.3897077019326912
0.38962716892790966
0.38954679920966845
0.38946659236088726
0.38938654797254063
0.3893066656446996
0.3892269449873202
0.38914738562093526
0.38906798717712326
0.3889887492988838
0.3889096716409065
0.388830753869741
0.38875199566389973
0.3886733967138831
0.3885949567221686
0.3885166754031484
0.388438552483029
0.3883605876997219
0.3882827808026895
0.3882051315528006
0.38812763972213477
0.38805030509383437
0.38797312746189005
0.3878961066309856
0.38781924241627824
0.387742534643229
0.38766598314741774
0.3875895877743409
0.38751334837924806
0.3874372648269477
0.38736133699163566
0.38728556475671294
0.38720994801462555
0.38713448666665823
0.3870591806227851
0.38698402980146857
0.38690903412947264
0.3868341935416794
0.3867595079808509
0.3866849773974038
0.38661060174915923
0.38653638100102294
0.38646231512466195
0.38638840409808534
0.3863146479051403
0.38624104653493196
0.3861675999810461
0.38609430824062335
0.3860211713131282
0.3859481891988163
0.38587536189666727
0.38580268940171325
0.3857301717014185
0.38565780877080663
0.38558560056570745
0.3855135470133393
0.38544164799882247
0.38536990334545956
0.3852983127851146
0.38522687591222093
0.38515559210974987
0.38508446042442346
0.38501347934485614
0.3849426463804306
0.3848719571941355
0.3848014036236153
0.3847309685208735
0.384660609714216
0.38459019802637373
0.38451928326184104
0.3844489044144411
0.38438334194487944
0.3843185937718445
0.3842541230565846
0.38418961948805214
0.38412498845725823
0.38406022429911824
0.38399533086236753
0.38393031401626077
0.3838651823123166
0.38379994697966335
0.38373462133306563
0.383669220068117
0.38360375860578644
0.38353825255737883
0.38347271732132004
0.3834071677967556
0.38334161819183155
0.38327608190532114
0.38321057146328596
0.3831450984960943
0.3830796737442427
0.38301430708408907
0.38294900756679656
0.38288378346544505
0.38281864232659446
0.38275359102361134
0.38268863580985324
0.38262378237036193
0.38255903587123014
0.3824944010060323
0.38242988203914163
0.38236548284572186
0.38230120694849307
0.3822370575512897
0.38217303756960114
0.38210914965815307
0.3820453962358364
0.3819817795080808
0.3819183014869394
0.38185496400903923
0.3817917687516641
0.3817287172471092
0.3816658108954581
0.3816030509760251
0.3815404386575039
0.3814779750070104
0.38141566099813107
0.3813534975180678
0.38129148537397073
0.3812296252985642
0.3811679179551215
0.3811063639418684
0.3810449637958859
0.3809837179965493
0.38092262696855234
0.38086169108458434
0.38080091066766353
0.38074028599323584
0.38067981729093336
0.38061950474617723
0.38055934850154594
0.3804993486579639
0.3804395052757293
0.38037981837541585
0.38032028793860734
0.3802609139085553
0.3802016961907227
0.3801426346532257
0.38008372912720445
0.3800249794071294
0.3799663852510154
0.3799079463806145
0.3798496624815294
0.37979153320328995
0.3797335581594024
0.37967573692732637
0.3796180690484717
0.37956055402810873
0.37950319133530525
0.37944598040280125
0.379388920626886
0.3793320113672557
0.37927525194683454
0.37921864165160757
0.3791621797304304
0.37910586539482
0.3790496978187383
0.3789936761383839
0.37893779945194284
0.37888206681936437
0.3788264772621253
0.37877102976297017
0.37871572326567127
0.37866055667477333
0.3786055288553363
0.3785506386326639
0.3784958847920624
0.37844126607855333
0.3783867811966308
0.37833242880998447
0.3782782075412429
0.37822411597171274
0.37817015264112536
0.3781163160473782
0.37806260464629304
0.3780090168513749
0.3779555510335736
0.37790220552106907
0.3778489785990446
0.37779586850950814
0.37774287345108754
0.3776899915788742
0.37763722100427594
0.3775845597948847
0.37753200597438497
0.3774795575224866
0.37742721237488375
0.37737496842324963
0.37732282351529695
0.3772707754548422
0.37721882200197443
0.3771669608732247
0.3771151897418387
0.37706350623811846
0.3770119079498005
0.37696039242257784
0.376908957160646
0.3768575996274082
0.3768063172462339
0.3767551074013549
0.3767039674388755
0.3766528946678394
0.3766018863614759
0.3765509397584464
0.37650005206414894
0.37644922045195395
0.37639844206425244
0.37634771401303596
0.376297033379641
0.3762463972129726
0.37619580252511764
0.3761452462825637
0.37609472539012734
0.3760442366628955
0.37599377677851925
0.37594334219759035
0.3758929290323566
0.3758425328324114
0.3757921482386586
0.3757417684335348
0.3756913842955929
0.3756409832013376
0.37559054771442874
0.37554005558651354
0.3754894853763008
0.37543883348372326
0.3753881352073701
0.37533745875891394
0.37528686499077596
0.3752363787779343
0.37518599465900504
0.3751356940166095
0.3750854562249732
0.3750352629005006
0.37498509873988883
0.37493495121682774
0.3748848100626457
0.37483466681210836
0.3747845144633452
0.37473434723508203
0.3746841603940662
0.37463395013034007
0.37458371346475505
0.37453344817843437
0.3744831527575324
0.37443282634904657
0.37438246872475855
0.3743320802514109
0.3742816618656543
0.3742312150527177
0.37418074182795186
0.3741302447205335
0.37407972675871215
0.37402919145615304
0.37397864279883597
0.3739280852321664
0.37387752364794596
0.3738269633708572
0.37377641014427954
0.3737258701151421
0.3736753498176759
0.3736248561559163
0.37357439638486695
0.3735239780902412
0.3734736091667844
0.3734232977951454
0.37337305241736957
0.3733228817110778
0.37327279456243245
0.3732228000379814
0.3731729073555856
0.37312312585456114
0.3730734649652196
0.3730239341780191
0.37297454301251604
0.37292530098635057
0.3728762175844487
0.37282730222868526
0.37277856424819095
0.3727300128505239
0.37268165709384066
0.37263350586034644
0.3725855678310438
0.3725378514620364
0.37249036496246857
0.37244311627415405
0.3723961130530557
0.3723493626526338
0.3723028721090764
0.3722566481284931
0.372210697076013
0.37216502496679565
0.37211963745891824
0.3720745398480866
0.37202973706410014
0.3719852336689833
0.3719410338567342
0.37189714145455405
0.37185355992548735
0.37181029237233265
0.37176734154275104
0.37172470983542927
0.37168239930722624
0.37164041168113593
0.3715987483550056
0.37155741041087614
0.37151639862488217
0.37147571347753644
0.37143535516440523
0.3713953236070094
0.37135561846391535
0.3713162391419106
0.37127718480723226
0.3712384543967446
0.3712000466290361
0.3711619600153901
0.37112419287056414
0.3710867433233418
0.3710496093268358
0.37101278866852133
0.3709762789799441
0.3709400777461056
0.37090418231451533
0.3708685899038774
0.3708332976124161
0.37079830242585665
0.3707636012249864
0.3707291907929071
0.37069506782187245
0.37066122891977893
0.370627670616299
0.3705943893686723
0.370561381567127
0.3705286435400003
0.3704961715585386
0.3704639618413284
0.37043201055852415
0.37040031383570177
0.37036886775749456
0.3703376683709331
0.3703067116885604
0.37027599369130737
0.3702455103311156
0.3702152575333948
0.3701852311992586
0.3701554272075562
0.3701258414167737
0.3700964696667399
0.3700673077801774
0.37003835156414233
0.3700095968113033
0.36998103930113074
0.3699526748009467
0.3699244990668883
0.3698965078447853
0.36986869687095497
0.36984106187290716
0.3698135985699984
0.369786302674024
0.3697591698897569
0.36973219591544115
0.3697053764432443
0.3696787071597007
0.36965218374607933
0.36962580187879857
0.3695995572297657
0.3695734454667255
0.36954746225363205
0.3695216032509682
0.3694958641161159
0.36947024050368793
0.3694447280659089
0.36941932245298564
0.3693940193134965
0.36936881429482094
0.3693437030435453
0.3693186812059364
0.3692937444284221
0.36926888835809446
0.36924410864325835
0.36921940093399225
0.36919476088273856
0.3691701841449579
0.369145666379781
0.3691212032507069
0.3690967904263442
0.36907242358117465
0.3690480983963539
0.36902381056055217
0.3689995557708183
0.3689753297334849
0.3689511281651127
0.36892694679345006
0.3689027813584221
0.3688786276131742
0.3688544813251219
0.36883033827703077
0.36880619426813266
0.36878204511531615
0.3687578866544191
0.3687337147420132
0.3687095252587143
0.36868531411807287
0.36866107729526104
0.3686368109266158
0.36861251166235687
0.3685881779246435
0.36856381441681557
0.3685394485041925
0.3685151925468535
0.36849151904337946
0.3684710474794202
0.3684803646641877
0.36868429042209133
0.3687634204654862
0.3687427509687243
0.3687171670712776
0.36868941271414984
0.3686614192115557
0.3686354864731481
0.3686084714480104
0.3685832916273541
0.36855661519322536
0.36853203156681275
0.3685053447723603
0.3684813111564557
0.368454284415647
0.3684308446153181
0.3684031767583727
0.3683803975646768
0.36835194452581815
0.3683297412210861
0.36830069488186484
0.36827870630938614
0.368249323944857
0.36822723670709673
0.36819754255743514
0.368175305759898
0.36814528978720346
0.36812286747947176
0.3680925221179973
0.3680698818407356
0.36803919960232745
0.36801631476326974
0.3679852889740061
0.36796213644147535
0.36793076076924497
0.36790732059142667
0.3678755891838784
0.367851843733566
0.36781975104647485
0.3677956847090446
0.3677632255260544
0.3677388242738783
0.3677059936235395
0.3676812448033401
0.36764803796064494
0.3676229300519681
0.36758934249494624
0.36756386497254906
0.3675298923831885
0.36750403556872563
0.36746967380871476
0.3674434287807414
0.36740867389376025
0.3673820323912099
0.36734688058841264
0.36731983495076886
0.3672842826144171
0.36725682571637003
0.36722086939098614
0.3671929946027203
0.3671566310003146
0.3671283321425851
0.36709155813789884
0.3670628294568489
0.36702564209487704
0.36699647823163317
0.36695887472656397
0.36692927070355014
0.36689124844936993
0.36686119965105224
0.36682275622421373
0.36679225839317675
0.3667533915671139
0.3667224407938652
0.366683148545392
0.3666517412731628
0.36661202180157
0.36658015482357925
0.3665400065605769
0.3665076770328608
0.3664670986667125
0.36643430411134637
0.36639329459971937
0.36636003292514957
0.366318591524602
0.3662848610330401
0.36624298731360777
0.3662087867284723
0.3661664806087704
0.36613180908402443
0.36608907084557984
0.36605392800014946
0.36601075832869584
0.36597514425467853
0.36593154425111846
0.3658954595557889
0.3658514307850868
0.3658148765935698
0.3657704210874949
0.3657333990944289
0.3656885194114092
0.36565103187137404
0.3656057310830742
0.3655677808771644
0.3655220626467896
0.36548365324962767
0.36543752178845473
0.36539865736136506
0.3653521175416838
0.3653128028561309
0.3652658601114088
0.3652261006940675
0.36517876120134884
0.36513856317436977
0.365090833644733
0.3650502039774646
0.36500209198380873
0.36496103816691844
0.3649125517096993
0.36487108223458925
0.36482223038543016
0.3647803540673172
0.36473114604707885
0.3646888730054709
0.3646393195318806
0.3645966597077686
0.3645467709029682
0.3645037360585057
0.3644535241348988
0.36441012377468346
0.3643595967808421
0.3643158405175659
0.3642650064310543
0.3642208948620509
0.3641697548773619
0.36412530469013454
0.36407388805082064
0.3640291223577402
0.363977452017971
0.3639324151174025
0.3638805380356163
0.363835234764778
0.3637831421279934
0.3637376247771919
0.363685385860762
0.3636396160013815
0.363587160223629
0.3635412487702887
0.36348874255582475
0.36344254087027017
0.36338973741862196
0.3633435451500539
0.36329092207709585
0.36324424345186634
0.36319099763908563
0.3631447368425879
0.36309235488079217
0.3630448751988927
0.3629909454781219
0.36294498565931826
0.36289353480550285
0.36284424626060807
0.3627918011845606
0.36274441504003424
0.3626905712438631
0.3626442269974143
0.3625924174668294
0.36254347572317164
0.3624901698318529
0.36244348624307066
0.3623911055309083
0.36234311811903325
0.36228910509963297
0.36224306773126874
0.36219212135934337
0.3621420343062774
0.3620914463578268
0.3620421981696256
0.36199070696730556
0.3619431443089425
0.3618896657603627
0.3618441528535671
0.3617940455197745
0.3617440119374484
0.36169507481637686
0.3616446501752112
0.36159717421900855
0.3615447510116088
0.3614997529336339
0.36145026847431055
0.36140148712863585
0.36135272364794513
0.3613046186207675
0.361255790918969
0.36120877255564554
0.3611587252917791
0.3611139536953618
0.3610639951786375
0.36101943566040584
0.3609698027548157
0.3609256084788998
0.3608764723541033
0.36083252644322544
0.3607836128211923
0.3607403077932095
0.36069237735111037
0.3606488668957658
0.36060029108412367
0.36055854190381265
0.3605130054262232
0.36046795007523524
0.360423703828783
0.36037892997933646
0.3603360138710881
0.3602902234251104
0.3602497952384447
0.3602052882177708
0.3601641357581239
0.36011849368894505
0.36008002398308797
0.36003832709278005
0.35999465998302904
0.35995595436029054
0.3599133399871852
0.35987460529125614
0.35983152360328124
0.3597948035974591
0.3597550227049455
0.3597146052250781
0.35967721093386423
0.3596357182772599
0.3596009500854506
0.35956336758226093
0.35952357258448514
0.35948914246604513
0.3594517605216082
0.3594154267112643
0.3593789602013826
0.3593440724960849
0.3593071182617301
0.3592746703864481
0.3592392848724154
0.3592061378936993
0.3591702496985225
0.35913982111237874
0.3591069623695522
0.35907300321594526
0.3590428231308577
0.3590097622043932
0.3589800615337753
0.35894733926386835
0.3589190765091374
0.35888850604165495
0.35885884874420926
0.35882931672798846
0.35880094275641494
0.35877144283846135
0.3587451292484938
0.3587163561702597
0.3586907101080181
0.35866264259894837
0.35863800117101646
0.3586112505082031
0.35858667235335834
0.3585596787917017
0.3585375570823309
0.35851364198203217
0.35848806840123154
0.3584668468022422
0.3584439791525319
0.3584198934394753
0.35839966831370956
0.35837791949042025
0.3583554819936532
0.3583361095174462
0.35831528716811933
0.3582952493954445
0.35827546998686177
0.35825662148166504
0.3582372102178727
0.3582201787103138
0.3582018606856906
0.35818502338486136
0.35816686812034226
0.35815229953634575
0.3581364258016212
0.35811972225483724
0.35810601750779797
0.35809120019017404
0.35807591556335955
0.35806329484320154
0.3580496784473436
0.35803584202462685
0.3580242893696355
0.35801186942648816
0.35799960769108125
0.35798883977574747
0.35797744074598226
0.3579674439464539
0.3579569175301068
0.35794788949108103
0.35793833716400414
0.35792967775818485
0.35792076661317757
0.3579140225858502
0.35790641812228896
0.3578988706774445
0.3578929946378715
0.3578864604677047
0.3578802160186581
0.3578753764595482
0.3578699738088605
0.3578650112747299
0.35786120292361934
0.35785693798069584
0.3578532226994722
0.3578502832061072
0.3578471784650609
0.3578445231848598
0.3578423322894844
0.3578404927089586
0.3578391936857829
0.35783887929744923
0.3578379249775617
0.3578376985815971
0.35783796281473607
0.3578378978295329
0.35783863052121934
0.357839543536707
0.35784044591645686
0.35784174253153755
0.3578432938633846
0.3578452887599568
0.3578473326146515
0.3578504262923524
0.3578534057773955
0.35785610561874415
0.3578599770815301
0.35786356425168653
0.35786691462798514
0.35787137699446936
0.35787536934406006
0.35787938579198436
0.35788394914206567
0.35788822066915915
0.35789396094715925
0.3578990248402922
0.3579036335239499
0.3579097704137348
0.35791506340001855
0.3579200661752651
0.35792657471301437
0.3579320554697564
0.35793732655436933
0.35794409361299157
0.35794972349390286
0.35795532150727327
0.35796197424200826
0.35796759192473315
0.3579743444320601
0.35798004671970396
0.35798707691264364
0.35799287412911973
0.3579995482593211
0.35800536160568014
0.35801328950905215
0.3580194534949544
0.3580251701833873
0.35803295655506967
0.35803895809167025
0.3580447208462466
0.35805242663757464
0.3580582418571031
0.35806395841572713
0.3580713879691512
0.35807699681804234
0.3580830059241707
0.3580891609065887
0.35809505869920033
0.3581015487705257
0.3581070121478599
0.3581150248724268
0.3581206057722705
0.3581257703744056
0.35813345713129924
0.3581387663563444
0.358143847735551
0.3581513065375165
0.3581563103795955
0.35816120512658434
0.35816832700224427
0.3581730615805299
0.358178000672101
0.35818415577269247
0.3581886038745895
0.3581956067480871
0.3582000543539182
0.3582046517336746
0.3582108667547608
0.3582150129235309
0.3582209621293755
0.35822498408752373
0.35823135170298537
0.3582352873094915
0.3582401198556373
0.3582444239347411
0.3582500928853803
0.3582537740343483
0.35826014981304277
0.3582637993209902
0.35826790875724335
0.35827286602133773
0.35827644086390925
0.3582833758057332
0.3582869288271834
0.3582900978117495
0.3582965622988132
0.35829986454678103
0.3583030440336681
0.35830929943725653
0.35831235736701506
0.358315409720436
0.3583213473826489
0.3583242229493575
0.35832740664600726
0.3583324010830947
0.3583350790478604
0.35834030863388266
0.35834294376120485
0.3583472416119246
0.3583499703006795
0.35835647445221375
0.35835928237109693
0.3583616878215278
0.35836758125725326
0.35837020611002807
0.3583727585346744
0.358378230612611
0.3583806996632163
0.35838327525411867
0.3583875944232335
0.35838993218585397
0.3583940344175172
0.3583964325842981
0.3583999871873695
0.3584024012371199
0.35840660518780804
0.3584093700754129
0.35841168566536036
0.35841485646908644
0.35841742116085157
0.3584219028066889
0.35842496996012096
0.3584271033183292
0.3584310823984758
0.3584340081065514
0.3584367937833463
0.3584395623421686
0.3584434577698045
0.3584462745237
0.35845002218093497
0.3584529213334884
0.3584565398895861
0.3584594118586457
0.35846359373882936
0.35846670150859655
0.3584696213206701
0.35847265281591295
0.35847649389708475
0.35847941142056133
0.358484297015026
0.3584877493098668
0.3584902010496734
0.3584946631701486
0.35849793188216084
0.3585009330708009
0.3585041400465667
0.3585078620386465
0.35851090515001227
0.3585158966315035
0.358519312028627
0.35852201865933686
0.3585261657011662
0.35852927592595313
0.3585339844114728
0.3585373228285812
0.3585402918422025
0.3585438430934751
0.35854713696464474
0.35855121499122755
0.35855425510907507
0.35855953082167363
0.35856302402333323
0.3585655838168868
0.35857031179301146
0.35857355367444965
0.3585765839594339
0.3585798734407931
0.35858339136188266
0.358586522640318
0.3585905920608964
0.35859343537201877
0.3585984929859267
0.3586016552671612
0.3586041188883197
0.35860838972915077
0.35861115589621034
0.3586148126173965
0.3586173843012382
0.358621995166414
0.3586247156296838
0.3586270515797304
0.3586304498919168
0.3586327955450923
0.35863757731588053
0.3586400962909787
0.35864192487969593
0.3586458994882915
0.3586480412021311
0.35865052854328777
0.35865257725912625
0.3586563126162068
0.35865808397715493
0.3586606853676138
0.358662334186858
0.3586665783731073
0.35866830127391264
0.35866946158430135
0.35867279037099425
0.3586740819863218
0.3586759565423496
0.3586771514965545
0.3586804761496372
0.3586814134625209
0.3586826485188947
0.3586839459138699
0.3586855509707696
0.35868643468591066
0.35868885571955933
0.35868921956487876
0.35869153184389463
0.3586917782333992
0.35869338164360925
0.35869343540063453
0.3586962544576204
0.3586962194614323
0.3586960369293517
0.3586975751050245
0.358697087075561
0.35869890676839994
0.3586982530706225
0.3586984779594104
0.3586979480474748
0.35869959393814604
0.3586985370374512
0.3586985378368374
0.3586976293490754
0.3586992829245644
0.3586979082002188
0.3586970771300808
0.35869654925987
0.3586957103804241
0.35869530501824787
0.3586939170757801
0.3586947337881592
0.3586927301071789
0.35869233601855344
0.35869038073008
0.35869188915795286
0.3586896633903721
0.358687337984839
0.3586879407217394
0.3586853797353825
0.3586836207745559
0.3586818306841323
0.35868047829496874
0.35867818813495017
0.3586782456987308
0.35867527332951876
0.35867548310377384
0.3586729331582614
0.3586749338188756
0.3586691594331844
0.35866350780278944
0.35837970164963673
0.35836125560391424
0.35835108513305763
0.35834758427839736
0.35834449033756066
0.3583400438649646
0.35833674231706797
0.35838736231184326
0.35854902652955817
0.35864883843148576
0.3586756808629332
0.35867045133981007
0.35866053766024014
0.35865059943808436
0.3586407782853783
0.3586310625616108
0.35829305894721
0.35878990833498825
0.3590172885588444
0.35911690217928277
0.35916035723057077
0.3591722335384561
0.3591627000961304
0.3591376950098809
0.3591015467720292
0.35905765020723834
0.35900868396386304
0.3589567311520037
0.35890337944926454
0.35884981131329324
0.35879688333102633
0.3587451936534697
0.35869513785203055
0.35864695446319034
0.35860076185475637
0.35855658803969953
0.3585143948549758
0.35847409763211113
0.35843558119027596
0.35839871272928264
0.3583633520156354
0.35832935914696085
0.35829660014061887
0.3582649506010232
0.3582342977520272
0.3582045411516768
0.35817559241998853
0.3581473742985434
0.35811981932467796
0.3580928683504401
0.35806646907634837
0.3580405747118698
0.358015142823909
0.35799013439578004
0.3579655130917521
0.35794124470590016
0.3579172967657896
0.3578936382595841
0.3578702394568599
0.3578470717973264
0.3578241078262968
0.3578013211603467
0.3577786864708875
0.3577561794768305
0.3577337769403902
0.35771145666219817
0.3576891974735268
0.3576669792244548
0.3576447827676647
0.35762258993800167
0.35760038352818657
0.3575781472612665
0.35755586576046194
0.35753352451697346
0.35751110985640144
0.3574886089042837
0.3574660095511935
0.3574433004178438
0.35742047082046696
0.3573975107367954
0.3573744107728024
0.3573511621304144
0.357327756576283
0.35730418641174455
0.3572804444439671
0.35725652395838375
0.3572324186924013
0.35720812281035536
0.3571836308797607
0.35715893784876107
0.35713403902481017
0.3571089300545067
0.35708360690455154
0.3570580658437971
0.35703230342630715
0.3570063164754255
0.3569801020687584
0.35695365752405833
0.35692698038593923
0.35690006841340277
0.3568729195680908
0.35684553200325103
0.3568179040533803
0.35679003422446853
0.35676192118483263
0.35673356375651066
0.356704960907165
0.35667611174244335
0.35664701549882416
0.35661767153685636
0.3565880793347873
0.35655823848258256
0.3565281486762746
0.3564978097126043
0.35646722148399673
0.3564363839738053
0.3564052972518013
0.3563739614698957
0.35634237685812126
0.35631054372080223
0.35627846243290334
0.35624613343660505
0.35621355723798265
0.3561807344039273
0.3561476655591417
0.3561143513833147
0.3560807926084234
0.3560469900161317
0.3560129444353368
0.35597865673979806
0.3559441278458766
0.35590935871036966
0.35587435032843656
0.35583910373158206
0.35580361998577825
0.3557679001895963
0.3557319454724446
0.35569575699287515
0.3556593359369489
0.3556226835166462
0.3555858009683712
0.355548689551476
0.355511350546871
0.3554737852556593
0.3554359949978456
0.3553979811110713
0.3553597449494157
0.35532128788223577
0.3552826112930382
0.3552437165784226
0.35520460514703245
0.3551652784185795
0.3551257378228856
0.35508598479897996
0.3550460207942186
0.3550058472634656
0.35496546566828424
0.35492487747618545
0.3548840841599165
0.35484308719675733
0.3548018880678887
0.35476048825778034
0.3547188892536012
0.3546770925446905
0.3546350996220378
0.354592911977824
0.35455053110496687
0.3545079584967274
0.35446519564632534
0.3544222440466148
0.3543791051897664
0.3543357805669889
0.35429227166829663
0.35424857998228926
0.35420470699597834
0.35416065419463255
0.3541164230616539
0.35407201507850233
0.3540274317246145
0.35398267447738746
0.3539377448121626
0.35389264420226374
0.35384737411902506
0.35380193603188675
0.3537563314085011
0.3537105617148298
0.35366462841533386
0.3536185329731225
0.3535722768501567
0.35352586150748017
0.35347928840544934
0.3534325590040071
0.35338567476325544
0.353338637641576
0.35329192393568054
0.3532521811982188
0.35321370501620736
0.3531695247000249
0.35312271514023563
0.3530751109844983
0.35302993002066485
0.3529897854638324
0.3529403476751639
0.352891957966013
0.35284977623137054
0.35280440425595966
0.35275439256733093
0.3527012393465728
0.3526676062838155
0.3526197623485198
0.3525709981041599
0.3525221829632932
0.3524686258389643
0.3524266378097551
0.35238446404979307
0.35233810127320286
0.35228894918182135
0.35223897874328564
0.35218454638586927
0.35214125571222493
0.3520978473853866
0.3520501181275588
0.35199967373272417
0.35194853750192817
0.35189483985245706
0.35184779392893023
0.3518024276669671
0.3517563944657994
0.35170577155805377
0.35165379066741564
0.3516084921820158
0.3515583430266481
0.351503419194052
0.3514514779557476
0.35140260158745035
0.3513465507787366
0.3513047742591059
0.3512568037977322
0.351204746801344
0.35115152521163134
0.35109540484349494
0.35104945236507734
0.35100341482259506
0.35095257457264345
0.3508991543890397
0.35084529957446997
0.3507935300329529
0.35074361074218247
0.35068720342504084
0.3506440616656279
0.3505941298270331
0.3505406099504851
0.3504862276128401
0.3504339871294225
0.3503834800847679
0.35032754606685906
0.35028362937615193
0.3502326772752013
0.35017853713612623
0.3501237993636141
0.35007431351067436
0.3500237962525073
0.3499619531666547
0.3499161553297076
0.34986967216834425
0.34981662028234395
0.3497616297749559
0.34971109929886723
0.349656853034535
0.34960900166495
0.3495580515766487
0.3494946339377924
0.34944128817194914
0.34939912053882044
0.3493487179640922
0.34929424145763527
0.349238814236478
0.3491869345375662
0.34913569499169667
0.3490794679388786
0.34903505383975425
0.34898326730351886
0.3489284452535769
0.34887318517067656
0.34882659687823103
0.34877605835222086
0.3487129426721425
0.34866225631468534
0.3486191288433645
0.3485675435614039
0.3485128235018534
0.348457820064157
0.3484132647013282
0.3483630087358598
0.34829970103833036
0.34824501286737103
0.34820368422406206
0.348154456936041
0.34810052245311207
0.34804549345963104
0.34798775659697706
0.34795057179929545
0.3478992344801062
0.34784421991934045
0.34778909122959595
0.34774411464959254
0.3476923968891185
0.34763573777135615
0.34759228550299254
0.3475431041520845
0.3474810360548587
0.34742750233066216
0.3473877915940482
0.34733982913053346
0.34728708251105367
0.347233276417805
0.3471771517425418
0.34714002068869965
0.3470918120775361
0.34703854602651385
0.3469847773096389
0.34693628453314496
0.3468852299056655
0.3468426473932489
0.34679448489753617
0.34673386351194635
0.3466837205408069
0.3466452213704071
0.34659756276484066
0.3465460228611565
0.3464938026980943
0.3464498804577178
0.34640290374932736
0.3463444555078113
0.3463030217851211
0.346260691245422
0.34621118312926824
0.3461599537391935
0.34611250971589363
0.34606694349401845
0.346017484026269
0.34597445782502245
0.34592830337762037
0.34587077371809566
0.34582971419778785
0.3457899880676157
0.34574231593520194
0.34569264409629846
0.34564513205255704
0.34559558330439893
0.34556528296475775
0.34551608623625457
0.3454656852684908
0.3454162227488717
0.34538436125917465
0.3453419686437134
0.34528506435828443
0.34523295483186944
0.3451879019546927
0.34515524427038996
0.3451128165164571
0.3450657887193418
0.3450179402823959
0.34496951880732224
0.34493096927835537
0.34489534680442485
0.34485203244863805
0.3448056635770773
0.34475940085258944
0.34472248244742
0.3446808413371413
0.34462769271390603
0.34459297730911026
0.3445643605168251
0.3445279197566173
0.3444926914337042
0.3444543561485506
0.344416340307553
0.34437756959174487
0.34433765977986536
0.3443030209967919
0.3442974506144215
0.344247762912035
0.3441870475200382
0.3441337285025317
0.344084192990392
0.3440365593138092
0.3439901961422897
0.3439565051098331
0.343923899462948
0.343882310163919
0.34383865595814195
0.34379611064528787
0.3437757716406179
0.34373825974448946
0.3436857769722352
0.3436381492555265
0.34359314689457443
0.34356010258916614
0.34355159095819193
0.3435374566134848
0.34353062607889323
0.3435314132910254
0.34478382061690416
0.34440527171827023
0.34418766165674497
0.3440441055293938
0.3439347086979157
0.34384303021555906
0.3437613720269759
0.34368600993267334
0.34361502051288867
0.34354733402670856
0.3434823102947396
0.34341953862343666
0.3433587377492928
0.34329970300716006
0.3432422770831472
0.3431863331604872
0.34313176487420394
0.3430784801533545
0.3430263973564292
0.3429754427955406
0.3429255491188301
0.34287665423081487
0.3428287005528488
0.3427816344997756
0.34273540609412423
0.34268996866798146
0.3426452786208466
0.3426012952135497
0.3425579803857966
0.34251529858975344
0.34247321663518054
0.3424317035434409
0.3423907304090645
0.34235027026795634
0.34231029797205803
0.342270790070173
0.3422317246949638
0.34219308145602306
0.34215484133897084
0.3421169866104657
0.34207950072899346
0.3420423682612704
0.34200557480405314
0.34196910691112903
0.3419329520252466
0.34189709841474347
0.34186153511458595
0.3418262518716154
0.3417912390936599
0.34175648780236295
0.3417219895894111
0.3416877365759496
0.34165372137499245
0.341619937056559
0.3415863771154132
0.34155303544114723
0.3415199062904913
0.341486984261633
0.34145426427046977
0.3414217415285623
0.3413894115227303
0.3413572699961303
0.3413253129307174
0.3412935365309869
0.34126193720888376
0.34123051156982254
0.34119925639969356
0.34116816865282157
0.34113724544077806
0.3411064840219749
0.34107588179204734
0.3410454362751591
0.34101514594468596
0.34098615147823536
0.340970285138777
0.3409524471424159
0.34092635889414197
0.3408976490933964
0.34086844683417794
0.3408340593215306
0.34082556698362687
0.34079857135235136
0.3407690786230837
0.3407396783622847
0.3407000972300854
0.3406885975975124
0.34067121862169236
0.3406443743765247
0.3406154802660821
0.34058670740321045
0.34056597749055934
0.3405449999256531
0.34051037744481794
0.34047832968593095
0.3404481808831727
0.3404315729063062
0.3404169431538372
0.3403918106293989
0.3403637933730226
0.34033547615174453
0.34031543645219037
0.3402947339207494
0.34026053908198467
0.3402288647417764
0.3401989759257251
0.34018057225565823
0.3401681128453277
0.340144282383949
0.34011703108531255
0.34008929954595524
0.34006309356449627
0.34004209439640753
0.34000974295439995
0.33998058147265175
0.3399691636893417
0.33995202062719293
0.33992677762805096
0.3398998843181875
0.3398748488503441
0.339837124167338
0.33983340586503846
0.3398135225271835
0.3397870305198132
0.33975994092763756
0.3397393496880325
0.33971460883003823
0.3396781283492238
0.33967577506128255
0.33965334476840453
0.33962683392846876
0.3396003114710885
0.33956862648068237
0.3395481022231422
0.3395270642415017
0.33951733888718305
0.3394956198122722
0.3394704399628363
0.3394449534111746
0.33942229230449983
0.3394034733890125
0.3393736683105922
0.33934570411783155
0.339330070922918
0.3393205838586679
0.3392993889270835
0.3392750198957522
0.33925031349461104
0.3392320991144386
0.339214346555319
0.3391848686894293
0.3391572358724392
0.33913119993659424
0.3391182665340023
0.33910898030768427
0.33908836398828457
0.3390647834039758
0.33904089955718414
0.33902353569308025
0.33900651881841803
0.3389780012514786
0.33895121690077096
0.3389258998416531
0.33891051843244047
0.33890408265483646
0.33888541289573415
0.33886287381930796
0.3388397514851924
0.3388082777846702
0.33879022050092794
0.33877877004884305
0.33876830843872574
0.3387476977712078
0.3387250747250662
0.3387026945970945
0.33869206905489097
0.3386767914927344
0.3386493349614801
0.3386235739383319
0.33859930810921895
0.33857600332779314
0.33855717617896136
0.33855404067002254
0.3385394612418253
0.338518816297569
0.33849706517337635
0.3384803454774259
0.33845997873613726
0.338435039657318
0.33841852044780507
0.3383935034425182
0.33837541860610876
0.33837348286371316
0.3383596528119443
0.33834166915799346
0.33832453965617776
0.33828775180851933
0.33829584529659
0.33828907485938525
0.3382810075516036
0.33828282430341283
0.3382613838322913
0.33823549754653764
0.3382045679856855
0.3381769504504579
0.3381516682661657
0.3381279704285571
0.33811522750912215
0.3381114656852652
0.33809572709071783
0.3380770439825947
0.3380592720064458
0.33803450664151824
0.33801674116471603
0.33799231880080305
0.33798619187308576
0.337999829877746
0.33800967295721485
0.3380346195290785
0.33807247819019715
0.34003547754231633
0.33934686544421877
0.33906837565754516
0.33889318002777274
0.33876670066069686
0.3386681747084479
0.33858707765419027
0.33851747986786507
0.3384558490997063
0.3383999984462583
0.33834852782908303
0.33830051073771034
0.33825531277151444
0.3382124840498343
0.3381716940999831
0.338132691664686
0.33809527940435324
0.3380592976695093
0.33802461389824434
0.3379911155627196
0.33795870539022754
0.33792729806258587
0.3378968178885902
0.33786719712454527
0.3378383747316346
0.3378102954315377
0.33778290896863356
0.3377561695179211
0.3377300351977245
0.33770446765967604
0.33767943173713255
0.33765489513910807
0.3376308281805869
0.3376072035428308
0.33758399605882133
0.33756118252036793
0.3375387415040785
0.3375166532139867
0.3374948993390407
0.33747346292391
0.33745232825178145
0.33743148073803503
0.33741090683367125
0.3373905939377068
0.33737053031753483
0.3373507050366946
0.3373311078891635
0.3373117293397044
0.3372925604696244
0.3372735929274542
0.337254818884076
0.3372362309918883
0.3372178223475996
0.33719958645834475
0.337181517210757
0.3371636088427569
0.33714585591778196
0.3371282533012181
0.33711079613885025
0.3370934798371036
0.337076300044951
0.33705925263729386
0.3370423336996998
0.33702553951437725
0.33700886654723766
0.33699231143601904
0.3369758709792759
0.33695954212625234
0.33694332196750865
0.3369272077262416
0.336911196750234
0.33689528650442424
0.3368794745639733
0.3368637586078388
0.33684813641280137
0.3368326058478868
0.3368171648691798
0.33680181151499533
0.3367865439013592
0.3367713602177753
0.3367562587232968
0.336741237742815
0.3367262956636136
0.33671143093212236
0.33669664205086053
0.33668192757561033
0.3366672861127075
0.336652716316532
0.33663821688714
0.33662378656802244
0.3366094241440077
0.3365951284392776
0.3365808983155105
0.3365667326701012
0.3365526304345142
0.33653859057270474
0.3365246120796447
0.3365106939799042
0.3364968353263381
0.336483035198825
0.33646929270308307
0.33645560696954263
0.33644197715228374
0.3364284024280502
0.33641488200641284
0.33640147708607704
0.33639598326197834
0.3364020906336841
0.33639682906933405
0.3363855713829287
0.336372836221853
0.336359870074488
0.3363313435721973
0.3363222666174117
0.3363087821073404
0.33631383012506405
0.3363137345018146
0.3363036964599932
0.3362915032329952
0.3362792466394722
0.33624356289711443
0.3362409233318798
0.336256378269136
0.33625645326246634
0.3362520925920535
0.33625099767923394
0.3362592718273564
0.33616993088376323
0.3362383547806958
0.33637819183950624
0.3364359495119025
0.33646336749389577
0.3364702474868395
0.3364697477917977
0.3364595718865166
0.33609753152861016
0.3360899143770314
0.3361116795594104
0.3364244927437332
0.3364224132941028
0.336407847992945
0.33639362925593846
0.3363796406837918
0.3363657865475428
0.33635238443469956
0.33601352607287427
0.33600951179412664
0.33599390786307826
0.335977047033436
0.3359610129534426
0.33594608734000303
0.3359331560876423
0.33592572203742477
0.3359299102404031
0.3359707608527799
0.3361766195650154
0.3362406010383083
0.3362271348619029
0.33621309940691363
0.3361991526789302
0.3361853181388899
0.3361716067119752
0.33615935327751845
0.33579064003249576
0.3357868288724721
0.3357739575513312
0.3357598178710318
0.33589164053466447
0.33611275941115465
0.33610044269331374
0.3360873011811483
0.3360741581105497
0.33606101359825236
0.33604789881184904
0.33583699250633553
0.33589512116108233
0.33595878459510436
0.33602177844214143
0.33601502032450603
0.3360008589872939
0.33598707839343334
0.3359735381312137
0.33596013976108485
0.3359468405146711
0.33562531967716464
0.3356316697681024
0.3356226895217923
0.33560914535667724
0.33559525563560133
0.33558170123698355
0.3355682339594394
0.3355545989003956
0.3355406825987729
0.3355264792803345
0.3355120400130495
0.33549743731706316
0.33548274531750893
0.33546803024275895
0.33545334690427275
0.3354387383723367
0.3354242374873513
0.33540987127694705
0.3353956820530274
0.3353819450679525
0.33538205173082974
0.33569836150275123
0.33572053903000443
0.335707761644128
0.33569454833265955
0.33568143510447573
0.3356685270641739
0.33607764666918755
0.33588824324004823
0.3357614293836298
0.3356632666768496
0.33559100800106695
0.3355368603471326
0.3354941402406123
0.3354584167533092
0.3354270098958594
0.3353983624795034
0.3353715861396239
0.33534617721736004
0.33532184896087286
0.3352984350597918
0.33527583498608055
0.335253983359216
0.33523283299792034
0.3352123457302075
0.33519248757534875
0.3351732263638777
0.33515453069118883
0.33513636957596943
0.33511871246880814
0.33510152941752763
0.33508479131853064
0.3350684705520972
0.33505254541833235
0.33503703679919616
0.33502223677968096
0.33500952896800884
0.3350023096872734
0.3350038805643817
0.3350129889202211
0.33502443821246525
0.335033637827979
0.33503860647542427
0.3350392649457475
0.3350363277144064
0.33503065790237674
0.33502301403764395
0.3350139890261825
0.33500402137566093
0.33499342601598076
0.33498242541809736
0.33497117542703814
0.33495978523623143
0.33494833243577693
0.3349368733684954
0.3349254369863825
0.3349138910206492
0.33490198173677677
0.3348913206741944
0.33488022067039336
0.3348708933020291
0.33486156676543277
0.33485517852319224
0.3348501733747556
0.3348510745145245
0.33485430135496663
0.33486973422752403
0.3348774752640924
0.33490649333842676
0.3349079010663864
0.3349338419634358
0.33491331943826386
0.33493247560143025
0.33493696417889934
0.3349102789231077
0.334917981068395
0.33491509198059566
0.3349077198481745
0.33489870441715985
0.334889249465037
0.3348801415699843
0.3348696473440963
0.33485939502298107
0.3348486639424611
0.3348385955518562
0.3348278346717779
0.3348186956666676
0.3344647064596419
0.33446438810529966
0.3344562744022693
0.3344453275596596
0.3344340123307566
0.3344228240619855
0.3344116954952343
0.33440051481837785
0.3343892924169298
0.33446639099906345
0.3347437781652519
0.3347359289284662
0.33472448996945203
0.33471289569583385
0.33470138536767996
0.33488538191762024
0.3348535435315856
0.33483263392079116
0.334809102033929
0.33478731166113485
0.3347677770308118
0.33474982625523564
0.3347328187132721
0.3347163580225064
0.334700243439936
0.3346843916524849
0.3346687784988038
0.3346533993419998
0.3346382281684194
0.33462315888621014
0.33460831201163493
0.33459402096118884
0.33457998797407273
0.33456639242016767
0.3345530416170243
0.33454005698582306
0.33452729090769984
0.3345148361856826
0.3345025693301195
0.33449056859937576
0.3344787249585709
0.3344671096953174
0.334455622766954
0.33444433298157594
0.33443314599542634
0.3344221325727097
0.33441121009209285
0.3344004965674127
0.334390080049551
0.3343801144138366
0.3343697544342483
0.3343593289016098
0.33434892559804874
0.33433863043852297
0.3343283490851525
0.3343195832149592
0.3343112305914847
0.3348303226207246
0.33455767407212283
0.3344911333208189
0.3344352489681307
0.33438792370326464
0.3343475579224786
0.3343116180904856
0.33427826385977505
0.3342464690978823
0.3342157555765139
0.3341859467109406
0.33415700935444653
0.3341289659736314
0.3341018505830173
0.33407568910930335
0.33405049247593527
0.3340262558645765
0.3340029606711644
0.33398057738060133
0.33395906850316615
0.33393839119785135
0.33391849945333785
0.3338993458165163
0.3338808827115079
0.3338630634110773
0.3338458427247142
0.3338291774621884
0.3338130267233258
0.33379735205593203
0.33378211751574355
0.33376728965524766
0.3337528374622343
0.33373873226416295
0.3337249476105621
0.3337114591425608
0.3336982444563478
0.3336852829653615
0.33367255576475907
0.33366004550048417
0.33364773624448896
0.33363561337709613
0.33362366347695177
0.3336118742187669
0.3336002342787833
0.333588733247732
0.3335773615509633
0.333566110375351
0.33355497160254804
0.33354393774811647
0.3335330019061336
0.3335221576987799
0.3335113992305403
0.33350072104659195
0.3334901180949941
0.3334795856924008
0.33346911949287333
0.33345871545958106
0.333448369839108
0.3334380791380742
0.3334278401019067
0.3334176496955151
0.33340750508570965
0.33339740362519127
0.3333873428379628
0.3333773204060234
0.3333673341572209
0.3333573820541716
0.3333474621841147
0.3333375727496532
0.3333277120602563
0.3333178785244838
0.33330807064285745
0.3332982870013081
0.33328852626517624
0.3332787871736618
0.33326906853476884
0.333259369220596
0.33324968816303163
0.33324002434976674
0.33323037682063084
0.33322074466418505
0.33321112701460043
0.33320152304874034
0.3331919319834968
0.33318235307329885
0.3331727856078254
0.3331632289098883
0.33315368233349085
0.33314414526204833
0.3331346171067828
0.3331250973053079
0.3331155853204486
0.3331060806393904
0.3330965827733582
0.33308709125830727
0.333077605657689
0.33306812557013504
0.33305865064988066
0.3330491806642557
0.3330397156738489
0.3330302566848294
0.33302080846541454
0.3330113944287453
0.3330021535805236
0.33299408257083823
0.3329944989158502
0.3330378137040519
0.3331555565753883
0.3332658410953763
0.3333149532930862
0.33331696930535304
0.33330777985231747
0.33329834010082143
0.33328889924681315
0.3332794592736569
0.3332700382449262
0.33326662739992097
0.333256926817359
0.33330773381103135
0.33319712151550734
0.333159421750951
0.33312410867909803
0.3330931398198314
0.3330662055056127
0.3330423095051591
0.3330228839313473
0.3330227780099504
0.3330846273392694
0.3331914190904703
0.3332554425833066
0.333271634534606
0.33326639373084543
0.3332535686421447
0.33323824887136627
0.33322224058394645
0.3332062170187332
0.3331904426012079
0.33317502169104984
0.3331599903054423
0.3331453529620609
0.3331310987902742
0.3331172090474545
0.333103660428201
0.33309042485866236
0.33307746159662505
0.33306468964824615
0.33305202803590245
0.33303972024951284
0.3330276836994304
0.3330159220531892
0.33300437609630934
0.3329930377106046
0.33298186773394095
0.3329708571869174
0.3329599789132623
0.33294922480561234
0.33293857516446257
0.3329280230347102
0.33291755364091935
0.3329071611393691
0.33289683418482596
0.33288656792252186
0.3328763534954368
0.33286618689812575
0.3328560611317163
0.33284597290551754
0.33283591663765705
0.332825889632038
0.33281588740809726
0.3328059077818125
0.33279594725374967
0.33278600468765956
0.332776080680319
0.33276619209728286
0.33275642269784994
0.332747011058983
0.3327376746115431
0.33272785290466106
0.3327179766285643
0.3327081067953916
0.3326982628349287
0.3326887579309694
0.3326863510040044
0.3326761995364934
0.3326682381785401
0.3329151383896859
0.332744669495704
0.3326923133767176
0.3326470847285475
0.3326081493037
0.33257412208404613
0.3325431639386374
0.3325140263643272
0.3324860513440942
0.3324589543530892
0.3324326458694258
0.3324071223742218
0.3323824082388254
0.3323585279967374
0.3323354950808509
0.3323133088582914
0.3322919554960184
0.33227141033030017
0.33225164058807477
0.33223260793250614
0.3322142706267023
0.3321965852686716
0.3321795081237727
0.332162996109883
0.3321470074973522
0.33213150238255407
0.332116442986357
0.33210179382050997
0.3320875217572931
0.33207359603209086
0.3320599882068953
0.3320466721327343
0.33203362400019454
0.33202082280459494
0.33200825278471296
0.3319959170191094
0.331983927716251
0.33197320444120826
0.3319706445319943
0.33200885013808557
0.3321173649042178
0.33221609695130067
0.33225795241993217
0.3322673132625272
0.3322642409250322
0.33225665029565893
0.3322473270198835
0.3322372909467558
0.33222694682049075
0.33221646942946736
0.33220594005078835
0.3321953986745083
0.33218486561502597
0.332174351068983
0.3321638593957299
0.33215339029750907
0.3321429357182082
0.33213246512861894
0.33212190971230376
0.3321113592907377
0.3321009409435147
0.33209058798962365
0.33208032595227005
0.33207011268690934
0.3320599557822267
0.33204983061016585
0.3320397399239785
0.3320296688949015
0.3320196189088097
0.3320095826224424
0.33199957141766157
0.3319896350375383
0.33197998506217963
0.3319706817039387
0.33196086193364815
0.33195085043903944
0.33194083668070223
0.3319308377220504
0.33192101825207804
0.33191553350979247
0.3319052163281589
0.33206646291385156
0.3319283516118537
0.3318817319299015
0.3318424170721094
0.3318085915329956
0.33177857808567524
0.3317507508136068
0.33172412515206584
0.3316982392835329
0.3316729346475814
0.33164819826669645
0.33162407257890647
0.3316006100939774
0.3315778534611754
0.33155582872349887
0.33153454488157463
0.3315139961321999
0.3314941649558913
0.3314750251940364
0.3314565447557101
0.3314386878426239
0.3314214166977499
0.3314046929320114
0.3313884784988204
0.331372736385336
0.3313574310819671
0.3313425288818446
0.3313279980524368
0.3313138089128445
0.3312999338431833
0.3312863472465729
0.33127302547998355
0.3312599467679015
0.3312470911139522
0.33123444023725757
0.33122197761000616
0.3312096888904198
0.3311975641382293
0.33118560967587823
0.3311739226508224
0.3311632310310888
0.33115871502524474
0.3311859716863069
0.3312808014242874
0.3313859839828535
0.33143888668393084
0.3314541228066873
0.33145353566059943
0.3314469825316286
0.3314381071469231
0.3314282640970864
0.33141799143433737
0.3314075206321652
0.3313969591072284
0.33138635999918203
0.33137575091206944
0.33136514685092233
0.33135455761406163
0.3313439979004786
0.3313335187389642
0.33132323596189484
0.33131288582886537
0.33130219203357025
0.3312915150372142
0.33128092201518844
0.33127045797188304
0.33126090858208235
0.33126429291297543
0.33125154322650724
0.33124089416895014
0.3311910002383731
0.331112479211122
0.3310806284576399
0.331055780106065
0.3310399821840686
0.33103991962701224
0.33106992114651856
0.33113949922034214
0.33121829877727066
0.33126063938678735
0.33126563750058263
0.3312535551910841
0.3312363879939944
0.33121822583543314
0.3312001798738772
0.3311825279991601
0.3311653347385317
0.3311486067565904
0.33113233190549773
0.33111649034340146
0.3311010585679738
0.3310860113558415
0.3310713229061337
0.3310569675797275
0.33104292037575234
0.331029157189111
0.3310156547800612
0.33100239003386106
0.33098933670709174
0.33097645459889885
0.3309636925968309
0.3309511068276617
0.330938728475828
0.33092654731743376
0.33091454216089905
0.3309026913069164
0.3308909748795978
0.3308793765131296
0.3308678860677209
0.33085652229887186
0.33084561303475196
0.3308448450565637
0.3308314645357397
0.33082534550086545
0.3308539188604623
0.3308350211168856
0.33082060343823283
0.3308068676765596
0.3307936294296578
0.33078144936020704
0.3336592129012072
0.33278180534401913
0.332505760158083
0.33231347033892344
0.3321606684313074
0.33202934157434677
0.33191028686706353
0.33179928861550473
0.33169460780780663
0.33159560083305306
0.3315020433359263
0.33141382710520834
0.331330838829205
0.3312529219956555
0.33117987385201614
0.331111455091968
0.3310474024676272
0.33098744041475703
0.3309312904347917
0.3308786781036477
0.33082933800000414
0.3307830169582238
0.33073947603665793
0.33069849153388087
0.3306598553189511
0.330623374681313
0.330588871855508
0.3305561833357963
0.33052515906481006
0.3304956615568524
0.3304675649986722
0.33044075435745535
0.3304151245160071
0.33039057944800837
0.3303670314410338
0.3303444003713546
0.3303226130319489
0.33030160251323987
0.3302813076350055
0.33026167242700233
0.33024264565543343
0.33022418039217416
0.330206233623458
0.3301887658949492
0.33017174099006774
0.33015512563860966
0.3301388892529629
0.33012300368934155
0.33010744303163564
0.33009218339576596
0.3300772027524963
0.3300624807669658
0.33004799865324186
0.33003373904246386
0.33001968586321867
0.3300058242329531
0.3299921403593167
0.32997862145049983
0.3299652556336603
0.32995203188064776
0.32993893994035023
0.3299259702769986
0.3299131140138599
0.3299003628818225
0.3298877091724072
0.32987514569476806
0.3298626657363531
0.3298502630268437
0.3298379317051028
0.3298256662888472
0.32981346164679437
0.32980131297306897
0.3297892157636844
0.3297771657948656
0.32976515910312154
0.3297531919668671
0.32974126088947875
0.3297293625836558
0.3297174939569939
0.3297056520986391
0.32969383426697646
0.32968203787821243
0.32967026049583315
0.3296584998208296
0.32964675368265
0.3296350200308003
0.3296232969270685
0.3296115825383031
0.3295998751297065
0.32958817305859556
0.32957647476863794
0.3295647787844556
0.329553083706618
0.3295413882069996
0.32952969102442686
0.3295179909606498
0.3295062868765831
0.3294945776887874
0.32948286236621094
0.32947113992712973
0.32945940943630597
0.32944767000233594
0.32943592077515466
0.3294241609437305
0.3294123897338912
0.32940060640630286
0.3293888102545731
0.3293770006034826
0.3293651768073331
0.32935333824838553
0.3293414843354253
0.32932961450238407
0.32931772820708594
0.3293058249300528
0.32929390417337207
0.3292819654596807
0.3292700083311636
0.32925803234864853
0.3292460370907439
0.32923402215303654
0.3292219871473365
0.32920993170097146
0.32919785545614094
0.32918575806926736
0.32917363921045806
0.3291614985629399
0.3291493358225582
0.32913715069731325
0.3291249429069192
0.32911271218238747
0.3291004582656592
0.32908818090924036
0.3290758798758773
0.3290635549382542
0.32905120587870657
0.3290388324889681
0.32902643456992375
0.3290140119313967
0.3290015643919513
0.3289890917787005
0.3289765939271555
0.32896407068105943
0.32895152189226823
0.3289389474206365
0.3289263471339002
0.3289137209076004
0.32890106862500396
0.32888839017704546
0.32887568546227053
0.3288629543868059
0.32885019686433414
0.32883741281607043
0.32882460217076526
0.32881176486472147
0.32879890084179564
0.3287860100534355
0.3287730924587111
0.32876014802437126
0.3287471767248901
0.32873417854252884
0.32872115346742753
0.3287081014976586
0.3286950226393379
0.328681916906713
0.3286687843222596
0.32865562491680644
0.3286424387296454
0.3286292258086554
0.32861598621042953
0.328602720000427
0.3285894272530912
0.3285761080520135
0.3285627624900866
0.32854939066964683
0.3285359927026519
0.32852256871083585
0.3285091188258882
0.32849564318960767
0.32848214195409486
0.32846861528192123
0.32845506334631985
0.3284414863313474
0.3284278844320885
0.32841425785482337
0.3284006068172162
0.3283869315485068
0.328373232289681
0.3283595092936671
0.32834576282550193
0.32833199316251954
0.3283182005945288
0.32830438542396906
0.3282905479661082
0.32827668854917313
0.32826280751454207
0.3282489052168678
0.3282349820242564
0.32822103831838534
0.328207074494642
0.32819309096226124
0.32817908814442126
0.3281650664783789
0.3281510264155457
0.3281369684215827
0.32812289297647296
0.32810880057460645
0.3280946917247997
0.32808056695036575
0.3280664267891201
0.3280522717934082
0.32803810253008764
0.32802391958052685
0.3280097235405596
0.32799551502044333
0.3279812946447912
0.327967063052487
0.3279528208965911
0.3279385688442223
0.32792430757641716
0.32791003778798167
0.3278957601873205
0.3278814754962821
0.32786718445009116
0.32785288779809224
0.32783858630962004
0.3278242808285273
0.32780997437856946
0.3278011635725208
0.32811079020393785
0.3281374942641314
0.32812619006640026
0.32811228896155
0.3280981285592152
0.3286987526945069
0.3284071090336154
0.3283181382576557
0.3282556168452601
0.3282057712460074
0.3281626219717908
0.32812277619371183
0.3280845915038249
0.3280474241561455
0.3280111190172355
0.327975722483827
0.32794133877084497
0.3279080658691858
0.3278759720420251
0.32784509136041673
0.32781542723543267
0.32778695858992357
0.32775964624704834
0.32773343856432086
0.32770827602736413
0.3276840948193738
0.3276608294980784
0.32763841494159346
0.3276167877168979
0.32759588700356207
0.327575655181293
0.32755603816752477
0.3275369855722397
0.3275184507216317
0.3275003905897612
0.3274827656677952
0.3274655397927815
0.32744867995227517
0.32743215607660864
0.32741594082742326
0.32740000938840463
0.3273843392624033
0.32736891007763047
0.32735370340461856
0.32733870258488706
0.3273238925716328
0.32730925978247843
0.3272947919639239
0.3272804780670918
0.3272663081340981
0.32725227319446415
0.327238365170806
0.32722457679318867
0.3272109015213831
0.32719733347443086
0.32718386736684474
0.32717049845090695
0.32715722246444884
0.3271440355837019
0.32713093438061935
0.3271179157844013
0.32710497704666913
0.32709211571004704
0.3270793295797799
0.3270666166980869
0.32705397532100466
0.32704140389745723
0.3270289010503551
0.32701646555951064
0.3270040963461907
0.32699179245916726
0.3269795530620793
0.32696737742203
0.32695526489926646
0.3269432149378265
0.32693122705709204
0.3269193008441479
0.3269074359468535
0.3268956320675702
0.3268838889575056
0.32687220641156833
0.3268605842637397
0.3268490223829595
0.3268375206699451
0.32682607905795447
0.3268146975508127
0.3268033783458743
0.32680287313569284
0.32711837035785746
0.3271389630261974
0.327130480714335
0.3271198081499945
0.3271090869060008
0.33005743697375367
0.32877339799633265
0.3285159993454469
0.3283562112913891
0.32823609466165
0.32813668869378454
0.3280484907668638
0.3279668717179013
0.32788983527869625
0.32781667953837346
0.3277472559618472
0.327681596795276
0.3276197476485464
0.3275617054078092
0.3275074067785022
0.3274567417107998
0.32740958850333846
0.32736590436069113
0.32732601585953797
0.32729157585566276
0.32726805013387716
0.3272672351825554
0.32729890258912525
0.32735040174069663
0.32739406399405635
0.32741648806483564
0.3274207565533663
0.3274140246531824
0.327401621665802
0.3273866024895595
0.3273705612434751
0.32735430106352265
0.327338218719895
0.3273225039790839
0.32730724032668096
0.3272924561073383
0.3272781509374497
0.32726430960488573
0.3272509094284681
0.32723792389394574
0.32722532338313715
0.32721307128383414
0.3272011101430959
0.3271893594100122
0.3271778471070146
0.32716665537947565
0.3271557814744501
0.3271451998699673
0.3271348841195878
0.3271248106620229
0.327114959008492
0.3271053120797035
0.32709585505672867
0.3270865754181066
0.3270774621193297
0.3270685056154217
0.327059697365599
0.3270510298547586
0.3270424962965685
0.327034090647869
0.3270258074241615
0.3270176417055785
0.3270095890164616
0.3270016453245248
0.32699380695833097
0.3269860706019876
0.32697843323612574
0.3269708921301231
0.326963444798422
0.3269560889917236
0.3269488226638059
0.32694164396260816
0.32693455120454473
0.32692754286602155
0.3269206175632663
0.3269137740445884
0.3269070111743636
0.3269003279261578
0.32689372336991956
0.32688719666598676
0.3268807470547831
0.32687437385166435
0.3268680764385995
0.32686185425979414
0.32685570681493414
0.32684963365550446
0.32684363437931313
0.32683770862737677
0.32683185607950155
0.32682607645166345
0.3268203694924083
0.32681473498069485
0.32680917272294036
0.3268036825512526
0.32679826432101056
0.32679291790939835
0.3267876432134545
0.32678244014883806
0.32677730864825877
0.32677224866045007
0.3267672601488907
0.3267623430909643
0.3267574974769127
0.32675272330915994
0.3267480206014532
0.3267433893782946
0.32673882967426343
0.3267343415335489
0.3267299250093903
0.3267255801637019
0.3267213070666198
0.3267171057961971
0.32671297643803826
0.32670891908505495
0.3267049338371597
0.3267010208010867
0.32669718009013715
0.32669341182404316
0.326689716128748
0.32668609313631913
0.32668254298477695
0.32667906581800027
0.32667566178562885
0.3266723310429622
0.32666907375090704
0.326665890075896
0.3266627801898396
0.3266597442700879
0.3266567824993883
0.3266538950658519
0.326651082162947
0.3266483439894675
0.32664568074954753
0.3266430926526325
0.32664057991349876
0.3266381427522642
0.32663578139438504
0.32663349607068676
0.32663128701738714
0.3266291544761104
0.32662709869392487
0.3266251199233728
0.326623218422509
0.3266213944549428
0.3266196482898718
0.32661798020214217
0.3266163904722841
0.326614879386573
0.32661344723708324
0.326612094321738
0.3266108209443849
0.3266096274148456
0.32660851404898544
0.3266074811687904
0.32660652910242677
0.32660565818431275
0.3266048687552097
0.3266041611622837
0.32660353575920403
0.32660299290621037
0.32660253297020286
0.3266021563248402
0.32660186335061936
0.32660165443497235
0.32660152997236236
0.32660149036438024
0.32660153601985087
0.3266016673549262
0.3266018847931939
0.32660218876579356
0.32660257971151824
0.3266030580769267
0.3266036243164595
0.32660427889256227
0.3266050222757995
0.32660585494497674
0.3266067773872632
0.32660779009833296
0.32660889358247563
0.3266100883527438
0.32661137493107195
0.3266127538484291
0.32661422564495685
0.32661579087009307
0.3266174500827376
0.32661920385138826
0.3266210527542946
0.3266229973796043
0.3266250383255121
0.3266271762004387
0.3266294116231583
0.32663174522298283
0.3266341776399134
0.3266367095248037
0.32663934153954244
0.32664207435720094
0.3266449086622287
0.3266478451506563
0.3266508845305441
0.3266540275238415
0.32665727487738067
0.3266606274322148
0.3266640865654433
0.326667657005307
0.3266713646312822
0.32667536400947145
0.32668041923209096
0.32668732840072934
0.32669231914578795
0.3266965717364817
0.32670092533885536
0.3267053762086187
0.3267098348715982
0.32671375289513593
0.3267206563072242
0.32636672497009517
0.3267367893599439
0.32675790105254765
0.32676727329692656
0.3267751900852358
0.3267823006340452
0.3267890631910136
0.33284488694544667
0.33054550214352196
0.33023072287458566
0.33000765171799096
0.3298180926720288
0.32965482642762645
0.3295087353459644
0.3293734989561167
0.3292463616494359
0.32912666176316613
0.32901452567928485
0.3289101862394953
0.328813728038374
0.3287250388593718
0.3286438400753942
0.3285697372956405
0.3285022680461139
0.32844093935569085
0.3283852546763764
0.3283347318202077
0.32828891404807775
0.328247376232828
0.3282097276245247
0.32817561235838233
0.3281447085248648
0.328116726375359
0.3280914060557091
0.32806851512995927
0.3280478460652121
0.32802921378498917
0.3280124533548951
0.3279974178351125
0.32798397631478826
0.32797201213079685
0.32796142126553124
0.32795211091371845
0.32794399820583714
0.32793700907455825
0.3279310772505708
0.327926143374538
0.32792215421268656
0.3279190619644764
0.3279168236518141
0.3279154005802514
0.3279147578636415
0.3279148640046381
0.327915690524234
0.32791721163438914
0.3279194039484367
0.32792224622464666
0.32792571913884866
0.3279298050825539
0.32793448798354097
0.3279397531462562
0.32794558711011423
0.3279519775248117
0.32795891304420716
0.32796638324774846
0.3279743786233256
0.32798289073951936
0.32799191312808756
0.32800144519216057
0.32801151016244706
0.3280222374063243
0.3280341120127392
0.3280471406686539
0.32805912458019015
0.328072097410615
0.32808467486735937
0.3280982077803293
0.32811145891132354
0.3281257249157203
0.32813965450564736
0.3281547507567492
0.3281693124188208
0.32818533230030333
0.32820042458495535
0.3282175038691398
0.32823294949895016
0.3282513019867925
0.32826684388984567
0.32828669905565533
0.3283021444982505
0.3283233501297455
0.3283389700838988
0.3283610093558864
0.328377266484089
0.3284001356352933
0.32841684304076085
0.32844043498267644
0.3284576617291771
0.3284819819779492
0.3284996159317775
0.3285245629296406
0.3285426341900955
0.32856821366605565
0.3285865998017672
0.3286126919000477
0.32863141827254067
0.32865811813789875
0.32867694205914655
0.32870449110251665
0.3287229708649329
0.32875517856600217
0.32876885917009535
0.3287854166159356
0.3288182403059084
0.32875983472080894
0.32876244693786627
0.3287954806702149
0.3288264516596312
0.3288550492819311
0.3288822272411806
0.32890855617270887
0.3289343352790567
0.3289597445826607
0.3290402895406673
0.3289123065071095
0.3289356867972937
0.3289761567270173
0.32901143322626897
0.3290427090649925
0.3290714684286932
0.3290985866366917
0.32912455253822637
0.3291498562683268
0.32916568033575205
0.3291780754591067
0.3292038591518311
0.32923769543334597
0.3291171223800593
0.3291289545438303
0.32917212356638303
0.32920854265184285
0.3292393803879974
0.3292667120755963
0.3292917526339751
0.3293151753238597
0.3293373676852854
0.329358564680095
0.32937891585278817
0.3293985205523844
0.3294174499280176
0.3294438738150558
0.32912452687655874
0.32894306436574117
0.3289698982373847
0.32900641128074565
0.3290405527638619
0.3290710404492603
0.3290988476777389
0.32912490842115294
0.3291497686956157
0.32917370575279553
0.3291968582930309
0.32921930163823043
0.32924108349158376
0.3292622391925769
0.32928279769637125
0.3293027837831246
0.3293222189190258
0.3293411217276754
0.32935950839544836
0.32937739308517006
0.32939478835013697
0.32941170552375804
0.3294281550651858
0.3294441468507359
0.3294596904088433
0.3294747951016169
0.3294894702588779
0.32950372527169675
0.32951756965261325
0.3295310130691427
0.3295440653564707
0.32955673651439815
0.329569036692692
0.32958097616827325
0.3295925653170545
0.3296038145825319
0.329614734442908
0.32962533537797123
0.32963562783674355
0.329645622206598
0.3296553287843038
0.32966475774931964
0.32967391913957
0.3296828228297292
0.32969147851200925
0.3296998956794623
0.32970808361163345
0.32971605136246296
0.3297238077502775
0.3297313613497449
0.3297387204855847
0.32974589322788106
0.3297528873888654
0.329759710520973
0.32976636991605357
0.32977287260556576
0.3297792253616583
0.32978543469900135
0.3297915068772386
0.3297974479039976
0.32980326353833356
0.3298089592945281
0.3298145404461983
0.32982001203060735
0.32982537885315316
0.3298306454919816
0.3298358163026438
0.32984089542282896
0.3298458867770787
0.3298507940814979
0.32985562084840947
0.3298603703909986
0.3298650458278412
0.3298696500874197
0.32987418591253737
0.32987865586467024
0.3298830623282716
0.3298874075150003
0.3298916934679177
0.3298959220656534
0.3299000950265253
0.32990421391269664
0.3299082801342959
0.3299122949535931
0.3299162594892326
0.32992017472047
0.3299240414916254
0.32992786052046735
0.32993163217040317
0.32993535471928415
0.32993902899373934
0.3299426588678409
0.3299462450688607
0.32994978646073264
0.3299532821130064
0.3299567315297039
0.32996013439085126
0.32996349038670386
0.3299667991548196
0.3299700602643207
0.3299732732172669
0.32997643745527144
0.3299795523672428
0.3299826172970832
0.3299856315510287
0.3299885944047135
0.3299915051099588
0.32999436290138406
0.32999716700287884
0.3299999166339164
0.33000261101583195
0.330005249378028
0.33000783096422787
0.3300103550389424
0.33001282089430933
0.33001522785778603
0.3300175753013845
0.33001986265385225
0.3300220894183715
0.33002425520131073
0.3300263597637263
0.33002840312303167
0.33003038577266813
0.33003230920249454
0.3300341772585282
0.3300360001032819
0.33003780719333164
0.3300396946259459
0.33004199738078355
0.33004555756573006
0.3300493999801882
0.330051593633112
0.33005414361257085
0.3300557329947469
0.3300576414812332
0.3300587775021886
0.33006029072817017
0.33006105753661025
0.3300623183385052
0.3300627401181637
0.33006385706900054
0.3300639102484442
0.3300650023916803
0.3300646084969311
0.3300658451359636
0.33006484522670027
0.3300664917106236
0.3300646179893985
0.330067047183408
0.33006397610179156
0.33006741613520363
0.3300631150666126
0.33006705530061564
0.33006219456187946
0.33006616602717576
0.3300611262262192
0.33006519576572263
0.3300598443147155
0.3300639644356989
0.33005838255944153
0.33006258019761
0.3300567389515366
0.3300609953442428
0.3300549334153313
0.330059264461524
0.33005297339009776
0.33005736841582195
0.33005087479144973
0.3300553455358472
0.3300486466379766
0.33005318440897946
0.3300463031348499
0.33005091786437424
0.33004385362980404
0.33004853591630084
0.3300413119395193
0.3300460711748625
0.33003868790017926
0.3300435121076086
0.3300359962705946
0.3300408956490544
0.3300332482846911
0.3300382063832469
0.33003046156514976
0.3300354916253525
0.33002765061723366
0.3300327291716792
0.3300248391084612
0.33002998672532846
0.33002204836576093
0.3300272305085437
0.3300193135962353
0.33002456678239483
0.3300166696851726
0.33002194105818344
0.3300141730010378
0.33001953298268877
0.33001188509121465
0.330017248263574
0.33000990024772986
0.33001540960960457
0.33000833290679743
0.33001383964432734
0.3300073429746099
0.33001314863725106
0.3300071504906597
0.33001296739586095
0.3300080162680968
0.33001449937478283
0.3300103622373176
0.33001686820959697
0.3300145304165947
0.3300225040879787
0.3300212460873922
0.33002895838180163
0.33003050384005445
0.33004110466856035
0.3300431142437244
0.3300515049262716
0.33005719567086417
0.3300685557011959
0.33007194679584423
0.33008067959816306
0.3300840899949635
0.33009466957864286
0.3300939388495156
0.33009623296609214
0.3301005763638716
0.3300989290676655
0.33010615487075734
0.33009984674234244
0.33009777116689765
0.33010042561924013
0.3300936976509243
0.3300976994238384
0.33008858635809085
0.3300872811147557
0.3300987351691088
0.33041047832348996
0.3304364771092561
0.3304417498535617
0.33043124143942165
0.3304318957555517
0.3304207563076451
0.33042927978609155
0.3304150501880734
0.330407862973794
0.3304033947429361
0.33039454640888055
0.3319325475065219
0.33086780707131114
0.33060634659804755
0.33051291041977854
0.33039375706889107
0.3303175281321633
0.33025853832963536
0.33021754628913325
0.33020153844446276
0.33015984456937986
0.33013222763785616
0.33012945044564607
0.33009668006324744
0.3300768923752413
0.3300753009489439
0.33004875379216114
0.33003650142741087
0.3300318456753632
0.33001001850710443
0.330007609324761
0.3299868571648345
0.32998591544601874
0.32996438908422093
0.32996137327159747
0.32994285392213907
0.3299433445506308
0.3299207200088943
0.3299156189886688
0.3299014582553819
0.3298964201936138
0.32987807313246253
0.329877610224353
0.3298556541968457
0.3298524738377334
0.32983476256833844
0.329832911434717
0.32981152608235237
0.32980900496148274
0.3297897394261085
0.32978770282495357
0.3297664829014361
0.32976386490649895
0.32974393926644807
0.3297412648190704
0.32972036856644477
0.3297173896307609
0.3296969974538966
0.32969367447061027
0.3296730341665538
0.32966940843254205
0.3296489026325539
0.3296448786219673
0.32962439782273417
0.32961999482922
0.3295995942443075
0.3295947750947182
0.329574468465277
0.3295692179440442
0.32954902548706294
0.329543323221816
0.3295232647129057
0.32951709170056137
0.32949718626742364
0.32949052389154493
0.32947078988768147
0.32946362010533836
0.32944407480222243
0.329436380261882
0.32941703956188856
0.3294088037758551
0.32938968189533063
0.32938088948122013
0.3293619985831147
0.32935263560169226
0.3293339853474601
0.32932403976944213
0.3293056367562167
0.3292950990909032
0.32927694614325265
0.32926581025146523
0.3292479055548657
0.32923616963950425
0.329218505743629
0.3292061734559178
0.32918873624551814
0.3291758177621898
0.3291585855856167
0.32914509841678724
0.32912804164867127
0.3291140108670029
0.3290970922088938
0.3290825498067378
0.3290657255388652
0.32905070876911163
0.32903393093938754
0.32901847976605836
0.32900169900500087
0.3289858530808526
0.32896902150144536
0.3289528172571624
0.3289358908627691
0.32891935924369453
0.32890229944527416
0.3288854646003304
0.328868238737373
0.3288511176796241
0.3288336987069931
0.3288163017529465
0.32879866740585895
0.32878099911413017
0.3287631308822215
0.32874519122932006
0.32872707339700835
0.32870885899221336
0.3286904778833335
0.3286719830776724
0.32865332649510287
0.32863454420776483
0.3286156007984655
0.3285965225300954
0.32857727991470925
0.32855789254269846
0.32853832869228694
0.32851859552450324
0.3284986343056664
0.32847839645135113
0.3284577124720533
0.3284364471006585
0.3284146567105041
0.32839286909188903
0.32837127707272074
0.32834996342040473
0.3283286544083435
0.32830738233375134
0.32828571207734686
0.3282638827706648
0.3282412334973275
0.32821847883129546
0.3281939441285488
0.3281704749307442
0.32814103419783114
0.32812239550529027
0.3280816990804831
0.32803979881397055
0.32798909889526173
0.3279225892851449
0.3278752471428873
0.3277591775110788
0.32766657305707775
0.327676845643099
0.3275619864904461
0.3274853678292213
0.32740585558397983
0.32733427443245466
0.32726995949302357
0.3272115835715742
0.32715801366526615
0.3271083470569689
0.32706188482136345
0.3270180902190485
0.32697655042843077
0.32693694591458
0.3268990272127216
0.3268625977409845
0.32682750117846404
0.32679361218701936
0.326760829545592
0.3267290710189952
0.32669826949879105
0.32666837034806934
0.3266393345437003
0.32661128796115796
0.32658923351226526
0.3265607541206835
0.32654147596797145
0.32651284770576683
0.32648806335501523
0.32647458389773354
0.3264457548513264
0.3264205889692806
0.32639683866749464
0.32638594999362724
0.32635955043087655
0.3263367797962519
0.326315358807242
0.32630432540755044
0.32628125514443523
0.32626131048302115
0.3262458144699952
0.32622785202876
0.32621988686109116
0.3262030416539904
0.3263708049605591
0.3264489110018841
0.32645389294897675
0.32643907120145166
0.3264272470403095
0.3264124227987253
0.32640619870936655
0.3265851696910651
0.32634491231197243
0.32621047427154964
0.32630508807830577
0.32624212014843723
0.32620519095904316
0.3262096917613124
0.3262605971299692
0.3263652966299302
0.32639096922435223
0.32633520366624447
0.32627905960023823
0.3262339270473388
0.32619156356267637
0.32618441199219617
0.32613673185308456
0.3260972539738331
0.3260607700633767
0.3260269843563389
0.32599532933615805
0.3259652693124189
0.32593637562735334
0.3259083451757229
0.3258817181230983
0.32586341236315364
0.32583425254519355
0.32580571155177934
0.32577890691068795
0.32575800328558363
0.32572872613493065
0.3256999319092036
0.32567761850601384
0.325647995167435
0.3256189466316735
0.32559766656737876
0.32556718261683437
0.325536665659621
0.3255083105056345
0.3254823268920018
0.3254520463917484
0.32542642617117684
0.32539551702683484
0.3253661555230932
0.3253385277579571
0.3253078713436776
0.3252827995815174
0.32525093823418383
0.3252193478536131
0.32519239723675636
0.3251607742844747
0.32513119777362837
0.32510121485651183
0.3250723225824155
0.32504121658985724
0.32501419386324576
0.324982069690238
0.324951233846602
0.32492324836793574
0.32489151950671213
0.32486266659843444
0.3248314962453032
0.32480375850523413
0.32477206764486133
0.32474260423354717
0.3247125957239961
0.324683711128458
0.32465321305709005
0.3246252843508752
0.3245943835546437
0.3245661873708846
0.324535927262023
0.32450825913616727
0.3244780027528759
0.3244503062139944
0.32442061520684373
0.3243932654569335
0.32436382413785575
0.32433667255459153
0.3243076915965792
0.3242807957102511
0.32425224033735345
0.3242256049328139
0.3241975143966963
0.32417114868053215
0.3241435431870162
0.324117455276922
0.32409035291350546
0.3240645503165884
0.32403796421905323
0.3240124553566962
0.32398639182134953
0.3239611880260881
0.32393564458421503
0.32391076169959343
0.3238857263166711
0.32386118467662284
0.3238366374811802
0.32381245930846914
0.32378837696773655
0.3237645818975265
0.32374094256707225
0.32371754374688927
0.3236943299273589
0.3236713327424911
0.32364853124341836
0.3236259345214742
0.3236035347683107
0.32358133289778807
0.3235593251587419
0.3235375098543397
0.3235158841387799
0.3234944454955057
0.3234731911064827
0.3234521181263424
0.32343122358672066
0.3234105044436094
0.3233899575718797
0.32336957978250375
0.3233494027405692
0.32335115619182847
0.3234117147465489
0.32342299995284557
0.3234099340008075
0.3233911398260139
0.3233712013971173
0.32335120721106364
0.32330087790584466
0.32321447481338617
0.3231822762268652
0.32314894103575653
0.32311914003887865
0.3230937844270585
0.32307189866664215
0.32305185128390396
0.3230327180327188
0.32301422425090465
0.3229961719698052
0.3229784685315655
0.32296105976654715
0.3229439096229528
0.3229269897430463
0.32291027602574857
0.32289374745556243
0.32287738554214895
0.3228611738950766
0.32284509786649257
0.32282914426728077
0.32281330118882573
0.3227982635204117
0.32283172517281544
0.32286810860646914
0.3228650468156757
0.32285151647972776
0.322835938990617
0.32282002750064775
0.3227476431460531
0.32268480776488395
0.32266331546277727
0.3226406859138707
0.3226195047440701
0.3226006318876705
0.3225836919376225
0.3225679402498033
0.32255281897928206
0.3225380228331597
0.32252341350979846
0.3225089327674769
0.3224945521157642
0.3224802523561095
0.3224673930894087
0.3225059552803029
0.3225318350437951
0.32252598598901716
0.3225129588017754
0.3224986337422943
0.3224847433483694
0.3224147507628364
0.3223529733832834
0.32233334326118585
0.32231420358374685
0.3222961032583528
0.32227949165924197
0.32226428437293375
0.32225002592706653
0.32223628977967766
0.3222228097369045
0.3222094514448199
0.3221961535909204
0.322182892468418
0.3221837540669859
0.32222848626553313
0.3222339166099103
0.322223731850858
0.32221062346905815
0.322197003029125
0.3221312133778105
0.32206876894284303
0.3220496749839193
0.3220327696480121
0.3220169351573936
0.3220020391049797
0.3219880774353542
0.3219748107714465
0.32196195295778285
0.3219492945473622
0.32193671530503926
0.3219241548003104
0.32191175531900246
0.3219320333112125
0.3219621690923546
0.32195907344171065
0.32194772008949096
0.3219348979448792
0.3219223083456248
0.32184571712552507
0.32179998593042053
0.3217828909112694
0.32176776073952634
0.3217536153389652
0.3217400669402122
0.3217270327145778
0.3217146899511264
0.3217393219180188
0.32176346506452824
0.3217583394498724
0.3217468970767951
0.3217343915566877
0.3217220558038158
0.3217059472207055
0.3216927010141181
0.3216796126103822
0.32162278226849456
0.3215523791867918
0.32153138539696474
0.32151688923547717
0.321504402279573
0.3214923244421937
0.32148049377665794
0.32146890842590387
0.32145750168807186
0.3214461811229496
0.3214348723607003
0.32142352979023586
0.3214121301811032
0.3214008327361172
0.32141904300698754
0.3214439855491195
0.3214402122683564
0.32142957281372264
0.32141773124886436
0.3214063600888473
0.3213916787200523
0.3213216438704021
0.3212753620652547
0.3212591978830678
0.3212463430365915
0.3212346118604507
0.3212230991271224
0.32121171094819134
0.32120163900154874
0.3212309497796915
0.32124488436469134
0.32123803668699463
0.32122723352507926
0.3212157570583759
0.3211491206365517
0.321100533089993
0.32108497669132297
0.32107312252377385
0.3210623073419691
0.3210515440293592
0.32104078660720353
0.3210300635837314
0.32102579566539946
0.32105917953935503
0.32106393681097584
0.32105552082697597
0.32104480618855563
0.321033672179368
0.32099315576047044
0.3209013735478224
0.32087815298089756
0.3208678807852791
0.32086022686919613
0.3208521580568129
0.32084358262110113
0.3208347466857619
0.3208257633711237
0.3208166505979353
0.32080740012448594
0.3207980066734167
0.3207884730483982
0.32077880769599826
0.32076902159940096
0.32075912618151997
0.3207491321806297
0.3207390491707948
0.320729603424984
0.32075145046887565
0.320766629449977
0.32076138784418845
0.32075166238564784
0.32074113668394355
0.32068848812443534
0.3207032987482368
0.3206986711635462
0.32068889997735067
0.32067841955547477
0.3206056051492168
0.3205796848060703
0.3205724627273786
0.3206027479621493
0.3206082351027907
0.3206005597970703
0.3205907738669078
0.3205805534422959
0.3205322257072257
0.320451694965744
0.3204352226046123
0.32042759430826273
0.3204210212009513
0.3204138492420464
0.32040623574313876
0.3203983603856926
0.32039028844711226
0.32038203731958415
0.32037361525942526
0.32036503279490486
0.32035630359025535
0.3203474427750897
0.32033846532487864
0.3203294181834547
0.3203372498458226
0.32036026099355974
0.3203588975994248
0.32035071338477544
0.32034133428835754
0.3203305339790766
0.32031932283966014
0.3202496730511815
0.3202137367421543
0.32020467244493706
0.3201966171191734
0.32018841560386946
0.3201799726707332
0.3201729931036696
0.32019825938949964
0.32020737379340913
0.320201572182589
0.320193059971313
0.32018403127607864
0.32012233556862846
0.3200621458059077
0.32005255408112726
0.32004647571944156
0.3200402034890182
0.3200333494286548
0.3200261729847834
0.32001879659344334
0.3200112559348593
0.3200035611444813
0.31999571952387174
0.3199877408034366
0.3199796456407764
0.31998350438996764
