0.9412460678403187
0.9313053432438109
0.9068664856319807
0.869522195957771
0.8395674569996745
0.8183683781727444
0.8013995610205664
0.7844931820942442
0.766275609881833
0.7452139037135376
0.723040389203555
0.7027830945839911
0.6852683147529363
0.669422012192001
0.6532693742323249
0.6387268982587858
0.6267648616192695
0.6163952771889167
0.6068752986081508
0.5981734396130965
0.5899124891754925
0.5824524538084098
0.5755038548834152
0.568910964956404
0.5624381146312853
0.5551895080875919
0.5486665100417967
0.5420662313860122
0.536789665768547
0.531544738342455
0.5266334801124605
0.5220552608021023
0.5178007230070576
0.5138539266451726
0.5100694114379574
0.5067922957717901
0.5036092559449026
0.5006644570950372
0.49794395483746473
0.4954286398203065
0.4930997048867916
0.4909415959122267
0.4889421966958737
0.4870709532332222
0.48537711211369916
0.4837914392744077
0.4823185192680232
0.4809471365212935
0.4796623716969519
0.47844860062304173
0.4772902076716817
0.47616966566196967
0.4750667007717767
0.4739605987418286
0.47272877796095936
0.4716654857051046
0.47062353870058143
0.4696835573864716
0.4688252379144734
0.4680178200819448
0.46723447315068306
0.4664542438664084
0.4656616822659595
0.46484579251591396
0.4640028839065213
0.463129835033297
0.4622286575556593
0.46130177648883874
0.46035245331562685
0.45938503629368
0.4584056479124558
0.45742205066255986
0.45643694411306907
0.45545972935659884
0.45448432653844156
0.45353870411836433
0.45257650564658314
0.4516229010910934
0.45069404778843
0.4497411999973068
0.4486666830156466
0.4480430527305332
0.4474690077778688
0.4464309553911565
0.445392200866647
0.44434318979895115
0.44350958756126935
0.4423576189284203
0.4416532264138098
0.44066410917609283
0.43964923665714994
0.438627515518958
0.43760327972766
0.4365760254623403
0.4355410565611034
0.43446960775312554
0.43348003474678926
0.43248292138977873
0.4315012601119375
0.43053936479470256
0.4295953572887543
0.42866301992373634
0.4278601330393953
0.4267557938818782
0.4257396754668075
0.42476378985206287
0.42385038030976335
0.4229242617170254
0.4219578055109631
0.42093306130813496
0.41988785415856444
0.4189901857193855
0.418126766875998
0.41729217133583685
0.41648837038103165
0.41571709781710053
0.4149797916655264
0.4142772191242406
0.4135537500688438
0.41298736336939196
0.412396962872749
0.41184144679338974
0.4113185316556146
0.4108257183800971
0.4103598504600938
0.4099171134847073
0.40949306705058264
0.4090826521681257
0.4086804667971837
0.4083108680634066
0.40815365482738775
0.4078269192225367
0.40740106561270806
0.40686077640110696
0.40612505791751913
0.4055582738753465
0.4049343058080075
0.40420357184136424
0.40334322611320805
0.4023200673471355
0.4011692213980304
0.3999446445976236
0.3987341761718826
0.3976095114366358
0.3966022761179118
0.3957101480191267
0.39491264575771334
0.39418171092229765
0.3934871910737336
0.40555921983197724
0.39469153479285196
0.3930178836417325
0.391981187177775
0.39115566627000264
0.39042001296677514
0.3897380478470791
0.38910135413380686
0.3885087399319303
0.38795874932627783
0.38744807105279844
0.3869720729582852
0.38652561483811815
0.3861035776241756
0.3857011039016174
0.3853136674909105
0.3849370668810824
0.3845673993208352
0.38420105309838964
0.3838347540417154
0.3834657018525586
0.3830918024630021
0.38271193329175435
0.38232613560887174
0.38193564205829017
0.38154258859413426
0.38114936312575337
0.3807579870643946
0.38036981694463995
0.3799854020469381
0.37960454939097177
0.37922671569577737
0.37885144299755485
0.3784785356121407
0.3781079950560772
0.37773987978995505
0.37737420358718515
0.37701089946273386
0.3766498311941887
0.3762908262891463
0.3759337114578928
0.37557834096311504
0.37522461485449937
0.37487248760936775
0.3745219690738703
0.37417311989092955
0.37382604349749515
0.37348087657273515
0.37313777956700783
0.3727969285929967
0.3724585094936488
0.37212271436779754
0.37178974033973444
0.371459790007926
0.3711330728501031
0.3708098068742466
0.37049021991570114
0.3701745501106318
0.3698630451741361
0.36955596016855474
0.3692535534914376
0.36895608089390686
0.3686637875135494
0.3683768982124358
0.3680956069534512
0.3678200664679014
0.36755037991612727
0.36728659636619526
0.3670287113599757
0.36677667221508375
0.366530384805989
0.3662897147813261
0.3660544733701304
0.3658243803030965
0.36559900950084107
0.3653777476251258
0.3651598155301367
0.3649443862384924
0.3647307681290001
0.3645185586611931
0.3643076861125182
0.3640983388855382
0.36389084732213245
0.3636855809487007
0.3634828854571884
0.3632830540705093
0.3630863192020315
0.3628928527815999
0.36270276745323504
0.3625161108994759
0.3623328364741447
0.36215271491456097
0.36197532865384957
0.36180162360015267
0.36163366562351573
0.3614690509960208
0.36130822556380643
0.3611510274444115
0.3609976574226255
0.3608482531668396
0.36070306217241427
0.3605623461865977
0.3604263927972949
0.3602954751101303
0.3601698319618461
0.3600496416694611
0.35993500689277635
0.35982595396054484
0.3597224653411288
0.3596244961826785
0.359531532505259
0.35944191772527756
0.35935445159262797
0.3592695047442777
0.35918726891978786
0.3591056912492357
0.35902800514809935
0.3589335115998864
0.35887306989446827
0.3587913657029304
0.3586907738248047
0.35862585383106776
0.3585401171175429
0.3583918488713174
0.3583729495772652
0.3582848750534295
0.35819411145167457
0.3581019068155571
0.3580086957522554
0.35791474215083724
0.3578202032822392
0.3577185368235736
0.35762481124895135
0.357523590934523
0.3574424741250711
0.35729312474463776
0.3572588660823331
0.3571637843384183
0.35706679925386725
0.35696918843007097
0.35687133700388735
0.356773232165392
0.3564468133843847
0.35662640929537226
0.3565340951069644
0.3564338532440509
0.356331652491168
0.3562290391692754
0.3561266007243965
0.3560245571910552
0.35592296160245246
0.3558217883076914
0.355720976049599
0.35562044939270415
0.35552012902274976
0.35541993620830625
0.35531979423381593
0.3552196283290868
0.35511936491882246
0.355018930636617
0.3549182513373257
0.35481725122709334
0.354715852169161
0.35461397319180843
0.35451153020870413
0.35440843595442073
0.354304600131499
0.35419992973390707
0.35409432866276447
0.353987585750279
0.35382042097228616
0.3537782172916492
0.3536706748259773
0.35355881314215687
0.3534447511329425
0.3533289210581038
0.35321143273066025
0.35309229204513704
0.35297145772507066
0.35284658107746936
0.35266116398198744
0.35260580753255316
0.3524815952782369
0.3523518675402455
0.35221935717201164
0.3520847034425448
0.3519481524529775
0.35180982777520947
0.35166981226890465
0.3515281810683768
0.3513850153928055
0.351240364492507
0.35109110722211456
0.35094439381383835
0.35079644166571217
0.3506490315690634
0.35049482872677323
0.3503522385258299
0.3501986691314034
0.3500451543931045
0.3498969954442516
0.3497243306501098
0.34959270483410415
0.34943955031312046
0.34928408556117413
0.34912725393145716
0.34896906045677245
0.3488009221009763
0.34865058608354377
0.34848954934829496
0.3483189388119095
0.3481627507285438
0.3479963714240488
0.34780715106342797
0.34766173867972794
0.3474921024741078
0.34731897695715847
0.3471434876744052
0.3469659357934693
0.34678506147727917
0.34658954024494065
0.34642382101897734
0.346240372005527
0.34605397474011285
0.34586527878392254
0.34565160610649076
0.34548622429308234
0.3452955628274585
0.34510196621591815
0.34490686823778544
0.3447108263711945
0.34451404136980746
0.3442998286027629
0.3441215962721415
0.3439261821745984
0.3437297543282489
0.3435334247511913
0.3433343141543643
0.34314158570132086
0.3429265156645814
0.342759724147851
0.342570983271727
0.3423820007377033
0.34219422600423677
0.3420081636740243
0.3418239484734959
0.3416170220880293
0.34146416999493795
0.3412889505300139
0.3411140863912538
0.34094100474547967
0.3407701315103645
0.34060161856213517
0.3404350949270018
0.34021610841568495
0.34011540704315174
0.3399617477722497
0.3398060038852376
0.3396513963292831
0.33949879323441806
0.3393484546977648
0.33920043873226896
0.3390547267289387
0.3389112706291294
0.3387700114383564
0.33863088621903853
0.33849383043091774
0.3383587784732242
0.3382256635960916
0.33809441760009123
0.33796496974001455
0.33783721167136815
0.3377075997524429
0.33758652066316447
0.33744869293022994
0.3373423956303525
0.3372235182578663
0.3371046941654194
0.33698672482066466
0.336869736013913
0.33675279576775674
0.3366243737021963
0.3365237879209886
0.3364113340554476
0.33629828482855506
0.33618533300781533
0.3360725135611295
0.33595855608360975
0.3358399246595331
0.3357331898178173
0.33562006086184804
0.3355050311211319
0.3353775338594019
0.33527276366527076
0.335156601065571
0.335038653049704
0.33492001638461477
0.33480124398834604
0.3346822329860361
0.334555671203961
0.33444638563204815
0.3343309195904433
0.33421573626245427
0.33410158925912714
0.333986419095881
0.3338771355736308
0.333758492944212
0.33365873823114545
0.3335535964417181
0.33344932689209295
0.33334652190499886
0.3332445214944153
0.33313828591448785
0.33304573691907424
0.33294952224035357
0.3328540131964999
0.33275771280359345
0.3326656248163891
0.33256618320575254
0.33248189532672323
0.33239312634683077
0.3323048105309747
0.3322174019067351
0.332126610002569
0.33204505915198435
0.3319614934896945
0.3318757153722882
0.3317962451767071
0.3317138984624354
0.33163568036991775
0.33155118084527724
0.3314789087326129
0.33140356103522695
0.33132881303169165
0.33125429237537446
0.3311793127214851
0.33111024639207715
0.33103932178646445
0.3309688803123748
0.3309023031083757
0.3308315437478907
0.3307686888825592
0.33070423162927076
0.3306387971094064
0.33057672054997317
0.3305116598064788
0.3304532562343699
0.3303933717042544
0.3303316295106197
0.33027500452530356
0.33021660654889085
0.33015920579403296
0.3301032347286115
0.33004669636936473
0.3299929595939193
0.32993673002922475
0.3298849021016474
0.3298313631191668
0.3297784887829857
0.3297269537025905
0.3296747674768484
0.32962490359625385
0.32957319475003183
0.32952469633792225
0.3294744108686506
0.32942620323836164
0.32937672118336325
0.32932976838002814
0.329281240279504
0.3292349232144126
0.3291872884682261
0.3291417710694584
0.32909502474888785
0.32905017631258465
0.32900429271540366
0.32896010687974025
0.32891505764649215
0.3288715013201011
0.3288272641030887
0.32878431213804415
0.328740864624146
0.32869849641219284
0.32865581524471127
0.3286140159440275
0.32857207487025714
0.328530836478284
0.3284896051693285
0.32844892633916256
0.3284083710266818
0.32836825465597413
0.32832834101335096
0.3282887901611126
0.32824948708695895
0.32821050139992825
0.3281717833903232
0.32813335783368835
0.32809520491771577
0.3280573306472499
0.32801972680249936
0.3279823928078518
0.3279453242612908
0.3279085186962926
0.32787197280470914
0.3278356837126115
0.32779964841653036
0.32776386401783786
0.32772832762715015
0.32769303639901454
0.3276579875179644
0.32762317820206033
0.3275886057006916
0.32755426729435505
0.3275201602939541
0.32748628204034963
0.32745262990394003
0.327419201284313
0.32738599360996024
0.32735300433804587
0.3273202309542053
0.3272876709724076
0.3272553219348269
0.327223181411772
0.32719124700162616
0.32715951633079354
0.3271279870537093
0.3270966568528316
0.3270655234386424
0.32703458454968765
0.3270038379526157
0.32697328144219867
0.3269429128414012
0.3269127300014258
0.3268827308017588
0.3268529131502378
0.3268232749831054
0.3267938142650605
0.3267645289893325
0.32673541717772725
0.3267064768806736
0.32667770617729364
0.3266491031754604
0.32662066601182704
0.326592392851897
0.3265642818900659
0.32653633134967386
0.32650853948304764
0.32648090457155404
0.3264534249256374
0.32642609888488505
0.3263989248180523
0.32637190112313014
0.32634502622739
0.32631829858743155
0.3262917166892454
0.32626527904827013
0.3262389842094505
0.3262128307473147
0.32618681726603416
0.3261609423995096
0.3261352048114546
0.3261096031954808
0.3260841362752032
0.3260588028043437
0.32603360156685046
0.3260085313770253
0.3259835910796484
0.32595877955014724
0.3259340956947403
0.3259095384506286
0.32588510678616445
0.32586079970107745
0.32583661622667953
0.32581255542610893
0.3257886163945922
0.32576479825971644
0.3257411001817169
0.32571752135382737
0.325694061002589
0.3256707183882452
0.32564749280512145
0.3256243835820589
0.3256013900828657
0.3255785117067996
0.3255557478890925
0.3255330981014939
0.3255105618528751
0.3254881386898469
0.3254658281974367
0.3254436299997995
0.32542154376098087
0.3253995691857171
0.3253777060203081
0.32535595405350776
0.3253343131174997
0.3253127830889235
0.32529136388994545
0.32527005548941934
0.3252488579040868
0.3252277711998606
0.3252067954931767
0.32518593095241816
0.3251651777994096
0.3251445363110009
0.32512400682072795
0.32510358972054293
0.32508328546264875
0.3250630945614165
0.32504301759536
0.325023055209249
0.3250032081162629
0.32498347710026315
0.3249638630181324
0.32494436680220296
0.32492498946276666
0.3249057320906638
0.32488659585993035
0.32486758203050686
0.32484869195102484
0.3248299270615921
0.3248112888966336
0.3247927790877317
0.3247743993664706
0.32475615156721516
0.3247380376298664
0.32472005960250405
0.32470221964391577
0.3246845200259517
0.32466696313568677
0.3246495514773028
0.3246322876736779
0.3246151744675873
0.3245982147224659
0.3245814114226602
0.32456476767307435
0.3245482866981612
0.3245319718401049
0.32451582655619066
0.32449985441515855
0.3244840590925419
0.32446844436479755
0.32445301410219135
0.3244377722602985
0.3244227228700418
0.3244078700261531
0.32439321787400976
0.32437877059473574
0.3243645323885359
0.32435050745620914
0.3243366999788261
0.32432311409552994
0.32430975387953687
0.3242966233122745
0.3242837262558076
0.3242710664235186
0.32425864734918297
0.3242464723544737
0.3242345445149784
0.3242228666248323
0.32421144115998574
0.32420027024018877
0.32418935558974954
0.3241786984970724
0.3241682997730621
0.32415815970843836
0.32414827803007884
0.32413865385658225
0.32412928565331345
0.324120171187328
0.3241113074827918
0.32410269077759857
0.3240943164821884
0.32408617914177007
0.3240782724033302
0.3240705889890429
0.32406312067782994
0.3240558582968825
0.32404879172496076
0.3240419099091668
0.3240352008966478
0.3240286518823151
0.3240222492732537
0.32401597876986704
0.32400982546320556
0.3240037739472859
0.3239978084444807
0.32399191294160296
0.32398607133361323
0.32398026757166143
0.32397448581191024
0.3239687105614712
0.323962926818027
0.32395712019986433
0.32395127706359966
0.32394538460726335
0.32393943095715966
0.32393340523738606
0.32392729762165995
0.3239210993676072
0.32391480283419
0.32390840148340744
0.3239018898677612
0.32389526360511367
0.32388851934289536
0.3238816547134595
0.3238746682825308
0.32386755949251944
0.32386032860238584
0.32385297662554957
0.32384550526715694
0.32383791686186414
0.323830214313044
0.3238224010341626
0.3238144808929449
0.3238064581587065
0.3237983374531576
0.32379012370486276
0.32378182210738465
0.32377343808116105
0.3237649772389546
0.32375644535484666
0.3237478483365172
0.32373919220070296
0.3237304830515474
0.3237217270617018
0.3237129304559008
0.32370409949683937
0.32369524047309534
0.32368635968893955
0.32367746345581727
0.3236685580853056
0.3236596498834217
0.32365074514609604
0.32364185015564334
0.3236329711781706
0.323624114461731
0.32361528623516034
0.32360649270746633
0.3235977400677109
0.32358903448529835
0.32358038211058526
0.32357178907575945
0.323563261495933
0.32355480547041043
0.32354642708406905
0.3235381324088337
0.32352992750521264
0.3235218184238716
0.32351381120723727
0.3235059118910943
0.32349812650622023
0.32349046107999546
0.3234829216380415
0.32347551420586523
0.323468244810491
0.32346111948210055
0.32345414425562613
0.3234473251722486
0.32344066828075035
0.32343417963859095
0.32342786531260914
0.32342173137920205
0.32341578392383014
0.3234100290397495
0.3234044728258312
0.3233991213834503
0.32339398081241044
0.3233890572059446
0.3233843566448555
0.3233798851908715
0.3233756488792703
0.3233716537108138
0.3233679056429669
0.3233644105804123
0.32336117436473294
0.3233582027632327
0.3233555014567822
0.3233530760266136
0.32335093193997166
0.32334907453463585
0.32334750900217923
0.3233462403700189
0.3233452734822466
0.32334461297922956
0.3233442632760766
0.3233442285399642
0.3233445126665042
0.32334511925514553
0.323346051583851
0.3233473125831523
0.32334890480980494
0.32335083042022755
0.32335309114400457
0.3233556882577136
0.32335862255935377
0.3233618943437086
0.3233655033789763
0.3233694488849804
0.32337372951335
0.3233783433299435
0.3233832877999442
0.3233885597758497
0.32339415548872263
0.3234000705429147
0.32340629991454856
0.32341283795386494
0.32341967839163027
0.32342681434967424
0.32343423835555096
0.32344194236131163
0.323449917766282
0.32345815544368844
0.32346664577087525
0.3234753786628695
0.32348434360889305
0.3234935297114393
0.3235029257274134
0.32351252011081166
0.32352230105637925
0.3235322565435671
0.3235423743801489
0.3235526422448236
0.3235630477280271
0.32357357837033146
0.3235842216977201
0.32359496525314974
0.3236057966238754
0.32361670346418636
0.32362767351328425
0.323638694608339
0.32364975469288815
0.3236608418210638
0.32367194415833495
0.32368304997974406
0.32369414766681653
0.3237052257044524
0.3237162726793104
0.32372727728108824
0.3237382283081115
0.3237491146783858
0.3237599254470496
0.32377064983072945
0.32378127723885586
0.32379179731166213
0.3238021999638982
0.3238124754331523
0.3238226143311226
0.3238326076960607
0.32384244704451487
0.3238521244204524
0.32386163244003
0.32387096433053336
0.3238801139622624
0.32388907587255966
0.3238978452815146
0.3239064180992311
0.3239147909249172
0.323922961038259
0.32393092638381615
0.32393868554927874
0.3239462377385482
0.32395358274059743
0.3239607208950783
0.3239676530555879
0.3239743805514314
0.32398090514859
0.32398722901055127
0.3239933546595084
0.3239992849383773
0.3240050229739238
0.3240105721412829
0.32401593603002776
0.3240211184118635
0.32402612321006247
0.324030954470626
0.3240356163351224
0.3240401130152689
0.3240444487690262
0.32404862787828453
0.32405265462811744
0.3240565332874542
0.3240602680910072
0.324063863222526
0.3240673227993104
0.32407065085788067
0.32407385134079275
0.3240769280845478
0.32407988480855743
0.3240827251051274
0.32408545243043235
0.32408807009650836
0.32409058126413265
0.32409298893668925
0.32409529595491904
0.3240975049925765
0.32409961855293024
0.3241016389661672
0.3241035683875426
0.3241054087964083
0.3241071619959607
0.32410882961373777
0.32411041310284255
0.3241119137438092
0.3241133326471351
0.3241146707563729
0.32411592885180296
0.32411710755461004
0.324118207331522
0.3241192284998778
0.32412017123307313
0.3241210355662099
0.3241218213982431
0.3241225284970285
0.3241231565561666
0.32412370510960653
0.3241241735787547
0.32412456130823697
0.3241248675506902
0.32412509147151014
0.3241252321570978
0.3241252886225115
0.3241252598185292
0.3241251446384362
0.32412494192464214
0.3241246504751761
0.32412426904997965
0.32412379637704897
0.32412323115838354
0.32412257207570877
0.3241218177960498
0.3241209669770063
0.3241200182718825
0.32411897033452275
0.32411782182392895
0.3241165714086617
0.3241152177709563
0.32411375961065575
0.32411219564884686
0.32411052463130385
0.32410874533167855
0.32410685655446436
0.3241048571377403
0.32410274595567085
0.32410052192083766
0.32409818398630963
0.32409573114755
0.32409316244411135
0.32409047696113574
0.32408767383070075
0.3240847522329529
0.324081711397113
0.32407855060230456
