0.8998597726239622
0.883496249796666
0.8581456767457623
0.8656601871163675
0.8472179786362326
0.8012376789621697
0.7789946081339469
0.755785237485439
0.7430543247487462
0.7355018198694336
0.7256959622510195
0.7214383556796152
0.7099035894716027
0.7036424381243143
0.6953349718126575
0.6790281292475345
0.6663338079079256
0.6615398697609137
0.6538808423091613
0.6569661281873159
0.6505867489575
0.6521352494044266
0.6549423491333352
0.656199479466543
0.6415592272600839
0.6373728457690079
0.6314987449613416
0.6270969158119946
0.6220030753824197
0.6146793315928659
0.6162189098907325
0.6033113652399974
0.6001928251445614
0.5912902376407869
0.5887201218630665
0.5948519231406347
0.5949097803315795
0.588285422829124
0.5918562511447135
0.5941466304088442
0.5822082340722108
0.5847586815890364
0.5837847397487108
0.5803943960664055
0.5790273052466559
0.5868812070420972
0.5822387326574517
0.5821603648417837
0.5818700852142675
0.5804478494138445
0.5719705210927922
0.5744505018519285
0.5721728731795016
0.5752993323295494
0.5635799823920299
0.5623152091088287
0.5564021742237778
0.5530098596007652
0.5547607569325832
0.5550302578561537
0.5569439450451341
0.5610589192746753
0.5546399016395478
0.5628204611118579
0.5509714352279231
0.5523045682245789
0.5603761882104931
0.555710421796326
0.5606790047365724
0.5625845494286502
0.5505903433802074
0.5636065683536651
0.5721719343883092
0.5539371608664684
0.556782769148431
0.5448157458917979
0.5573196633059848
0.5689000641629272
0.5679205387153318
0.5541479270069267
0.5581513245310399
0.5662982801128098
0.5455604410259395
0.5461087321919273
0.5523856457412872
0.5565278955103978
0.551371238200819
0.5558671896083152
0.5691409612308459
0.5463895409665308
0.5474508933749634
0.5429057354688679
0.5416477017090097
0.5444316707538936
0.5421697174645272
0.5399308677943337
0.5470233915280137
0.5446268000157357
0.5395492596934979
0.5402499066051394
0.5406853028401039
0.5451455084662957
0.5401949992776678
0.542880128623577
0.5411273796092702
0.5608798816210399
0.5412489088859584
0.5393214357975895
0.5524488323515689
0.5453104580530316
0.5406864251105341
0.5366703443217635
0.5356958793571407
0.544885950218283
0.5560023245622877
0.5574097080759768
0.5394273258928317
0.5457673327947679
0.5424684271715692
0.5384508712172084
0.5392357439241067
0.5467076255055929
0.533881537553568
0.5528918547353283
0.5424445993692627
0.551986933931127
0.532510931269833
0.5426755718958657
0.5376918357133277
0.5362464455825453
0.5394113676945592
0.5388856095173666
0.5386523738085307
0.5369037345056369
0.5343565472492511
0.538192691796569
0.5389853270408295
0.5362823021055692
0.5439239991986099
0.5462429209664743
0.5392516135144827
0.5552256411065877
0.5458544553734491
0.5442309445674882
0.5365758640516731
0.5374430924793788
0.5416911654615679
0.5417229072193408
0.5573739586136538
0.5470442848234347
0.5363283862930078
0.5386793816141131
0.5331978970109642
0.5344167341184763
0.5453315852350674
0.5431120364385621
0.5521017388241802
0.534034838040411
0.5357518237092079
0.5376553479324155
0.541734758185719
0.5370893478459772
0.5389186368378267
0.5421606538394504
0.5429301666916876
0.5324067549693016
0.5320775651185935
0.536629851611217
0.5431276633232993
0.5365178065113894
0.5354851319230468
0.5361194497288542
0.5422439612782031
0.5352152363281578
0.5338681112499747
0.5350372125978552
0.5350749253123953
0.5333268383040116
0.5389020286498728
0.5377157605618853
0.5357124063557163
0.541787510844241
0.541494820590585
0.5387244239404086
0.538372036679919
0.5372078295305113
0.5453531699269983
0.5425658279801404
0.5406250194791369
0.5400653109841337
0.5384383638486118
0.5400304221962882
0.5363134624204108
0.552464275959529
0.5396557037965242
0.5385116794189181
0.5351195143302865
0.5407516432376165
0.5394681930221417
0.533536219822196
0.5352860657556922
0.5359006883492063
0.531167370661849
0.5374930024228346
0.5340241292374382
0.5393211455792752
0.5494570276362497
0.5352951907095153
0.536483501013711
0.5505935955465184
0.5347868477159027
0.537451521750605
0.5332004507618903
0.5438664363491216
0.536208863331056
0.5308411589794204
0.5373143379688023
0.534852250681636
0.5332238985313734
0.5347362489449425
0.5380832980268857
0.5387316171523077
0.5353673997634015
0.5558241315780735
0.5371298419300797
0.533765697471765
0.5361178753764958
0.5375520846877034
0.5412021787777397
0.5379513752040703
0.5409436370610402
0.5408396341445955
0.5418473135342156
0.5428384742249167
0.5357808567602514
0.536809846911951
0.5336656143856773
0.5346668510961148
0.5305935992244688
0.5304380279287688
0.5315516559234463
0.5277752058682303
0.5271632317892552
0.5371576450584754
0.5277484198264003
0.5273163847370881
0.5301423527489348
0.529116588685431
0.5289682123203089
0.5303062101773591
0.5338718425390201
0.5260905850363395
0.530114728844787
0.5276665560244124
0.5237804478151507
0.5245441544391346
0.5307378518454557
0.5276118948304444
0.5240232905245085
0.5244953451115538
0.5240853222758068
0.5255538312189822
0.5238049078264216
0.5222864190277401
0.520985615233504
0.5265178485980295
0.5259483396548954
0.5228214289710046
0.521044561198511
0.5364103550359919
0.5318704405477718
0.5216156622068868
0.5226998417241627
0.5286430425535309
0.5206563453182353
0.5226815163994017
0.5232999090355908
0.5179991368343297
0.5169860441023254
0.5185621697408076
0.5192030855170844
0.5206086230454271
0.5186952512841426
0.5211260560899479
0.5169246347832898
0.5191647706450571
0.5170498314221792
0.5332744686717359
0.5201871337365749
0.5179003153476186
0.528859014012506
0.5203963956611961
0.5305929493410645
0.519637667287805
0.5281938815138139
0.5175575455457582
0.524021497804652
0.5205139183976126
0.5169036200565605
0.5198551436784812
0.5193397838412557
0.5161640100730125
0.5160365062553174
0.5288889735127216
0.5185560221470162
0.518600408340844
0.5181906333608179
0.5157485809669181
0.5153083478633453
0.5152024014729166
0.5179477693068818
0.5191225914881584
0.5196119728681738
0.5270702075252527
0.5268244945227344
0.5209341187791119
0.5210274749577745
0.5202902480107241
0.5180680023951485
0.5165188577198193
0.5166563152234236
0.5164014832387467
0.5168244107868483
0.5194669023276554
0.5177226843954275
0.515094666060336
0.5159582380334624
0.5182847415543305
0.5217093619016527
0.5158776104863817
0.5324067898632587
0.5265585153737383
0.5199505466852986
0.5193821992022634
0.5154038243939009
0.5194645147083065
0.5198791834384829
0.5194525621510616
0.5154747396314602
0.5198800002634147
0.5190670592044623
0.5203216459815707
0.5178359264705205
0.5171541919110253
0.5349489619537451
0.5248369160531231
0.5174236695612271
0.5269396011317103
0.5211775686188553
0.5161325307024085
0.5207619150572989
0.5150177680211641
0.5293410241328687
0.5195291455529986
0.517367887913278
0.5237460244154255
0.5227845033336809
0.5195439593664691
0.5167522311878772
0.5209242657977279
0.5183499587494999
0.5233779656459625
0.5210634777746737
0.5193566388213595
0.5156262740152641
0.5186869892432875
0.5231004712374134
0.5220797645635877
0.5142020207582266
0.5223327865710549
0.5210216278955728
0.5208841783505417
0.5219305560605537
0.5192994592273684
0.521459463681028
0.5132313249050703
0.5203155488234954
0.5209561844685522
0.5283532310170366
0.5110784643018992
0.5211444644764475
0.5176655923149995
0.5200872675323746
0.5256761204551309
0.5188140997175084
0.5137602306101058
0.5209380499477783
0.5232167368604198
0.5248232237427651
0.5202309979265523
0.5131714303540451
0.5171586481998913
0.5103358338024865
0.515540506117007
0.5179772140430015
0.5160330037772775
0.5164301385245096
0.5161807286183466
0.5102007017544868
0.5188545208824334
0.5151808613316995
0.5129210020393817
0.5238260134553847
0.521727877363352
0.5223402698546381
0.5121950340935675
0.5190364140579401
0.5268784352348101
0.5226150236165559
0.5230419627264669
0.5165000782727145
0.522450881501574
0.5220603543194825
0.519725509647039
0.5277162589671267
0.515687420400377
0.5241084300937636
0.5223803912612908
0.5184901383903696
0.5229122982711288
0.5215480743525498
0.520938307142453
0.5274505420158433
0.5227113683866027
0.5336983409818088
0.5266065729287549
0.5159709700340787
0.5170161430356349
0.5174254960951343
0.5267123437436985
0.5142386491400195
0.5202114929976803
0.5229506655984316
0.5248853565590943
0.5245963200740226
0.5229241764697191
0.5231124223719454
0.525116356754726
0.5254050695470611
0.5198321917196537
0.5180181471828554
0.524936141479603
0.5252663760996026
0.5226892284850384
0.5218621715923212
0.5103894763968027
0.5126364049017134
0.5159855515997667
0.5209605338258647
0.521480264723131
0.5253331952944545
0.5180267871232097
0.5240241604972564
0.5223859021833641
0.514816523855713
0.5140011208523537
0.5124990343918677
0.518048322634965
0.5259301039099228
0.5232849812272176
0.5233310492818066
0.521309664369579
0.5185257945300898
0.5274000895955432
0.5129973906935722
0.5138430947138934
0.5159960491460499
0.5102833296581223
0.5167570168820484
0.5182582811297158
0.516207201995085
0.5239751398466944
0.5190680787469986
0.5082372154625684
0.5183697961825903
0.5334801029786204
0.5331016330641023
0.5271088849702359
0.5223343079129571
0.5156323768301669
0.515583170738764
0.5192480080302219
0.5105044765594098
0.5157688833255848
0.5183736418400756
0.5155629556952227
0.5175005617972729
0.5192435161644159
0.5106403615442017
0.5198691176333066
0.516322609680245
0.5222453650205303
0.5130925282729553
0.5087717057553047
0.5183381087863538
0.5127477550095373
0.5095990813006859
0.5243024027357287
0.5071213027530714
0.5117352606572173
0.5155492391955403
0.5183246323356946
0.5165417317874589
0.5263072106479146
0.5303811704575543
0.5167768010704226
0.5196510600221824
0.5196864261425896
0.5255417063336658
0.5101046493109791
0.5200252044027956
0.5257132291795279
0.5218248532204126
0.5286896852926084
0.5254589571299021
0.5202417102854279
0.5177909259210669
0.5184576718128001
0.5074662528470417
0.5210532549364313
0.5090808576459885
0.5131145361831739
0.5159749894203125
0.5140093574899737
0.5102650583410148
0.5228886029119956
0.5188679369627802
0.5060091669357645
0.5215145227907281
0.5197270038556687
0.5210458864150298
0.5043342738995303
0.5156684545800834
0.5168853898981977
0.5175460432597165
0.5094414449676983
0.5093141338596494
0.5129088032202048
0.5118255366459727
0.5142953547292718
0.5101989627034604
0.5149271233885662
0.5128691904441149
0.5194376609152966
0.5230772055975744
0.5201556817049339
0.5120684813432956
0.5190488991686455
0.5266626552128691
0.5162757246106893
0.5143654582439258
0.5195392778783932
0.5122762601278914
0.5199796276161868
0.5214282178090007
0.5149006452042871
0.5124190190565605
0.5069364883440136
0.5183806434304581
0.5168788590518936
0.517492137518057
0.5317027521645694
0.5239356066998493
0.5077448509980864
0.5170329708062202
0.5248545467012204
0.509640201194434
0.5031402317832743
0.5117190468643695
0.5126041673592543
0.5082816198014992
0.5147242221329444
0.5095117323678127
0.5096623355543173
0.513372616009144
0.5094663104003416
0.5198400135342823
0.5114212537338682
0.5093710086469354
0.5165147905808776
0.535369447317396
0.5115746256214211
0.5150000309271441
0.5129883931906358
0.5019278339378884
0.5053811210982927
0.5080287782158257
0.5060943200996845
0.5076691037661331
0.5074171873701753
0.5109529513748826
0.5089866828433871
0.5194980889699576
0.5185088778047066
0.5050097184877838
0.5211647610251351
0.5154197352688061
0.51832250763655
0.5060515072607883
0.517465675549742
0.5056889522851652
0.511579699351841
0.5148008125259306
0.5167538225299092
0.5124005448918546
0.5132892041985027
0.508585029179018
0.5145251835739721
0.516983683706988
0.5172517012488094
0.5098538324779217
0.503813583026043
0.5117868086161986
0.5072024292680474
0.5155549384206486
0.5094364936724719
0.511731822032103
0.5064076543242492
0.5112905476402426
0.5123412186320089
0.5124968974780136
0.5156331497101584
0.5054571003774768
0.5058491875363111
0.5097760843259769
0.5100294799031451
0.5244050026685939
0.5155370496020784
0.5110542609093699
0.5071724804823959
0.507619742468103
0.5066991854490068
0.5177415983568732
0.5156346001670612
0.5177797808847172
0.5160587195955175
0.5064720953974475
0.5192825930039936
0.5091000545432708
0.5128815040465302
0.5097136256138071
0.5169198081810981
0.5117663374750121
0.5245830949579952
0.5111847807563611
0.5124248065499869
0.5138986449545586
0.5095928508617523
0.504575141811508
0.5138020089196492
0.5144701523909818
0.5210828681505155
0.5098502426568798
0.5066214969843055
0.5158777750028858
0.5115483272389567
0.5197520877996745
0.5106025108616937
0.5026258424801064
0.5100308756016736
0.5001511860371265
0.5062300471412725
0.5126975287653641
0.5144257692497486
0.5184988005163811
0.5168743252800878
0.5088087189540416
0.5075325390866832
0.5129356556267824
0.5102906849203069
0.5109051550230241
0.5051917542140018
0.5072546262680646
0.5054814447910339
0.5100659768261655
0.5108005285350071
0.5183357055789474
0.504803923210992
0.5114849288802225
0.5124172048710314
0.5192427632844298
0.5103560041108687
0.5236763280703641
0.5092511537667563
0.5175614600460704
0.5163816052837303
0.5028447239907027
0.5143623594095916
0.5151777445494647
0.5074297496063234
0.5072677017500111
0.5060847436121069
0.5112293208980275
0.5065560114219576
0.5060235586721838
0.516818302004299
0.5059895885763941
0.5106153454764563
0.5109299064344609
0.5040133372678866
0.5134042171814183
0.5137672890529565
0.5143544576396448
0.5135363991564805
0.5135660913956062
0.5124099533188726
0.5022725946536295
0.5091605107802869
0.5080288681535611
0.5140756867329656
0.5169559932382298
0.5137995796181697
0.5113450253356498
0.5074754401724427
0.5074156163524673
0.5058414350235214
0.5102581821096842
0.50564131470254
0.5097662307726084
0.5105820532588325
0.512423178850658
0.5110567159074333
0.506870516289543
0.5057517593725603
0.507848561164923
0.5082045323166211
0.5047232387677444
0.5058830094276507
0.5057103832448557
0.5137093831189223
0.5148578406863575
0.5068993855426319
0.5250657328566932
0.5054722897415133
0.502060251480949
0.5035490308069009
0.5067984854195599
0.5088431521396356
0.4996257272107959
0.5007857832521869
0.5019420903960623
0.5104647210066829
0.5202609989464787
0.5140603423085264
0.5124319607884433
0.5131829802073834
0.5106706181376179
0.5084399896008889
0.5007385021547661
0.5019564355836811
0.5188731859233731
0.49734573680200617
0.5012211068072657
0.5034215015722461
0.5138484077931574
0.5115932180110447
0.5023791800413995
0.5035953393706888
0.5144711141351191
0.5028233495841575
0.5154001346858524
0.5217071886088211
0.5045191619667325
0.5001143034950775
0.5143370229760742
0.507366153131468
0.5078346757533126
0.503340780233651
0.5121533071068762
0.500990285080733
0.5102149370863456
0.49925844607167336
0.5015317449840667
0.5064400259113888
0.5043605328717461
0.5026464403770943
0.50013670758061
0.5029837224258534
0.49921021263499954
0.505633014804068
0.5134066639414211
0.512673713344712
0.49654164083758756
0.5092603397110179
0.508820674327843
0.5079234750201521
0.49826626890031456
0.5092363139605264
0.5074325414693572
0.5042513889943893
0.5111831769225116
0.5084591616813179
0.5077403626799408
0.5058038522685502
0.5012336919012791
0.5146261231891842
0.5080411070339585
0.501066980805062
0.5078711294034166
0.5038542811762647
0.5062346748033199
0.5004271933164469
0.5130814575461139
0.5018599612870126
0.49838503992634486
0.5058476546119665
0.508216334640855
0.5067369787399549
0.506147990818392
0.5045058982387522
0.5147016018835081
0.5121486129890634
0.5102402054475517
0.5091792805648714
0.5109146729954949
0.5116073455963164
0.5111108662623707
0.5041001813225264
0.52349757480049
0.5127049358937178
0.4992404149638001
0.5097036758039176
0.49957396196328335
0.5087980371336347
0.5008480380135026
0.5104107090569947
0.5013562359809162
0.5116989526890783
0.5143838492251736
0.5053636865470195
0.5114148286980006
0.510068523601535
0.5105109399041529
0.5098484659382067
0.5159983826707866
0.5022595021323254
0.499350487967431
0.497509822352445
0.5005985610736636
0.5018076113625873
0.5063914511497694
0.4965346978661873
0.5039246316803749
0.5023456670818088
0.5103725960770992
0.5099575648678389
0.5059418153390918
0.5011243143006273
0.49752317146839853
0.5126569413545428
0.5114172652775587
0.5069873197947704
0.5109992629746737
0.5138870561042819
0.5102264772568789
0.5002188385370371
0.5117704254269824
0.5090403678479928
0.4996464346288011
0.5068787979010972
0.5115445645656053
0.5013705675945795
0.5190969373199685
0.5068366753365158
0.5147204371358101
0.5184245546030853
0.503974569013004
0.5120571458883797
0.5135028757115843
0.508221453828781
0.49457438168077644
0.5055864227348241
0.5014289036222624
0.5045068295964685
0.5167429161727198
0.5054605379423838
0.5131138794300117
0.5048706749586915
0.5081960932460197
0.5025849721062376
0.4977672279749299
0.5122948188843067
0.5035495967179285
0.5300075244542347
0.5082169573388577
0.4999321215027794
0.5019095939976452
0.5098594664201003
0.5015313166395791
0.503649819657594
0.5051056022793023
0.5223801363846315
0.5031838046780135
0.5088024184346585
0.5036917107484357
0.5040149826157344
0.4948324855493248
0.4983178665886663
0.5005400568107875
0.505266389188445
0.5184813709580302
0.5071005150763004
0.5026253295359647
0.509143518781703
0.4952640676894104
0.5072699700469979
0.5084694922104738
0.5060202497212507
0.506397383966681
0.5120374935017861
0.5048993232086335
0.5034835489578169
0.5101891286849185
0.5052112330732825
0.49380592270138973
0.5062389809651622
0.5071406233505721
0.5047378354885953
0.509384547952746
0.5001639622597972
0.4972349517802528
0.5026467960449769
0.5071035388232658
0.5142917208949629
0.5009725264311361
0.5086840801653357
0.5014251242713504
0.5058438127899282
0.5007189948119157
0.5078061678170945
0.5013985794466373
0.5079097828046959
0.5046940385724425
0.49996461249460583
0.5029654160439764
0.5061418713654668
0.49946795412704803
0.5003506658805641
0.5034614501809236
0.5041008034373919
0.5058893200483956
0.5049171056697627
0.5105789119076506
0.5125207437026622
0.5253077114562592
0.5073408407385327
0.5054181677715806
0.5036526976054859
0.5036044635280947
0.5001768827359157
0.4972729267819138
0.5006374018356241
0.49854259478443425
0.5026352765891676
0.5075342892725451
0.49452184329455884
0.49987690875648744
0.5016767768114468
0.4975095498361374
0.5053358936684192
0.5013065084262631
0.5040912165142553
0.5031704623843593
0.501160755862637
0.5005036720779407
0.5109109060919746
0.49871138499616097
0.49812890421472017
0.49942557296507323
0.5017229362357715
0.5001682767953561
0.5051335335688539
0.5061314434027966
0.49814343553281065
0.49829851623109467
0.5008442661590302
0.5023384839538905
0.49999348786913406
0.49832248287549413
0.5140169842557083
0.4967449288337683
0.49606033588571713
0.49608815527786243
0.5396611971146642
0.515526685250436
0.5007249461230232
0.4970645287977623
0.5023562832076623
0.49899616385171863
0.4998246961547415
0.4968368166252273
0.4943151624868504
0.4931335239935587
0.5051858050680574
0.49926856570407424
0.5002761742024007
0.49920113598230786
0.5074736775134404
0.5095125611993514
0.5007165338674794
