0.593553309174137
0.5975586496280755
0.6024222773221438
0.6045203127980164
0.6069044440205988
0.6073812702651153
0.6073812702651153
0.6110051497234408
0.6329391569711997
0.6434293343505627
0.6550638947167652
0.6669845508296777
0.6735647530040053
0.6812893381651726
0.6780469197024604
0.6727064657638756
0.667079916078581
0.6652679763494183
0.6640282281136753
0.6599275224108335
0.6578294869349609
0.6496280755292771
0.6570665649437345
0.657543391188251
0.6602136181575434
0.6619301926378028
0.6625977493801258
0.663932862864772
0.6640282281136753
0.664886515353805
0.664886515353805
0.6667938203318711
0.6687011253099371
0.6675567423230975
0.6696547777989701
0.6716574480259393
0.6731832920083921
0.6733740225061987
0.6620255578867061
0.6747091359908449
0.6764257104711043
0.677283997711234
0.6778561892046538
0.678523745946977
0.6790959374403968
0.6796681289338166
0.680431050925043
0.6806217814228495
0.6809078771695594
0.681098607667366
0.6816707991607858
0.6819568949074957
0.6818615296585924
0.682052260156399
0.6824337211520122
0.6831966431432386
0.6841502956322716
0.6843410261300782
0.684913217623498
0.6852946786191112
0.6851039481213046
0.6852946786191112
0.6856761396147244
0.6860576006103376
0.6861529658592409
0.6864390616059508
0.6863436963570475
0.686820522601564
0.6867251573526607
0.686820522601564
0.6869158878504673
0.6870112530993706
0.6869158878504673
0.6874880793438871
0.6878695403395003
0.6881556360862102
0.6885370970818234
0.6886324623307267
0.68872782757963
0.6889185580774366
0.6893000190730498
0.6894907495708564
0.6894907495708564
0.6895861148197597
0.6901583063131794
0.6904444020598893
0.6907304978065992
0.6909212283044058
0.6911119588022124
0.6910165935533091
0.6912073240511157
0.691302689300019
0.6913980545489223
0.691302689300019
0.691302689300019
0.691302689300019
0.6913980545489223
0.6915887850467289
0.6920656112912454
0.692256341789052
0.6921609765401487
0.6920656112912454
0.6919702460423421
0.6918748807934388
0.6919702460423421
0.6923517070379553
0.6923517070379553
0.6920656112912454
0.6923517070379553
0.6923517070379553
0.6923517070379553
0.6928285332824718
0.6930192637802784
0.6927331680335685
0.6927331680335685
0.692542437535762
0.6929238985313751
0.6931146290291818
0.6930192637802784
0.6930192637802784
0.6929238985313751
0.6929238985313751
0.6929238985313751
0.6931146290291818
0.6934007247758917
0.6935914552736983
0.6937821857715049
0.6937821857715049
0.6937821857715049
0.6939729162693115
0.6939729162693115
0.6937821857715049
0.6936868205226016
0.6936868205226016
0.6938775510204082
0.6938775510204082
0.6939729162693115
0.6940682815182148
0.6940682815182148
0.693496090024795
0.6935914552736983
0.694449742513828
0.6950219340072478
0.6953080297539577
0.6953080297539577
0.6955941255006676
0.6956894907495709
0.6956894907495709
0.6955941255006676
0.6953080297539577
0.695403395002861
0.6952126645050544
0.6952126645050544
0.6947358382605379
0.6951172992561511
0.6946404730116346
0.6943543772649247
0.6946404730116346
0.6954987602517643
0.6964524127407973
0.6954987602517643
0.695403395002861
0.6958802212473775
0.6959755864962808
0.6956894907495709
0.6958802212473775
0.6956894907495709
0.6958802212473775
0.6959755864962808
0.6959755864962808
0.6960709517451841
0.6961663169940874
0.6961663169940874
0.6961663169940874
0.6961663169940874
0.6960709517451841
0.6960709517451841
0.6960709517451841
0.6962616822429907
0.6965477779897006
0.6964524127407973
0.6967385084875072
0.6975967957276369
0.6975014304787336
0.6978828914743468
0.6979782567232501
0.6979782567232501
0.6979782567232501
0.69826435246996
0.6978828914743468
0.6977875262254435
0.6976921609765402
0.6975967957276369
0.6976921609765402
0.6976921609765402
0.6979782567232501
0.6977875262254435
0.6980736219721534
0.69826435246996
0.6985504482166699
0.6983597177188633
0.69826435246996
0.6983597177188633
0.69826435246996
0.6984550829677666
0.6983597177188633
0.6981689872210567
0.6983597177188633
0.69826435246996
0.6981689872210567
0.6983597177188633
0.69826435246996
0.69826435246996
0.69826435246996
0.69826435246996
0.6980736219721534
0.6981689872210567
0.6983597177188633
0.6983597177188633
0.6984550829677666
0.6984550829677666
0.6983597177188633
0.69826435246996
0.6983597177188633
0.6988365439633798
0.6988365439633798
0.6989319092122831
0.6991226397100896
0.6992180049589929
0.6991226397100896
0.6992180049589929
0.6993133702078962
0.6994087354567995
0.6994087354567995
0.6996948312035094
0.6997901964524127
0.6999809269502193
0.699885561701316
0.6999809269502193
0.7000762921991226
0.7001716574480259
0.7000762921991226
0.7001716574480259
0.7000762921991226
0.7000762921991226
0.7001716574480259
0.7001716574480259
0.7001716574480259
0.6999809269502193
0.7002670226969292
0.7001716574480259
0.6999809269502193
0.6996948312035094
0.6995994659546061
0.6994087354567995
0.6994087354567995
0.6996948312035094
0.6996948312035094
0.6997901964524127
0.699885561701316
0.6999809269502193
0.6999809269502193
0.699885561701316
0.6999809269502193
0.6999809269502193
0.6999809269502193
0.7004577531947358
0.7006484836925424
0.7007438489414457
0.700839214190349
0.7007438489414457
0.700839214190349
0.7007438489414457
0.7004577531947358
0.7006484836925424
0.6995994659546061
0.7002670226969292
0.7005531184436391
0.7003623879458325
0.7000762921991226
0.7002670226969292
0.7002670226969292
0.7002670226969292
0.6997901964524127
0.6999809269502193
0.6999809269502193
0.699885561701316
0.6999809269502193
0.7001716574480259
0.6999809269502193
0.6996948312035094
0.699885561701316
0.6999809269502193
0.6999809269502193
0.6997901964524127
0.6987411787144765
0.6991226397100896
0.6995041007057028
0.6986458134655732
0.69826435246996
0.6984550829677666
0.6986458134655732
0.6984550829677666
0.6984550829677666
0.6983597177188633
0.69826435246996
0.6983597177188633
0.6983597177188633
0.6986458134655732
0.6987411787144765
0.6987411787144765
0.6984550829677666
0.6985504482166699
0.6984550829677666
0.6984550829677666
0.6983597177188633
0.6983597177188633
0.6981689872210567
0.6977875262254435
0.6981689872210567
0.6980736219721534
0.6980736219721534
0.6980736219721534
0.6976921609765402
0.6978828914743468
0.6977875262254435
0.6975967957276369
0.6975014304787336
0.6975014304787336
0.6975014304787336
0.6975014304787336
0.6975967957276369
0.697310699980927
0.6970246042342171
0.6968338737364105
0.6971199694831204
0.6975967957276369
0.6977875262254435
0.6974060652298303
0.6971199694831204
0.6975967957276369
0.6972153347320237
0.6970246042342171
0.6977875262254435
0.6974060652298303
0.6981689872210567
0.6975967957276369
0.6983597177188633
0.6976921609765402
0.6976921609765402
0.6980736219721534
0.6978828914743468
0.6979782567232501
0.6980736219721534
0.6983597177188633
0.6995041007057028
0.6985504482166699
0.6986458134655732
0.6989319092122831
0.6989319092122831
0.6987411787144765
0.6996948312035094
0.6990272744611864
0.6992180049589929
0.6992180049589929
0.6994087354567995
0.6992180049589929
0.6990272744611864
0.6991226397100896
0.6997901964524127
0.6999809269502193
0.7001716574480259
0.7000762921991226
0.6997901964524127
0.6999809269502193
0.700839214190349
0.7010299446881556
0.7000762921991226
0.7013160404348655
0.7001716574480259
0.6999809269502193
0.7005531184436391
0.7000762921991226
0.7010299446881556
0.7016975014304787
0.7012206751859622
0.7014114056837688
0.7016021361815754
0.7029372496662216
0.7018882319282853
0.7021743276749952
0.7018882319282853
0.7021743276749952
0.7024604234217051
0.7018882319282853
0.7024604234217051
0.7020789624260919
0.7025557886706084
0.7024604234217051
0.7018882319282853
0.7028418844173183
0.7031279801640282
0.7030326149151249
0.7033187106618348
0.7035094411596414
0.7035094411596414
0.7034140759107381
0.7036048064085447
0.703700171657448
0.7038909021552546
0.7038909021552546
0.7043677283997711
0.7043677283997711
0.7045584588975777
0.7047491893953843
0.7047491893953843
0.7053213808888041
0.7057982071333206
0.7040816326530612
0.7057982071333206
0.7057028418844173
0.7054167461377074
0.7057982071333206
0.7060843028800305
0.7061796681289338
0.7044630936486744
0.7041769979019645
0.7045584588975777
0.7043677283997711
0.7077055121113867
0.7051306503909975
0.705607476635514
0.7057028418844173
0.7064657638756437
0.708468434102613
0.706847224871257
0.7080869731069999
0.708468434102613
0.70780087736029
0.7079916078580966
0.7081823383559032
0.7082777036048065
0.7079916078580966
0.7080869731069999
0.7071333206179669
0.7082777036048065
0.7078962426091933
0.7081823383559032
0.7079916078580966
0.7081823383559032
0.708468434102613
0.7088498950982262
0.7075147816135801
0.7089452603471295
0.7090406255960328
0.7097081823383559
0.7085637993515163
0.7097081823383559
0.7097081823383559
0.7098989128361625
0.7095174518405493
0.7093267213427427
0.7092313560938394
0.7090406255960328
0.7088498950982262
0.7091359908449361
0.7093267213427427
0.709422086591646
0.7095174518405493
0.7104711043295823
0.7100896433339691
0.7100896433339691
0.7096128170894526
0.7093267213427427
0.7092313560938394
0.7093267213427427
0.709422086591646
0.7093267213427427
0.7093267213427427
0.7098035475872592
0.7098035475872592
0.709422086591646
0.7102803738317757
0.7100896433339691
0.709422086591646
0.7099942780850658
0.7107572000762922
0.7096128170894526
0.710375739080679
0.7104711043295823
0.7100896433339691
0.7099942780850658
0.7116154873164219
0.7104711043295823
0.711329391569712
0.7104711043295823
0.7110432958230021
0.7107572000762922
0.7107572000762922
0.7116154873164219
0.7124737745565516
0.7107572000762922
0.7110432958230021
0.7109479305740988
0.7112340263208087
0.7124737745565516
0.7110432958230021
0.7116154873164219
0.7121876788098417
0.7115201220675186
0.7120923135609384
0.7124737745565516
0.7123784093076483
0.7123784093076483
0.7110432958230021
0.7120923135609384
0.7120923135609384
0.7135227922944879
0.711329391569712
0.7119969483120351
0.7126645050543582
0.7129506008010681
0.7116154873164219
0.7126645050543582
0.7118062178142285
0.7128552355521648
0.7129506008010681
0.7134274270455846
0.7185771504863627
0.7169559412550067
0.7169559412550067
0.7171466717528133
0.7169559412550067
0.7163837497615869
0.7171466717528133
0.7176234979973297
0.7182910547396528
0.718672515735266
0.7189586114819759
0.7192447072286858
0.719626168224299
0.7201983597177188
0.7206751859622353
0.7211520122067518
0.721533473202365
0.7222963951935915
0.7226778561892047
0.7231546824337212
0.7229639519359146
0.722773221438108
0.7229639519359146
0.7235361434293344
0.7225824909403014
0.7233454129315278
0.723726873927141
0.7238222391760443
0.7248712569139806
0.7253480831584971
0.724680526416174
0.7245851611672707
0.7257295441541103
0.7257295441541103
0.7257295441541103
0.7257295441541103
0.725634178905207
0.725634178905207
0.7257295441541103
0.7257295441541103
0.7260156399008202
0.7259202746519169
0.7259202746519169
0.7257295441541103
0.7257295441541103
0.7255388136563037
0.7255388136563037
0.7260156399008202
0.7259202746519169
0.7257295441541103
0.7259202746519169
0.7259202746519169
0.7259202746519169
0.7255388136563037
0.725634178905207
0.7254434484074004
0.7255388136563037
0.7255388136563037
0.7253480831584971
0.7252527179095938
0.7251573526606905
0.7245851611672707
0.7242990654205608
0.7241083349227542
0.7238222391760443
0.7240129696738509
0.7235361434293344
0.7236315086782377
0.7233454129315278
0.7229639519359146
0.7221056646957849
0.7216288384512684
0.7216288384512684
0.7216288384512684
0.721819568949075
0.7219149341979783
0.7219149341979783
0.7221056646957849
0.7224871256913981
0.7224871256913981
0.7224871256913981
0.7224871256913981
0.7222963951935915
0.7222963951935915
0.7224871256913981
0.7222963951935915
0.7221056646957849
0.7222010299446882
0.7226778561892047
0.7230593171848179
0.7232500476826245
0.7232500476826245
0.7233454129315278
0.7228685866870113
0.7226778561892047
0.7224871256913981
0.7223917604424948
0.7223917604424948
0.7214381079534617
0.7207705512111386
0.7217242037001717
0.7212473774556551
0.7213427427045584
0.7213427427045584
0.7211520122067518
0.7213427427045584
0.721533473202365
0.7214381079534617
0.7244897959183674
0.7228685866870113
0.7213427427045584
0.7243944306694641
0.7224871256913981
0.7214381079534617
0.7212473774556551
0.7211520122067518
0.7209612817089452
0.7208659164600419
0.7210566469578485
0.7210566469578485
0.7211520122067518
0.7212473774556551
0.7214381079534617
0.7220102994468816
0.7223917604424948
0.7222963951935915
0.7223917604424948
0.7230593171848179
0.7233454129315278
0.7234407781804311
0.723726873927141
0.7241083349227542
0.7230593171848179
0.722773221438108
0.7241083349227542
0.7243944306694641
0.724680526416174
0.7247758916650773
0.7251573526606905
0.7253480831584971
0.7258249094030136
0.7258249094030136
0.7262063703986268
0.7226778561892047
0.7243944306694641
0.7228685866870113
0.7231546824337212
0.7230593171848179
0.7260156399008202
0.727255388136563
0.7236315086782377
0.725634178905207
0.7288765973679191
0.7283997711234026
0.7288765973679191
0.7290673278657257
0.7290673278657257
0.7287812321190158
0.7286858668701125
0.7287812321190158
0.728209040625596
0.7281136753766927
0.7268739271409498
0.7224871256913981
0.7251573526606905
0.7263971008964334
0.7239176044249476
0.7257295441541103
0.7253480831584971
0.7263017356475301
0.7266831966431433
0.7268739271409498
0.7266831966431433
0.72658783139424
0.7269692923898531
0.7275414838832729
0.7276368491321762
0.7263971008964334
0.7260156399008202
0.7267785618920466
0.7277322143810795
0.7253480831584971
0.7274461186343696
0.7261110051497235
0.7273507533854663
0.7273507533854663
0.7274461186343696
0.7283997711234026
0.7275414838832729
0.7275414838832729
0.7259202746519169
0.7249666221628839
0.7263971008964334
0.7245851611672707
0.7258249094030136
0.7257295441541103
0.7240129696738509
0.7212473774556551
0.7236315086782377
0.7209612817089452
0.7214381079534617
0.7211520122067518
0.7201029944688155
0.721533473202365
0.7203890902155254
0.7202937249666221
0.7202937249666221
0.721533473202365
0.7200076292199122
0.7219149341979783
0.7221056646957849
0.7214381079534617
0.7203890902155254
0.7208659164600419
0.7201029944688155
0.7212473774556551
0.7225824909403014
0.7208659164600419
0.7199122639710089
0.7192447072286858
0.7185771504863627
0.7184817852374594
0.7183864199885561
0.718672515735266
0.7183864199885561
0.717718863246233
0.7173374022506199
0.7173374022506199
0.7173374022506199
0.7174327674995232
0.7173374022506199
0.7172420370017166
0.7167652107572001
0.7169559412550067
0.7161930192637803
0.7168605760061034
0.7164791150104902
0.7162883845126836
0.7168605760061034
0.7164791150104902
0.7162883845126836
0.7159069235170704
0.7152393667747473
0.7164791150104902
0.7158115582681671
0.7164791150104902
0.7166698455082968
0.7171466717528133
0.7167652107572001
0.7169559412550067
0.71705130650391
0.71705130650391
0.7168605760061034
0.71705130650391
0.7167652107572001
0.7169559412550067
0.7168605760061034
0.7167652107572001
0.7171466717528133
0.7157161930192638
0.7158115582681671
0.7159069235170704
0.7155254625214572
0.7153347320236506
0.7146671752813275
0.7146671752813275
0.7146671752813275
0.7146671752813275
0.7140949837879077
0.7139996185390044
0.7137135227922945
0.7133320617966813
0.7136181575433912
0.714190349036811
0.7143810795346176
0.7135227922944879
0.713236696547778
0.7144764447835209
0.7153347320236506
0.7146671752813275
0.7145718100324242
0.7147625405302308
0.7152393667747473
0.7148579057791341
0.7148579057791341
0.7150486362769407
0.7147625405302308
0.7133320617966813
0.713236696547778
0.7109479305740988
0.711329391569712
0.7074194163646768
0.7055121113866107
0.7040816326530612
0.7033187106618348
0.7034140759107381
0.7037955369063513
0.7036048064085447
0.7037955369063513
0.7040816326530612
0.7049399198931909
0.7116154873164219
0.7106618348273889
0.7110432958230021
0.7104711043295823
0.7114247568186153
0.7114247568186153
0.7121876788098417
0.7101850085828724
0.7097081823383559
0.7090406255960328
0.7095174518405493
0.7098035475872592
0.7097081823383559
0.709422086591646
0.7093267213427427
0.7091359908449361
0.7092313560938394
0.7093267213427427
0.7090406255960328
0.7088498950982262
0.7085637993515163
0.7087545298493229
0.7091359908449361
0.7093267213427427
0.7093267213427427
0.7090406255960328
0.7114247568186153
0.7104711043295823
0.7089452603471295
0.7088498950982262
0.7090406255960328
0.7116154873164219
0.7111386610719054
0.7114247568186153
0.7112340263208087
0.7117108525653252
0.7125691398054549
0.7092313560938394
0.7137135227922945
0.7145718100324242
0.7089452603471295
0.7128552355521648
0.7129506008010681
0.711329391569712
0.7127598703032615
0.7136181575433912
0.7117108525653252
0.711329391569712
0.7115201220675186
0.7119969483120351
0.7119969483120351
0.7121876788098417
0.7120923135609384
0.7121876788098417
0.7112340263208087
0.7114247568186153
0.7119015830631318
0.7117108525653252
0.7119015830631318
0.7119015830631318
0.7117108525653252
0.7119969483120351
0.7119015830631318
0.7119969483120351
0.712283044058745
0.712283044058745
0.7124737745565516
0.7130459660499714
0.711329391569712
0.7118062178142285
0.7127598703032615
0.7121876788098417
0.7123784093076483
0.7118062178142285
0.7119015830631318
0.7119015830631318
0.7121876788098417
0.7121876788098417
0.7127598703032615
0.7131413312988747
0.7139042532901011
0.7125691398054549
0.7138088880411978
0.7120923135609384
0.713236696547778
0.7127598703032615
0.7130459660499714
0.713236696547778
0.7134274270455846
0.713236696547778
0.7119969483120351
0.7148579057791341
0.7137135227922945
0.7135227922944879
0.7124737745565516
0.7134274270455846
0.7119015830631318
0.7130459660499714
0.7144764447835209
0.7140949837879077
0.714190349036811
0.7127598703032615
0.7139042532901011
0.712283044058745
0.7135227922944879
0.713236696547778
0.7140949837879077
0.7138088880411978
0.7143810795346176
0.714190349036811
0.7148579057791341
0.7149532710280374
0.7138088880411978
0.7146671752813275
0.7139042532901011
0.7149532710280374
0.7137135227922945
0.7149532710280374
0.7139996185390044
0.7147625405302308
0.7140949837879077
0.715144001525844
0.7137135227922945
0.7148579057791341
0.7140949837879077
0.715144001525844
0.7139042532901011
0.715144001525844
0.7145718100324242
0.7152393667747473
0.7146671752813275
0.7152393667747473
0.7146671752813275
0.7150486362769407
0.7145718100324242
0.7150486362769407
0.7144764447835209
0.715144001525844
0.7154300972725539
0.7153347320236506
0.7152393667747473
0.7154300972725539
0.7153347320236506
0.715144001525844
0.7152393667747473
0.7154300972725539
0.7153347320236506
0.7154300972725539
0.7154300972725539
0.7154300972725539
0.7155254625214572
0.7155254625214572
0.7154300972725539
0.7153347320236506
0.7153347320236506
0.7156208277703605
0.7154300972725539
0.7156208277703605
0.7155254625214572
0.7157161930192638
0.7158115582681671
0.7154300972725539
0.7156208277703605
0.7156208277703605
0.7153347320236506
0.7152393667747473
0.7155254625214572
0.7155254625214572
0.7158115582681671
0.7159069235170704
0.7159069235170704
