0.6326530612244898
0.6380888804119779
0.6538241464810223
0.6449551783330154
0.6602136181575434
0.691302689300019
0.7020789624260919
0.7083730688537097
0.7156208277703605
0.7223917604424948
0.7292580583635323
0.734884608048827
0.7398436009917986
0.7432767499523174
0.7490940301354186
0.7598703032614915
0.7658783139423994
0.7653061224489796
0.7699790196452413
0.7694068281518215
0.7733168033568567
0.7729353423612436
0.7737936296013732
0.7718863246233073
0.7776082395575052
0.779420179286668
0.7797062750333779
0.7815182147625406
0.7836162502384131
0.7860003814609956
0.783902345985123
0.7933435056265496
0.7958230020980355
0.7977303070761015
0.7999237078008774
0.7981117680717147
0.7967766545870685
0.7996376120541675
0.7986839595651345
0.7988746900629411
0.8010680907877169
0.8034522220102994
0.8028800305168796
0.8008773602899104
0.8027846652679763
0.8012588212855235
0.8030707610146862
0.8013541865344268
0.8014495517833301
0.802689300019073
0.8084112149532711
0.8069807362197216
0.8064085447263017
0.8060270837306885
0.8080297539576579
0.8095555979401107
0.8113675376692733
0.8114629029181766
0.8113675376692733
0.8136563036429525
0.8113675376692733
0.8117489986648865
0.8127026511539195
0.81127217242037
0.8157543391188251
0.8136563036429525
0.8114629029181766
0.813179477398436
0.814133129887469
0.8127026511539195
0.8152775128743086
0.8123211901583063
0.8082204844554645
0.81127217242037
0.8117489986648865
0.8170894526034713
0.8133702078962426
0.8099370589357239
0.8101277894335305
0.8111768071714667
0.8098416936868206
0.8088880411977876
0.8161358001144383
0.8159450696166317
0.8140377646385657
0.8108907114247568
0.8125119206561129
0.8110814419225634
0.8085065802021744
0.8145145908830822
0.8151821476254053
0.8165172611100515
0.8165172611100515
0.8157543391188251
0.8159450696166317
0.8183292008392142
0.8167079916078581
0.8166126263589548
0.8191874880793439
0.8168033568567614
0.8168033568567614
0.8159450696166317
0.8161358001144383
0.8149914171275987
0.8174709135990845
0.8102231546824337
0.8170894526034713
0.82052260156399
0.8123211901583063
0.8158497043677284
0.818901392332634
0.8201411405683768
0.8180431050925043
0.8165172611100515
0.814133129887469
0.813179477398436
0.8165172611100515
0.8168033568567614
0.8162311653633416
0.8188060270837307
0.8178523745946977
0.8166126263589548
0.8190921228304406
0.8146099561319855
0.8176616440968911
0.8157543391188251
0.8204272363150867
0.8181384703414076
0.8201411405683768
0.8199504100705702
0.8174709135990845
0.8190921228304406
0.8182338355903109
0.8198550448216669
0.8197596795727636
0.8184245660881175
0.8182338355903109
0.8186152965859241
0.8161358001144383
0.8164218958611482
0.8186152965859241
0.8145145908830822
0.8165172611100515
0.8165172611100515
0.817947739843601
0.8175662788479878
0.8182338355903109
0.8183292008392142
0.8135609383940492
0.8170894526034713
0.8181384703414076
0.8173755483501812
0.8192828533282472
0.8190921228304406
0.8178523745946977
0.8175662788479878
0.8159450696166317
0.819568949074957
0.8196643143238603
0.818901392332634
0.8157543391188251
0.8187106618348274
0.8170894526034713
0.8166126263589548
0.8180431050925043
0.82052260156399
0.8200457753194735
0.8203318710661834
0.817947739843601
0.8191874880793439
0.8193782185771505
0.8193782185771505
0.8161358001144383
0.8175662788479878
0.8191874880793439
0.8191874880793439
0.8186152965859241
0.8198550448216669
0.8168033568567614
0.8189967575815373
0.8191874880793439
0.816994087354568
0.8171848178523746
0.8176616440968911
0.8191874880793439
0.8187106618348274
0.8173755483501812
0.8177570093457944
0.8168987221056647
0.8186152965859241
0.818901392332634
0.8182338355903109
0.8190921228304406
0.8143238603852756
0.8193782185771505
0.8176616440968911
0.8196643143238603
0.8200457753194735
0.8198550448216669
0.819568949074957
0.8208086973106999
0.8199504100705702
0.8220484455464429
0.8190921228304406
0.8204272363150867
0.8188060270837307
0.8170894526034713
0.8201411405683768
0.8204272363150867
0.8167079916078581
0.8197596795727636
0.8200457753194735
0.8208086973106999
0.8192828533282472
0.8204272363150867
0.8219530802975396
0.8193782185771505
0.8210947930574098
0.82052260156399
0.8204272363150867
0.8194735838260537
0.8180431050925043
0.8189967575815373
0.8151821476254053
0.8192828533282472
0.819568949074957
0.8192828533282472
0.8177570093457944
0.8188060270837307
0.8198550448216669
0.8173755483501812
0.8181384703414076
0.8209040625596032
0.8210947930574098
0.8210947930574098
0.8215716193019263
0.8220484455464429
0.8216669845508296
0.8251954987602518
0.8253862292580584
0.8254815945069617
0.8263398817470914
0.8276749952317376
0.8250047682624452
0.8278657257295442
0.8276749952317376
0.8278657257295442
0.827484264733931
0.8269120732405112
0.8269120732405112
0.8250047682624452
0.8269120732405112
0.8282471867251574
0.8268167079916079
0.826530612244898
0.8272935342361244
0.8258630555025749
0.8264352469959947
0.8270074384894145
0.8277703604806409
0.8271028037383178
0.8281518214762541
0.8283425519740607
0.8289147434674804
0.8287240129696738
0.8256723250047683
0.827484264733931
0.8278657257295442
0.8287240129696738
0.8247186725157353
0.826530612244898
0.8287240129696738
0.8286286477207706
0.828437917222964
0.8282471867251574
0.828437917222964
0.8277703604806409
0.8292962044630936
0.8313942399389662
0.8293915697119969
0.8308220484455464
0.8286286477207706
0.8301544917032233
0.8292962044630936
0.8308220484455464
0.8298683959565134
0.8304405874499332
0.8275796299828343
0.8299637612054167
0.8309174136944497
0.8286286477207706
0.8298683959565134
0.8292008392141903
0.8292008392141903
0.8292962044630936
0.8301544917032233
0.8288193782185771
0.83005912645432
0.8312035094411596
0.8294869349609002
0.8308220484455464
0.8305359526988365
0.831012778943353
0.8289147434674804
0.8304405874499332
0.8312988746900629
0.8301544917032233
0.8312035094411596
0.8316803356856761
0.8308220484455464
0.8322525271790959
0.8299637612054167
0.8295823002098035
0.8296776654587068
0.8312035094411596
0.8307266831966431
0.8304405874499332
0.8312988746900629
0.8314896051878695
0.8322525271790959
0.8301544917032233
0.8312988746900629
0.8312988746900629
0.8303452222010299
0.8304405874499332
0.8320617966812893
0.8315849704367728
0.8305359526988365
0.83005912645432
0.8316803356856761
0.8292962044630936
0.8283425519740607
0.8298683959565134
0.8305359526988365
0.8315849704367728
0.831966431432386
0.831966431432386
0.8317757009345794
0.8330154491703223
0.8323478924279992
0.8320617966812893
0.8311081441922563
0.8327293534236124
0.8302498569521266
0.8276749952317376
0.8295823002098035
0.8321571619301926
0.829105473965287
0.8312035094411596
0.8322525271790959
0.8314896051878695
0.8337783711615487
0.8308220484455464
0.8324432576769025
0.8320617966812893
0.8327293534236124
0.8322525271790959
0.8313942399389662
0.8314896051878695
0.8322525271790959
0.8312988746900629
0.8304405874499332
0.8295823002098035
0.8312035094411596
0.8328247186725157
0.8311081441922563
0.8303452222010299
0.8303452222010299
0.8340644669082586
0.8309174136944497
0.8325386229258058
0.8326339881747091
0.8328247186725157
0.8325386229258058
0.8320617966812893
0.8333015449170322
0.8344459279038718
0.8318710661834827
0.8306313179477398
0.8340644669082586
0.8308220484455464
0.8330154491703223
0.8318710661834827
0.8307266831966431
0.8318710661834827
0.8336830059126454
0.8316803356856761
0.8295823002098035
0.8294869349609002
0.8306313179477398
0.8346366584016784
0.8333015449170322
0.8342551974060652
0.8343505626549685
0.832920083921419
0.8333969101659355
0.8331108144192256
0.8343505626549685
0.8355903108907115
0.8325386229258058
0.8349227541483883
0.8342551974060652
0.8306313179477398
0.8309174136944497
0.8308220484455464
0.8336830059126454
0.8320617966812893
0.83005912645432
0.8312035094411596
0.8322525271790959
0.8332061796681289
0.831012778943353
0.8317757009345794
0.8325386229258058
0.8288193782185771
0.8327293534236124
0.8311081441922563
0.8304405874499332
0.8322525271790959
0.8322525271790959
0.8309174136944497
0.8314896051878695
0.8301544917032233
0.8308220484455464
0.8275796299828343
0.8293915697119969
0.8333015449170322
0.8333969101659355
0.8326339881747091
0.8309174136944497
0.8333015449170322
0.8307266831966431
0.8312035094411596
0.831012778943353
0.8294869349609002
0.8296776654587068
0.8307266831966431
0.8315849704367728
0.8302498569521266
0.8320617966812893
0.8327293534236124
0.8294869349609002
0.829105473965287
0.8296776654587068
0.831012778943353
0.8350181193972916
0.8345412931527751
0.8328247186725157
0.8311081441922563
0.8312035094411596
0.8295823002098035
0.8308220484455464
0.8311081441922563
0.8299637612054167
0.8345412931527751
0.8341598321571619
0.8350181193972916
0.8323478924279992
0.831012778943353
0.8320617966812893
0.8318710661834827
0.8301544917032233
0.8312988746900629
0.8303452222010299
0.8343505626549685
0.8333969101659355
0.8331108144192256
0.8336830059126454
0.8324432576769025
0.8312988746900629
0.8341598321571619
0.8314896051878695
0.8328247186725157
0.8361625023841313
0.8324432576769025
0.8286286477207706
0.8288193782185771
0.8305359526988365
0.8312035094411596
0.8323478924279992
0.832920083921419
0.8326339881747091
0.8346366584016784
0.8327293534236124
0.8326339881747091
0.8320617966812893
0.8334922754148388
0.8321571619301926
0.8340644669082586
0.8316803356856761
0.8330154491703223
0.8317757009345794
0.8342551974060652
0.8353995803929049
0.8325386229258058
0.8342551974060652
0.835781041388518
0.8305359526988365
0.8369254243753577
0.8340644669082586
0.8335876406637421
0.8326339881747091
0.8333969101659355
0.8312988746900629
0.8298683959565134
0.831966431432386
0.8323478924279992
0.8327293534236124
0.8306313179477398
0.836067137135228
0.8318710661834827
0.8306313179477398
0.8320617966812893
0.8286286477207706
0.8314896051878695
0.8318710661834827
0.8333015449170322
0.8314896051878695
0.8359717718863247
0.8317757009345794
0.8372115201220676
0.8352088498950982
0.8335876406637421
0.8332061796681289
0.8347320236505817
0.832920083921419
0.8331108144192256
0.8382605378600038
0.8318710661834827
0.8337783711615487
0.831966431432386
0.8377837116154874
0.8340644669082586
0.8343505626549685
0.8333969101659355
0.8349227541483883
0.8356856761396148
0.835113484646195
0.8354949456418082
0.8337783711615487
0.836067137135228
0.8345412931527751
0.8349227541483883
0.8331108144192256
0.8312035094411596
0.8332061796681289
0.835113484646195
0.8335876406637421
0.8304405874499332
0.8336830059126454
0.8345412931527751
0.8321571619301926
0.8339691016593553
0.8326339881747091
0.8318710661834827
0.833873736410452
0.8346366584016784
0.8371161548731643
0.8333969101659355
0.8334922754148388
0.8325386229258058
0.8275796299828343
0.8296776654587068
0.836067137135228
0.8340644669082586
0.8309174136944497
0.8353042151440015
0.838641998855617
0.8359717718863247
0.8367346938775511
0.8366393286286478
0.833873736410452
0.8364485981308412
0.8358764066374214
0.8334922754148388
0.834827388899485
0.8339691016593553
0.8353995803929049
0.8361625023841313
0.8339691016593553
0.8277703604806409
0.833873736410452
0.8342551974060652
0.8346366584016784
0.8385466336067137
0.8367346938775511
0.8355903108907115
0.8363532328819379
0.835781041388518
0.8366393286286478
0.8350181193972916
0.8364485981308412
0.8318710661834827
0.8324432576769025
0.837020789624261
0.8318710661834827
0.8328247186725157
0.8316803356856761
0.8359717718863247
0.8330154491703223
0.8372115201220676
0.834827388899485
0.8333969101659355
0.8326339881747091
0.833873736410452
0.8349227541483883
0.8358764066374214
0.8337783711615487
0.8321571619301926
0.8340644669082586
0.8349227541483883
0.8378790768643907
0.834827388899485
0.8354949456418082
0.8327293534236124
0.834827388899485
0.8350181193972916
0.8356856761396148
0.8353042151440015
0.8331108144192256
0.8342551974060652
0.8333015449170322
0.835781041388518
0.8358764066374214
0.8340644669082586
0.835781041388518
0.8301544917032233
0.8336830059126454
0.8341598321571619
0.8353995803929049
0.8356856761396148
0.836067137135228
0.8328247186725157
0.8340644669082586
0.8322525271790959
0.8327293534236124
0.8365439633797445
0.832920083921419
0.8356856761396148
0.8333969101659355
0.8331108144192256
0.8323478924279992
0.8335876406637421
0.8304405874499332
0.8341598321571619
0.8336830059126454
0.8335876406637421
0.8346366584016784
0.8368300591264544
0.8337783711615487
0.8346366584016784
0.8323478924279992
0.8347320236505817
0.8364485981308412
0.833873736410452
0.8346366584016784
0.8326339881747091
0.8331108144192256
0.8385466336067137
0.834827388899485
0.8388327293534236
0.8362578676330346
0.8339691016593553
0.8337783711615487
0.8332061796681289
0.8333969101659355
0.8342551974060652
0.8358764066374214
0.8356856761396148
0.8342551974060652
0.834827388899485
0.8365439633797445
0.8361625023841313
0.8369254243753577
0.8359717718863247
0.8340644669082586
0.8312988746900629
0.8362578676330346
0.8339691016593553
0.8333969101659355
0.8325386229258058
0.8334922754148388
0.8299637612054167
0.8343505626549685
0.8322525271790959
0.8332061796681289
0.8378790768643907
0.832920083921419
0.8327293534236124
0.834827388899485
0.8353995803929049
0.8353042151440015
0.8350181193972916
0.8359717718863247
0.8355903108907115
0.8323478924279992
0.8364485981308412
0.8343505626549685
0.8362578676330346
0.8366393286286478
0.835113484646195
0.8326339881747091
0.834827388899485
0.8349227541483883
0.832920083921419
0.8333015449170322
0.8361625023841313
0.8350181193972916
0.835113484646195
0.8344459279038718
0.831966431432386
0.8334922754148388
0.8354949456418082
0.8365439633797445
0.8374022506198742
0.8376883463665841
0.8355903108907115
0.8354949456418082
0.8326339881747091
0.8355903108907115
0.8345412931527751
0.8354949456418082
0.835781041388518
0.8359717718863247
0.834827388899485
0.835113484646195
0.8358764066374214
0.8353042151440015
0.8353995803929049
0.8330154491703223
0.8333969101659355
0.8376883463665841
0.8318710661834827
0.8374022506198742
0.8381651726111005
0.8379744421132939
0.8363532328819379
0.8346366584016784
0.8388327293534236
0.8381651726111005
0.8371161548731643
0.8341598321571619
0.8314896051878695
0.8331108144192256
0.8340644669082586
0.8349227541483883
0.8354949456418082
0.8362578676330346
0.8380698073621972
0.8373068853709709
0.833873736410452
0.8398817470913599
0.8384512683578104
0.8361625023841313
0.8347320236505817
0.8336830059126454
0.838641998855617
0.8366393286286478
0.8345412931527751
0.8373068853709709
0.8342551974060652
0.8326339881747091
0.8361625023841313
0.8383559031089071
0.8335876406637421
0.8359717718863247
0.8352088498950982
0.8380698073621972
0.8337783711615487
0.8364485981308412
0.8355903108907115
0.8387373641045203
0.838641998855617
0.8368300591264544
0.838641998855617
0.8371161548731643
0.8388327293534236
0.8383559031089071
0.8378790768643907
0.837020789624261
0.8359717718863247
0.834827388899485
0.8399771123402632
0.836067137135228
0.8353042151440015
0.8347320236505817
0.837020789624261
0.8352088498950982
0.8352088498950982
0.8368300591264544
0.8344459279038718
0.8361625023841313
0.8366393286286478
0.8374022506198742
0.8382605378600038
0.834827388899485
0.8349227541483883
0.8372115201220676
0.8354949456418082
0.8366393286286478
0.8358764066374214
0.8383559031089071
0.8340644669082586
0.838641998855617
0.8394049208468434
0.8364485981308412
0.835113484646195
0.8354949456418082
0.8349227541483883
0.8367346938775511
0.8341598321571619
0.8341598321571619
0.8344459279038718
0.834827388899485
0.8340644669082586
0.834827388899485
0.8354949456418082
0.8390234598512302
0.8309174136944497
0.835781041388518
0.8393095555979401
0.8363532328819379
0.8397863818424566
0.8368300591264544
0.8377837116154874
0.835113484646195
0.8385466336067137
0.8333015449170322
0.8334922754148388
0.837020789624261
0.8343505626549685
0.8345412931527751
0.8349227541483883
0.8362578676330346
0.8341598321571619
0.8390234598512302
0.8398817470913599
0.8398817470913599
0.838641998855617
0.8379744421132939
0.8369254243753577
0.8388327293534236
0.835781041388518
0.837020789624261
0.833873736410452
0.8342551974060652
0.8365439633797445
0.8364485981308412
0.8382605378600038
0.8346366584016784
0.8346366584016784
0.8352088498950982
0.8352088498950982
0.833873736410452
0.8354949456418082
0.8389280946023269
0.8331108144192256
0.8353042151440015
0.8376883463665841
0.8352088498950982
0.8366393286286478
0.8393095555979401
0.832920083921419
0.8369254243753577
0.8344459279038718
0.8346366584016784
0.8369254243753577
0.8341598321571619
0.8356856761396148
0.8369254243753577
0.8414075910738127
0.8363532328819379
0.8371161548731643
0.8361625023841313
0.8355903108907115
0.8367346938775511
0.8371161548731643
0.8382605378600038
0.8374022506198742
0.8393095555979401
0.8396910165935533
0.8342551974060652
0.8372115201220676
0.8308220484455464
0.8366393286286478
0.8393095555979401
0.8378790768643907
0.8347320236505817
0.8368300591264544
0.8359717718863247
0.8362578676330346
0.8321571619301926
0.8381651726111005
0.8367346938775511
0.8367346938775511
0.8369254243753577
0.840549303833683
0.8383559031089071
0.8388327293534236
0.8356856761396148
0.8333015449170322
0.8347320236505817
0.8366393286286478
0.8353995803929049
0.840549303833683
0.8376883463665841
0.8346366584016784
0.8362578676330346
0.8349227541483883
0.8337783711615487
0.8361625023841313
0.8371161548731643
0.8353995803929049
0.8374022506198742
0.8417890520694259
0.8353042151440015
0.8381651726111005
0.8372115201220676
0.8369254243753577
0.8396910165935533
0.8393095555979401
0.8374976158687775
0.8374022506198742
0.8335876406637421
0.8389280946023269
0.838641998855617
0.838641998855617
0.8384512683578104
0.8379744421132939
0.8373068853709709
0.8385466336067137
0.8373068853709709
0.8368300591264544
0.8393095555979401
0.8376883463665841
0.8375929811176808
0.8379744421132939
0.8381651726111005
0.8374022506198742
0.8378790768643907
0.8354949456418082
0.8373068853709709
0.8372115201220676
0.8367346938775511
0.8323478924279992
0.8369254243753577
0.8385466336067137
0.8395002860957467
0.8392141903490368
0.838641998855617
0.83959565134465
0.8379744421132939
0.8398817470913599
0.8385466336067137
0.8381651726111005
0.8408353995803929
0.8396910165935533
0.8397863818424566
0.8400724775891665
0.8371161548731643
0.8388327293534236
0.8388327293534236
0.8368300591264544
0.8398817470913599
0.8395002860957467
0.8355903108907115
0.8397863818424566
0.8409307648292962
0.83959565134465
0.8382605378600038
0.8390234598512302
0.8382605378600038
0.8382605378600038
0.8406446690825863
0.8397863818424566
0.8387373641045203
0.8381651726111005
0.8398817470913599
0.83959565134465
0.8356856761396148
0.8395002860957467
0.8409307648292962
0.8420751478161358
0.8266259774938013
0.8354949456418082
0.8406446690825863
0.8409307648292962
0.8400724775891665
0.8411214953271028
0.8401678428380698
0.8414075910738127
0.842456608811749
0.8428380698073622
0.838641998855617
0.8404539385847797
0.8406446690825863
0.8411214953271028
0.8361625023841313
0.836067137135228
0.8397863818424566
