0.7541619319116072
0.7227925522188413
0.6147538368761916
0.6070543460930112
0.5964906924419452
0.5509113792076862
0.5777327183616756
0.5357988711067124
0.5406393998619524
0.5300225850143093
0.5359600649612672
0.5195131130046312
0.5194612099476162
0.5216311453962632
0.5978564673991982
0.5127583255868955
0.5096649817044436
0.5099079356315253
0.5010373429763079
0.5069397436185943
0.5348038344481286
0.4981021192570746
0.4963782684084841
0.5008525477537784
0.49513123688337585
0.5235564677568906
0.500895591423874
0.49825763526658773
0.49792107496864285
0.5000554837979969
0.5008275561517268
0.5049229232492035
0.503091863049415
0.4951838388269738
0.4886717401357296
0.5000927868251975
0.5001310063836941
0.49304708581778856
0.49738424219573846
0.4956792340838127
0.49775768257124436
0.5435512519719489
0.4975435204366781
0.49741174010729783
0.49846997024251605
0.4966608401226881
0.49751691601910963
0.49332686197208464
0.5025086496600268
0.4930079897307642
0.49696912399210197
0.5099417060728063
0.4928386155769303
0.5026239719848974
0.5388829624112768
0.49868463012028996
0.5334794369499185
0.49742847754110264
0.4974374672341585
0.5011116119752757
0.48722590135529537
0.5142937183009265
0.5209284666311815
0.520434790361832
0.4989688692485138
0.49612084496012304
0.4983276656508633
0.4920313910409428
0.4928149000834641
0.4960116418572651
0.491529542429321
0.49239357725154526
0.49103699497320114
0.4923697033825654
0.5193070124255211
0.4964421907855116
0.5001123916189827
0.49599637536924024
0.499766226192967
0.5097990255503525
0.5022848292986397
0.4954578579151868
0.5056999683085828
0.5105227498098602
0.5135594248890398
0.48934341682448906
0.48831868077081064
0.5014111973354719
0.49658598043400387
0.5002686020004278
0.5025499316764239
0.5021237940948524
0.49186520642129516
0.5017058676739499
0.502985166055644
0.5157220442303974
0.4927993597164224
0.5137709561172599
0.5028714326193134
0.5001055207576964
0.5073255780094634
0.49530089616011147
0.48754020856781827
0.49319187534143216
0.5022637008896477
0.5040082308603794
0.509736882686285
0.495181153375536
0.49532138426999106
0.4914364808275707
0.49390028511334105
0.49522119011848875
0.5044779746338376
0.4972182754357667
0.5088197988198261
0.49664408376574276
0.49864291082622897
0.5065679324743283
0.5090293742378104
0.5008130311464215
0.5152122979041164
0.4993880452444506
0.49953434646464095
0.5179730394511469
0.4967677789858016
0.501677034631961
0.49756252078874064
0.5419400240495255
0.5010605363982814
0.5027389103788568
0.5148276012692576
0.4955710368958539
0.5231367832563765
0.49718331926323667
0.49371792344016807
0.5136854258587216
0.5025912374939062
0.4997748115571156
0.4958122071647631
0.5269067186626604
0.4970721272498608
0.5165488637338416
0.49377148122483805
0.4958484871356618
0.520126580792751
0.5087546156456442
0.5258791068331773
0.5048161453238496
0.5078461604971349
0.5030504410314914
0.5001169593748618
0.4963466696518675
0.49423985009022325
0.5166021579617928
0.5178763714352811
0.5011486922756042
0.49983752360569433
0.5074496066192961
0.504323261940892
0.5018551398534975
0.5044441926192763
0.5027888070564217
0.49404811258284537
0.49782083444712993
0.5204572906350934
0.49745417689560245
0.49937878677514025
0.49387380606447734
0.5009374586116242
0.5478421440013056
0.5219689127130831
0.507290950600402
0.5009176803772203
0.5281247952968509
0.5052891412955557
0.504233786743901
0.5071432541998651
0.512752589146189
0.4998150866185406
0.5047139250870124
0.5254533541961768
0.5031123209650703
0.5185367425290133
0.5015454893664127
0.5127487887194047
0.5036162716108612
0.5325298336151778
0.4944948822199337
0.5088162283858402
0.5031865426041733
0.5169909791777677
0.5357808288355145
0.5167292549365483
0.5140649318790199
0.521886870961344
0.5367850610493317
0.5028305241448728
0.5083876095336691
0.49408809066546605
0.49523629758123155
0.5244845682277555
0.5055203525124228
0.4951294396746337
0.5052022609339953
0.5125079158131337
0.5006490795489393
0.5226950777064313
0.521753599692458
0.49324518103186304
0.5038878336791558
0.5023507359455213
0.5071673287128291
0.5061302649950941
0.5181803912773103
0.5048564468701741
0.5036840796729156
0.5042281672288598
0.5028548206652521
0.517945103266576
0.5061434878203375
0.5037870370405996
0.49545629668766383
0.5190287452707008
0.4997309062857439
0.5086454192207094
0.5199995010931523
0.4988201856806646
0.5087265004069147
0.5046814218313672
0.5054148225050358
0.5080295759507268
0.5274378591955915
0.5134274702610502
0.5111167960521791
0.49506155004085417
0.49919667725871275
0.5063607774725621
0.5058373332847077
0.5071883713094139
0.49932447147291664
0.4989544190271056
0.5009068654180763
0.5045077075129762
0.5111749036783559
0.5131894068402267
0.5004744702393022
0.5060049417783342
0.5077641399292905
0.4983772362217901
0.5084320230586148
0.5053269708461708
0.5132489363900073
0.5181796878269423
0.4923960207686791
0.5088267197596277
0.5184182700942332
0.522127410847394
0.5103256289792187
0.5067280324184754
0.5111151236840593
0.5147989658207011
0.5012541117297893
0.509303944850168
0.5084594683597272
0.5023065711583637
0.5061301296700307
0.498946912427052
0.5065699085689453
0.5043708995465332
0.5383797560352193
0.5137285019448065
0.5009772818178237
0.5081831185112915
0.5045311916436818
0.528341662844221
0.5054774417491361
0.5044398245939962
0.5069577178945034
0.5004651764762739
0.5228438011195015
0.5177521493661817
0.5163737972643486
0.510659473949022
0.5189224355426816
0.4988933374344095
0.5129796677531339
0.5006515607600212
0.5249174483682341
0.5126143581965943
0.5144372907604835
0.5108599069193203
0.5179262085690904
0.49629349900357306
0.5009521802776891
0.5022290527931796
0.5112954714129775
0.501161587036497
0.5059524378289678
0.5091442305241043
0.4972018308963169
0.5014171281118456
0.5148070149975911
0.5055882513232608
0.5034294444570746
0.508463430832212
0.5070150793129802
0.5335751774709478
0.498923334572113
0.49392408991610615
0.49746559033607773
0.506863044975295
0.501260727148785
0.5147205976420219
0.5191638993031537
0.525354938715688
0.5112233325090668
0.5249183848048609
0.5020227345072598
0.5288561409867327
0.5109788318866769
0.4958230130226436
0.5081923557267521
0.5019493347454164
0.5086658362886721
0.49604778669252764
0.5087941206467604
0.4902224929188008
0.4969847289876827
0.5226162805824771
0.512619081475459
0.5087952156035325
0.506949109630641
0.5166367248718545
0.5223063607266696
0.5049688292929825
0.504751504813764
0.5098299553464453
0.5152621887952973
0.5099978199114305
0.5049463081052895
0.502338042852604
0.4980921848005326
0.5017714692461192
0.5079927449063653
0.5022003890389132
0.4938890570194576
0.4994040869157231
0.5019764518100599
0.501128470040969
0.49962406924052155
0.5007954445235165
0.4959146494654281
0.538476900617152
0.5232774344755121
0.5155708341159677
0.505572993728772
0.49530758102540334
0.4974025510468498
0.5074029509100624
0.5067779397784218
0.5292086534889134
0.5008668562888605
0.49314196374209496
0.5309987903701755
0.4951964811973384
0.4995556989059294
0.5012485525285684
0.5059129519942082
0.5071119025611621
0.5051950828046932
0.5041936210824001
0.5143661623605207
0.4971918363334355
0.506119743083164
0.5102641788365525
0.5072299070451507
0.5049852898626422
0.5202815588245896
0.5146416916536413
0.507888946522157
0.5018847776189104
0.5052157234247168
0.5091213503259324
0.49399971759647027
0.49847618995393583
0.49780379189724305
0.5092036020293347
0.5005542459990999
0.5129351293174713
0.4982097339117097
0.5042349212009379
0.49289136502595854
0.5019062496131395
0.5037302333753854
0.4984049287977862
0.5018397763482035
0.49388062973454794
0.5054296920195465
0.5096567251624459
0.5166909703555828
0.500690269390024
0.504359845780504
0.5081444863249839
0.5016200304538248
0.5091384296573267
0.5112029551625716
0.4980254034093497
0.5127002265307895
0.49821169112087643
0.5128973574253579
0.5075861888346817
0.5058379342769579
0.5059325357967253
0.49911134859256207
0.5321210641720894
0.5041106913904645
0.5035968847895689
0.515649669836999
0.5189333453405234
0.5112835060490301
0.5060405559072122
0.5098380671981123
0.5131152256276262
0.49074752167183044
0.538538664443955
0.502318060501971
0.5024959420676893
0.5224758991850306
0.5242115042886876
0.5174627319336247
0.5051401780545072
0.512318450098849
0.5021472199277687
0.531883129587775
0.5099691317622181
0.50401461262504
0.5149537842186913
0.5149956356033963
0.5078452234994629
0.49921624622725025
0.500900300684265
0.5092238139009372
0.5101132894741137
0.5102459951673897
0.5126890951363673
0.5080053154455961
0.5138882872687609
0.5126868966266834
0.49657165624673444
0.5072687862563288
0.5052624151696993
0.5007995736722101
0.49337285780251317
0.501483237042734
0.49783355238879556
0.5115003901621501
0.5188288531246752
0.523575628588035
0.49527872818279817
0.504471982941305
0.49868683495274474
0.5283855520892154
0.5455321927467904
0.5221143662688891
0.5227735916008543
0.5065251613440721
0.5054370029789346
0.5008025384455627
0.5145552620097321
0.5186043533038269
0.49919103500273454
0.5059935679056392
0.5090467942239565
0.5097617276730776
0.5103135910103032
0.5218173870779402
0.5340301226798209
0.5137631496035586
0.5017566247061719
0.5088861634045244
0.5073787659821798
0.5122245666371573
0.5063177806998475
0.514781395330064
0.5061795844375624
0.5036817033102727
0.5069186785992769
0.5164023278660155
0.5096792400829427
0.5060000018986798
0.5045165359894254
0.5085165813812306
0.5076631066617072
0.505819827604865
0.5003127775037628
0.5122244158028754
0.533737685833821
0.507831540197318
0.5053150817159129
0.5068143791214463
0.5010315878275051
0.5111183370187611
0.5247312237092081
0.513381062137736
0.5151711778294429
0.5149200238264007
0.5036278334740404
0.5013739924822667
0.5141328856578229
0.5176388919540882
0.5071531960959845
0.5133141367104566
0.5107257045954413
0.5087385784721176
0.5025867305177241
0.5333379437797213
0.5097899473382006
0.5225210697748511
0.5179058500558226
0.5127552002660969
0.49862513818011145
0.5073528465624645
0.49623024168890695
0.5002039134132823
0.5157235143368973
0.5078823462514686
0.521590781287801
0.5030067517884179
0.5129611265937568
0.5131893520177644
0.5159482195776598
0.49452829428164247
0.5071037155009342
0.5041911841496016
0.5081980684391851
0.5146810147871608
0.5082865958540222
0.5031238935929777
0.513775287435664
0.512869601378284
0.5059237533795051
0.5019050651197249
0.5203284141432948
0.504684782363895
0.5033380506615645
0.5061470768686087
0.5067230219497608
0.5151321074723234
0.5220527023764424
0.5241166272179392
0.5032493342299015
0.511824551798553
0.5115628821457712
0.5083782343850775
0.4978066262489823
0.49801899680198575
0.5089091387718722
0.5042950217467644
0.513124559190188
0.5064513280040878
0.5154281201897541
0.5088885237348837
0.5115681042443411
0.5605205666228716
0.520975101945177
0.5164201298976223
0.5155949771833779
0.5276005645153388
0.5107023226105661
0.5094458458690057
0.5514669003739281
0.5241691582677624
0.5074116563595591
0.5063449991495471
0.5186865452194037
0.49910198568187136
0.5120560195424877
0.513623509732552
0.5038144925307471
0.5053582673583237
0.5383895729583495
0.5128982517455841
0.510529985604218
0.5387892604183293
0.5142181448021904
0.5215434491005823
0.5322810375068301
0.5050853273608574
0.62408812482037
0.5117666619601254
0.583060086208796
0.5491895931577957
0.5113684359527736
0.5117519358131049
0.5457986413899522
0.5158847897131643
0.5897892423703742
0.5050637463346459
0.5120343863346578
0.5466240656238385
0.5211177000505609
0.505698674128096
0.5052781687629303
0.5047470564839106
0.5254858339636493
0.5104254343791294
0.5049947396791871
0.5164705992019668
0.5186928462486975
0.5158936105126666
0.511262845533853
0.502518035248605
0.5157258589828342
0.506812624315773
0.5327297977764442
0.5092632743017482
0.5146191641679456
0.5160437331156973
0.5090141296770119
0.49914831025744405
0.50098556816431
0.5143847983849767
0.5238628612335348
0.5245562849919898
0.5091160785750556
0.49763730881219176
0.5113974857771142
0.5053078589336036
0.5017187481808194
0.5137767268836463
0.5043835331335502
0.5135983585916991
0.4968902275383416
0.5207091320762184
0.5048733184812467
0.508788161448671
0.5103788756917745
0.5011652584544387
0.5011403173168034
0.5088558649374426
0.5009130423251541
0.5226616340730919
0.5060600688039237
0.5103705064516908
0.5018433218807322
0.5270050611674222
0.5050410881299656
0.537752848424625
0.520899799062694
0.5088826971072822
0.5336557206050182
0.5256611930673584
0.5060174444420222
0.509050178636921
0.5219578469066275
0.5022920442875339
0.511109273018341
0.5136029881701757
0.5329106683841663
0.5102858948808664
0.5156440913740156
0.5101790580095182
0.5116317240393897
0.5344412866538877
0.5118064716813154
0.5095576475439081
0.5017679789483755
0.5128044603219749
0.5559557840265539
0.5670367633121671
0.517931656867202
0.5272672393553913
0.6110555855979658
0.5181998717031181
0.5221443376623152
0.49854959528782045
0.5015107126944884
0.5044053418049576
0.5002010917198517
0.5045745169987791
0.5140944783502364
0.5053405578448532
0.5169542763840465
0.5478222589505775
0.5051605957687356
0.49626887680090553
0.5128023634925616
0.5045496744722133
0.5140824610036677
0.5214049868774122
0.4950777019139699
0.5158503853705566
0.5107480382787416
0.5097988456477638
0.5027624919402285
0.5001002820525443
0.5028345097019704
0.511264497702852
0.5259569033249327
0.5121837946449306
0.5163549764851542
0.5116612967122093
0.5546290441883064
0.5029860862024059
0.5875461191803107
0.5079314955727108
0.5043200040680816
0.5115296320912799
0.4993589184662821
0.5175417580273552
0.49809984091900483
0.5856313292325824
0.5096353109812767
0.5682694348165898
0.5006250391362098
0.512475995137627
0.5281595660860858
0.4970394229605782
0.5118243554093183
0.5088217084114598
0.5052838611967189
0.5158540139348237
0.5009310777837149
0.5055041791053931
0.5721935349917259
0.5139085785748972
0.5147992645190075
0.5434618014010567
0.5549728971099569
0.5107142462422821
0.5086478026263844
0.5138389234937487
0.5203883536984955
0.5018573018705788
0.5181835572752811
0.5034140248021618
0.513519661293836
0.5022923480795581
0.5117181717915684
0.5316147749872386
0.5037753860126605
0.5349513448980135
0.541827368892146
0.5209986598773082
0.5370761038085143
0.5269233705959292
0.5142628984342661
0.5193609069478823
0.5244489816602514
0.5162668009453596
0.5213217432598116
0.5285591130705783
0.5205638728342439
0.504706755792496
0.5121561376085698
0.49891825342817797
0.5294857444444964
0.5161909063302969
0.5457692724310799
0.5156512927688011
0.5176995902287204
0.5435120429718246
0.5454703322434633
0.5282341225213024
0.5452376979932989
0.5153208554842509
0.5262831894197284
0.5212001254908339
0.5119863071264817
0.5064565883228824
0.6164200617504695
0.525230673297278
0.5279892840228207
0.5228494342575031
0.5155742606592517
0.5104543320526352
0.5189701439219818
0.5095254611777671
0.5172918529739607
0.5122714115762287
0.5626335829359063
0.51909359428325
0.5011067091922285
0.5162966376402436
0.5293432901784624
0.519655478159405
0.5177456383834513
0.5108233854152983
0.5023549913059544
0.546457132583061
0.5224123996768713
0.5356118208764206
0.5118559771689403
0.5117667130234057
0.5122750617055358
0.533925069125198
0.5078205254011879
0.521210833131573
0.5125328253959395
0.5074466096464285
0.5318387751720696
0.5335309451470722
0.5479551498314487
0.5527460402692179
0.5456393862169472
0.5317876187977955
0.5067223319791652
0.5079274724813523
0.5209651235354568
0.5100958851093835
0.5078452225072843
0.5097317085206189
0.5088478210324099
0.5262244458946055
0.5135529029725816
0.5245666788671925
0.5144002750685164
0.5087159405452427
0.5116542931739954
0.5129601560450933
0.5086290551479792
0.5472752455390891
0.5219785811386537
0.5123165821187835
0.5284719209417297
0.5160848793794307
0.5248145429428014
0.5469799574057901
0.5414752745198984
0.524402531639771
0.5116311581449573
0.5049704683277079
0.5143182945372865
0.5048768567369065
0.5281002620308656
0.504402220968192
0.4995722295899316
0.5046697320213027
0.5115628158170069
0.5978315408152292
0.5085411121377038
0.5145778596183286
0.5149625646513313
0.5126632675058289
0.6517624098007126
0.5330630755666274
0.5195278959204542
0.5128187732852586
0.5145716069126159
0.5338844528259632
0.5227273983958841
0.5387296218621783
0.5061219626746488
0.5120816069229951
0.5060351371849696
0.4993071735640477
0.5086441808398366
0.5157023070421003
0.5213300463146725
0.5137783857054643
0.502930894251478
0.5061137819383824
0.5192905690311795
0.537511574213494
0.5072305147570979
0.542677140020904
0.5119562821046992
0.5248485969099744
0.509347014604066
0.5079844836170078
0.6046316714610543
0.5238025322496234
0.5158051428830016
0.5348641363125892
0.5158447255882141
0.5128391758799321
0.5114598476635741
0.5165991198008609
0.5198960191044453
0.5501799743976916
0.4958469258076111
0.5092335555139952
0.49968972316083904
0.5157214766492657
0.5115777325494691
0.5083053020521927
0.5259793292427907
0.5069008492956244
0.5054461172308583
0.5390023442696674
0.5071026423152054
0.5036842392746581
0.5069037984429436
0.5262992844246689
0.508919408705445
0.5176518095755449
0.4990716697258446
0.510878995972087
0.5013417506153126
0.5184081900843514
0.5090330279622894
0.50947375472573
0.5039353884175266
0.5225785130114134
0.5650079109653522
0.531241177611531
0.5227580057645641
0.524474509263947
0.5165234260409849
0.5098355505528657
0.5346320814880756
0.5255605534583049
0.5165411647501497
0.5015270986131354
0.5120479211510918
0.5254293393760184
0.5098299384230015
0.508278973019138
0.513687669239818
0.5234441531881933
0.5118860239030789
0.5066754495636576
0.5194134263668797
0.5568227894919231
0.5298867405757388
0.5049623993877248
0.5559792407834683
0.5133623446685952
0.6096526283196125
0.5221038189712202
0.5161586249737397
0.5259387533283284
0.5148618359730738
0.5089104403703809
0.5109822397839818
0.5256988821993984
0.526771690437621
0.58333114026382
0.5233085190728202
0.5131507945021839
0.5174934184014519
0.5326443112262876
0.5114785157730134
0.5076514409120366
0.49900771146169726
0.5084908496983271
0.5055146477125411
0.5068674992340295
0.5084769991492348
0.5060759746829058
0.515876562975033
0.5236217285283502
0.5204162069753664
0.5130858934297324
0.5186548529286693
0.5029452679362277
0.5055964686720832
0.5128562799496779
0.5056520762984945
0.5093176777541818
0.5225965367216439
0.5095652583064028
0.5150938914179016
0.5154615561858663
0.5091105004077671
0.5038470160689532
0.5049445727520611
0.5113796458162582
0.5281739922388585
0.5104292390351536
0.5112041977587414
0.5187902398183282
0.5273816752689864
0.5339414005388302
0.5015124490259931
0.5105755128596886
0.5173264755376465
0.5119803287264852
0.5196959589696302
0.5137658865803626
0.5244007391237974
0.5451549968913014
0.510522131156212
0.511054565719937
0.5508073531826253
0.5172071829311179
0.5145868699867078
0.5105563847010617
0.5065503849339016
0.5357727545316415
0.5361365381254054
0.5825554186609271
0.5222609250308075
0.518680064886137
0.5317176803585562
0.5170715570752341
0.5238430632524764
0.5188010310126516
0.5883029635915014
0.5106191521509953
