0.9443111109734822
0.9375872150779001
0.9339410846141443
0.928246916270423
0.9218257148117553
0.9167135695045817
0.912789091732302
0.9105610156387816
0.9084805804715008
0.9054427621832943
0.9007433621484955
0.8908430468132532
0.8833421550789624
0.8755183084709065
0.8641165283448232
0.8575143911706946
0.8486739046823815
0.8349010536791528
0.8227242188129831
0.8180945410197993
0.8137873383790052
0.8108545215341151
0.8075104810467179
0.8063455323179408
0.8055275982141201
0.8050253899953956
0.8047266970698513
0.8046196316863017
0.8046549114172825
0.8050385758379615
0.8057452592621723
0.803599414554438
0.7993517811111452
0.7932870863159975
0.7848258660883984
0.777694935477086
0.7718060428898695
0.7658794763232284
0.7597757104434025
0.7539546374650056
0.7496722800053249
0.7467271963834061
0.7446248672589205
0.7431313753553813
0.7419477555767818
0.7411186970656494
0.7404962846367131
0.7399092567408166
0.7394630054487302
0.7390737819200698
0.7387502805893267
0.7384489678693118
0.7382030123520961
0.7379602010139443
0.7377611644742409
0.7375640291333886
0.7373958990915114
0.7372339588975549
0.7370894779135391
0.7369539130879631
0.7368295897390374
0.7367141753886816
0.7366073173538956
0.7365081836243893
0.7364161747076515
0.7363308049470282
0.7362520964780724
0.7361887838646456
0.7361337942296656
0.7360777494801338
0.7360245588171964
0.7359731045756648
0.7359238718482003
0.7358773022622648
0.7358335603547871
0.7357926345320085
0.7357544376126475
0.7357188611346182
0.7356857981200322
0.7356551501977335
0.7356268280744169
0.735600749308731
0.7355768344691845
0.7355550009984889
0.7355351529105829
0.7355171653395005
0.7355008747864092
0.7354861295383114
0.7354729878196227
0.7354618369672522
0.735452880325091
0.7354458590638931
0.7354405308414544
0.7354367906965398
0.7354345776184456
0.7354338387312891
0.735434522420282
0.7354365770130619
0.735439950427262
0.7354445900230437
0.7354504425185587
0.7354574539371795
0.7354655695783705
0.7354747340096035
0.735484891077284
0.7354959839351037
0.735507955087463
0.7355207464458324
0.7355342993957671
0.7355485548723916
0.7355634534424333
0.7355789353910821
0.7355949408121891
0.7356114097005515
0.7356282820452168
0.7356454979228491
0.7356629975904713
0.7356807215768537
0.7356986107720046
0.735716606514256
0.7357346506745593
0.7357526857375863
0.7357706548793563
0.735788502041111
0.7358061719992918
0.7358236104313111
0.7358407639772272
0.7358575802969899
0.7358740081234149
0.7358899973107619
0.735905498878991
0.7359204650537101
0.7359348493019137
0.7359486063635878
0.7359616922793093
0.7359740644139208
0.7359856814764734
0.7359965035365231
0.7360064920369961
0.7360156098036909
0.7360238210516722
0.7360310913886432
0.7360373878154775
0.736042678724135
0.7360469338929994
0.7360501244800255
0.7360522230139394
0.7360532033840873
0.7360530408305445
0.7360517119381631
0.7360491946444777
0.7360454682877487
0.7360405137651389
0.7360343139869824
0.7360268551203073
0.7360181299262714
0.7360081466373202
0.7359969524878341
0.7359846962229097
0.7359717963763343
0.73595941255609
0.7359509002756234
0.7359572527525272
0.7360192881835756
0.7359812909543682
0.7359306430682775
0.7358883919296637
0.7358496482157656
0.7358138541251686
0.735779716277424
0.7357461613526203
0.735712513976346
0.7356783608531835
0.7356434370782032
0.7356075650930396
0.7355706227008311
0.7355325248317027
0.73549321084129
0.7354526085506243
0.7354100720370581
0.7353609290714953
0.7353229796593179
0.7352791355788233
0.7352326650167571
0.7351844207788465
0.7351346904791126
0.7350835820537048
0.7350311407160176
0.7349773871489109
0.7349223106540581
0.7348658149759087
0.7348081712177192
0.7347492822382365
0.7346891278949272
0.7346277151449567
0.7345650509308251
0.7345011420483928
0.734435995186549
0.7343696172876818
0.734302012935649
0.7342331881942612
0.7341631482707031
0.7340918972916084
0.7340194385329538
0.7339457742387722
0.7338709054142465
0.7337948315927713
0.7337175505674055
0.7336390580767735
0.7335593474343455
0.7334784090876393
0.7333962300907314
0.7333127934692556
0.7332280774513381
0.7331420545305846
0.7330546903176645
0.7329659421239606
0.7328757572039398
0.7327840705597012
0.7326908021802655
0.7325958535459389
0.7324991031699452
0.7324004008697379
0.7322995603484637
0.7321963495104458
0.7320904777121577
0.7319815788314935
0.7318691885749703
0.7317527137540873
0.7316313902012559
0.7315042242573936
0.7313699096268305
0.7312267050094506
0.7310722436302728
0.7309032156702816
0.7307148460099362
0.7305005464151844
0.730255924030892
0.7299995391166172
0.7297946826842893
0.7297077195437114
0.7296595974505695
0.7292427923005922
0.7281271473835496
0.7274075256310889
0.725265879623141
0.7230078370149674
0.7207816792233117
0.7186851126356221
0.7167623792721713
0.715026179104426
0.7134710380924857
0.7120818446309545
0.7108393896624887
0.7097237483218218
0.7087161736508697
0.7078000016183059
0.7069609342992845
0.7061869661081742
0.7054681349927044
0.704796213805651
0.7041644070407886
0.7035670840124447
0.7029995573620161
0.7024578164044364
0.7019319535504707
0.7014137155215483
0.7009333279768772
0.7004631280352591
0.7000056987212989
0.699562698739217
0.6991312609297047
0.6987113636953867
0.6983034331930084
0.6979083270531284
0.6975272971128008
0.6971619252060408
0.6968140392246129
0.6964856272881152
0.6961787652827544
0.6958955179153744
0.6956376004876107
0.6954053266472516
0.6951955414131067
0.69499993648424
0.6948073942837304
0.6946110333923903
0.6944121393203646
0.694213193859689
0.694004186946571
0.6937551333539382
0.6934301056570328
0.6930186328314619
0.6925362518003594
0.6919916239136952
0.6912567472211486
0.6902021680455287
0.6895456894875939
0.6890195070132628
0.6886148958619395
0.6882825761595127
0.6879809764875766
0.6876885980489985
0.6873959102436131
0.6870993274273695
0.6867977384087963
0.686490878392078
0.6861788105788772
0.6858618736264811
0.6855406964255991
0.6852161454550053
0.6848892210593538
0.6845609538281939
0.6842323333107463
0.6839042754358707
0.6835776104709628
0.6832530202030115
0.6829306414956939
0.6826080736850415
0.682270853385681
0.681846652507882
0.6808241037229494
0.672379585372929
0.6607051061418676
0.6574054501998604
0.6561279547249871
0.655726228193355
0.655588241378077
0.6553991864663212
0.65486155000597
0.653426288724187
0.6517984407958263
0.6508819649353217
0.6500664536011239
0.6493351224356512
0.6487575601342189
0.6482775986156897
0.6478555778251757
0.6474747051280874
0.6471276019729524
0.6468103178993486
0.646520229815928
0.6462552974676347
0.6460137800839904
0.6457941262892414
0.6455949375663281
0.6454149645109001
0.6452531163967504
0.6451084737946573
0.6449802984823562
0.6448680372678285
0.6447713177460059
0.6446899348292353
0.6446238271391014
0.6445730418621944
0.644537685490099
0.6445178567676616
0.644513559068472
0.6445245945202764
0.6445504516474649
0.644590200962331
0.644642468798284
0.6447054071919093
0.6447768058683353
0.6448542575628291
0.6449353696551647
0.6450179792837176
0.6451003141739401
0.645181068480633
0.6452594007506276
0.6453348479982587
0.6454071889320235
0.6454762026458293
0.6455412514604769
0.6456006712014664
0.6456508910113339
0.645685315643156
0.6456934037376626
0.645660432551839
0.6455667591963998
0.6453825189533807
0.6450604057345797
0.6445946124166464
0.6440827906630298
0.643611893216333
0.6432352845725983
0.6430148613246357
0.6429852625028748
0.6431331388778048
0.6433998144319327
0.6437083893825737
0.6439995416364085
0.6442414881603375
0.6444249551264634
0.6445566929724647
0.6446508755911747
0.6447179462973642
0.6447690391130089
0.6448115373946749
0.6448475784426814
0.644876449701806
0.6448965533142208
0.6449065851636816
0.6449060320289479
0.6448952357705201
0.6448751968922933
0.6448472756787671
0.6448129403252238
0.6447736357757162
0.6447308389570815
0.6446864434512276
0.6446437575939724
0.6446093964374269
0.6445954427267481
0.6446202573531807
0.6447153463074294
0.644926025798111
0.6452409533415034
0.6455715836901676
0.6457786949009832
0.6458256923759503
0.6458091202215247
0.6457478653561076
0.6456489903180836
0.6455046179320558
0.6452933955000248
0.645006356266048
0.6446357399121074
0.644177602982431
0.6436442834956543
0.6431242950021638
0.6426562680883794
0.6420957686102496
0.6409165537974042
0.639100613517205
0.6374976818688621
0.6341064370535552
0.6318187040674793
0.6314913400140201
0.6318868283706213
0.6329137802904542
0.6332420762034493
0.6329544024969503
0.6325940956233981
0.6321795463169895
0.6318784119528997
0.6317637971506711
0.6318414951696549
0.6320381199076821
0.6322467051424046
0.6324640047861637
0.6328498499953594
0.6336875744918036
0.6346191379678124
0.6351773027289686
0.6354271004940125
0.6354890272484939
0.6354836091334096
0.6354744019514835
0.6354896426361671
0.6355341337762112
0.6356003244914324
0.6356792812089922
0.6357633350916881
0.6358456456338387
0.6359209289562904
0.6359890871674878
0.6360555380045092
0.6361271914424659
0.6362094036093892
0.6363049369045446
0.6364138077167589
0.6365336152646504
0.6366606490663489
0.6367913121736414
0.6369227260392069
0.637052523108752
0.6371786633643001
0.6372996044187623
0.6374143621101938
0.6375221941915113
0.6376222089729603
0.6377131936565867
0.637793727034583
0.6378623900685295
0.637917889617656
0.6379591209864631
0.6379853139713135
0.6379964268528426
0.6379939584944229
0.6379809240729505
0.6379565266014285
0.637915837608822
0.6378604260535535
0.6377942600325369
0.6377220378753805
0.6376537643585576
0.6376049260490149
0.637591016764989
0.6376191038819679
0.6376822385193637
0.6377650098132324
0.6378536292366105
0.6379386581146954
0.6380135687114978
0.6380738861813001
0.6381169040445107
0.6381419434861091
0.6381517184804842
0.6381537971156713
0.6381579056618586
0.638167535101048
0.6381767514961922
0.6381762445324413
0.6381585943875594
0.6381197835336001
0.6380586779395447
0.63797600156242
0.6378734204199604
0.6377528022558715
0.6376157469251109
0.6374640185561258
0.6373017007626216
0.6371375064710934
0.6369826987343534
0.6368453110338309
0.6367278878648596
0.6366296094082701
0.6365483708008147
0.63648169145635
0.6364272312846311
0.6363831063514105
0.636347931697627
0.6363206380657643
0.636300176715373
0.6362852402297267
0.6362741676415814
0.6362652324680211
0.636257380055406
0.6362511163941884
0.6362489393400537
0.6362548747676106
0.636273230756558
0.6363070298327357
0.6363565805067459
0.6364186578699277
0.6364867768016372
0.6365526938034346
0.6366085531880475
0.6366486300175966
0.6366699757222477
0.6366720597561155
0.6366559522135782
0.6366235313055973
0.6365769322228276
0.6365182450932669
0.6364493844074969
0.6363720492074744
0.636287720325141
0.6361976680577499
0.6361029610751575
0.6360044754951506
0.6359029053990104
0.6357987757564848
0.6356924577510544
0.6355841857701265
0.635474075229
0.63536214133097
0.6352483222037342
0.635132520585933
0.6350147117062527
0.6348952377974201
0.6347752947851893
0.6346561416641222
0.6345345424366683
0.634402727217645
0.6342552187812982
0.6340922080435171
0.633925828610495
0.633762274206621
0.6336033779924589
0.6334499921262771
0.6333024648167601
0.6331614556309699
0.6330279558131475
0.6328993881533489
0.6327698762305188
0.6326365460658243
0.632500693146597
0.6323645358566684
0.6322289367436291
0.6320941725065259
0.6319606056450346
0.631828643272084
0.631698622562353
0.6315707889684604
0.6314453254532303
0.6313223848004254
0.6312021072533668
0.6310846237590032
0.6309700506423396
0.6308584815052705
0.6307499803549994
0.630644577938499
0.6305422716187681
0.6304430281188428
0.6303467880647572
0.630253471300381
0.6301629822031595
0.6300752145282081
0.6299900555548108
0.6299073894759234
0.6298271000675327
0.6297490727203515
0.6296731959320657
0.6295993623576666
0.6295274695067853
0.6294574201654705
0.6293891226072544
0.6293224906468071
0.6292574435785524
0.6291939060334234
0.6291318077795468
0.6290710834868158
0.6290116724770453
0.6289535185582699
0.6288965714430529
0.6288408128641614
0.6287864306301999
0.6287337359104243
0.6286822442844584
0.6286313772853744
0.6285809558232751
0.6285310146831704
0.6284816906891607
0.6284331567901316
0.6283855438976333
0.6283388978852518
0.6282931974634528
0.6282483905773171
0.6282044225915142
0.628161248245106
0.6281188311030139
0.6280771426832198
0.6280361602263305
0.6279958648485767
0.6279562402334454
0.6279172717708813
0.6278789460129156
0.6278412503358273
0.6278041727315384
0.6277677016775763
0.6277318260541748
0.6276965350894088
0.6276618183209879
0.6276276655680982
0.6275940669094147
0.6275610126650297
0.6275284933810352
0.6274964998159901
0.6274650229287829
0.6274340538677541
0.6274035839607082
0.6273736047058798
0.6273441077636495
0.6273150849489586
0.627286528224407
0.6272584296939415
0.6272307815970264
0.6272035763034224
0.6271768063083066
0.6271504642278749
0.6271245427952864
0.6270990348568247
0.6270739333676983
0.6270492313831971
0.6270249220170979
0.6270009981773714
0.6269774508091749
0.6269542572903412
0.6269313093072879
0.6269081259306942
0.6268852310717375
0.6268638555654373
0.6268426819206311
0.6268217515570008
0.6268010886303458
0.6267807100656637
0.6267606255685121
0.6267408394818387
0.6267213525578473
0.6267021632284053
0.6266832684634125
0.6266646643354177
0.6266463463836983
0.626628309845497
0.6266105498012216
0.6265930612648432
0.6265758392398422
0.6265588787535983
0.6265421748783645
0.6265257227439895
0.6265095175454465
0.626493554547177
0.6264778290854066
0.6264623365692363
0.6264470724809241
0.6264320323756547
0.6264172118810175
0.6264026066962375
0.6263882125913073
0.6263740254061071
0.6263600410495346
0.6263462554983682
0.6263326647955273
0.626319265049184
0.6263060524324986
0.6262930231826721
0.6262801735997905
0.6262675000456709
0.6262549989429144
0.6262426667740071
0.6262305000804496
0.6262184954619032
0.6262066495753931
0.6261949591344865
0.6261834209085159
0.6261720317218304
0.6261607884530537
0.62614968803437
0.6261387274508403
0.6261279037396862
0.6261172139896644
0.6261066553404055
0.6260962249817772
0.6260859201532768
0.6260757381434016
0.626065676289081
0.6260557319750722
0.6260459026333971
0.6260361857427639
0.6260265788280215
0.6260170794596016
0.6260076852529758
0.6259983938681248
0.6259892030089962
0.6259801104229841
0.6259711139004036
0.6259622112739944
0.6259534004183588
0.6259446792495009
0.625936045724297
0.6259274978399902
0.6259190336336917
0.6259106511818878
0.6259023485999201
0.625894124041514
0.6258859756982571
0.6258779017991452
0.6258699006100386
0.6258619704332189
0.6258541096068614
0.6258463165045665
0.6258385895348697
0.6258309271407357
0.6258233277990913
0.6258157900203328
0.6258083123478307
0.6258008933574578
0.6257935316570936
0.6257862258861411
0.6257789747150613
0.6257717768448601
0.6257646310066253
0.6257575359610553
0.6257504904979586
0.6257434934357828
0.6257365436211385
0.6257296399283434
0.625722781258904
0.6257159665410742
0.6257091947293858
0.6257024648041823
0.6256957757711098
0.6256891266607071
0.6256825165279083
0.6256759444516067
0.6256694095341588
0.6256629109009707
0.6256564477000262
0.6256500191014287
0.6256436242969715
0.6256372624996842
0.6256309329433981
0.6256246348822969
0.6256183675905072
0.6256121303616414
0.6256059225083946
0.6255997433621031
0.6255935922723564
0.6255874686065429
0.6255813717494896
0.6255753011030045
0.6255692560855299
0.6255632361317108
0.6255572406920207
0.625551269232368
0.6255453212337327
0.6255393961917685
0.625533493616459
0.625527613031731
0.6255217539751211
0.6255159159973889
0.6255100986622179
0.6255043015458134
0.6254985242366329
0.625492766335012
0.6254870274528574
0.62548130721333
0.6254756052505159
0.6254699212091801
0.6254642547443795
0.6254586055212527
0.6254529732146833
0.6254473575090412
0.625441758097933
0.6254361746838769
0.6254306069781007
0.6254250547002678
0.6254195175782302
0.6254139953477913
0.6254084877524843
0.6254029945433333
0.6253975154786434
0.6253920503237811
0.6253865988509889
0.6253811608391728
0.6253757360737164
0.625370324346287
0.6253649254546905
0.6253595392026623
0.6253541653997438
0.6253488038610919
0.6253434544073544
0.625338116864527
0.6253327910638098
0.6253274768414828
0.625322174038812
0.625316882501881
0.6253116020815467
0.6253063326332908
0.6253010740171722
0.6252958260977035
0.6252905887438088
0.6252853618287186
0.6252801452299362
0.6252749388291622
0.6252697425122608
0.6252645561691966
0.6252593796940317
0.6252542129848611
0.6252490559438081
0.6252439084770346
0.6252387704946702
0.6252336419108898
0.6252285226438611
0.6252234126157759
0.625218311752886
0.6252132199855067
0.6252081372480713
0.625203063479153
0.6251979986215187
0.6251929426221966
0.6251878954325302
0.6251828570082315
0.6251778273097053
0.6251728063265224
0.6251677983716714
0.6251632658106819
0.6251580946978565
0.6251531660152195
0.6251482412044479
0.6251433057593081
0.6251383645877872
0.6251334228628743
0.6251284842505317
0.6251235511156993
0.6251186249268478
0.6251137065757371
0.6251087965955557
0.6251038953022663
0.6250990028839454
0.6250941194564597
0.6250892450976872
0.6250843798683887
0.6250795238247057
0.625074677025536
0.6250698395368299
0.62506501143391
0.6250601928027412
0.6250553837404811
0.6250505843557373
0.625045794768597
0.6250410151105581
0.6250362455244952
0.6250314861645808
0.6250267371962399
0.6250219987961773
0.6250172711524071
0.6250125544643144
0.6250078489427571
0.6250031548102175
0.6249984723009282
0.6249938016610564
0.6249891431489095
0.6249844970351084
0.6249798636028239
0.6249752431479961
0.624970635979539
0.6249660424196054
0.6249614628037929
0.6249568974813691
0.6249523468155246
0.6249478111835887
0.624943290977223
0.6249387866026714
0.6249342984809401
0.6249298270479782
0.6249253727548927
0.6249209360680753
0.6249165174693702
0.6249121174562143
0.624907736541718
0.6249033752547961
0.6248990341401939
0.6248947137585371
0.6248904146863556
0.624886137516032
0.6248818828557646
0.6248776513294572
0.624873443576581
0.6248692602519791
0.624865102025657
0.6248609695824643
0.6248568636217706
0.6248527848570523
0.6248487340154044
0.6248447118370191
0.6248407190745412
0.6248367564923684
0.6248328248658734
0.6248289249804814
0.6248250576307169
0.6248212236190889
0.6248174237548721
0.6248136588528035
0.624809929731586
0.6248062372123332
0.6248025821167942
0.6247989652654978
0.6247953874756819
0.6247918495590976
0.6247883523196289
0.6247848965507122
0.6247814830326229
0.6247781125295067
0.6247747857862633
0.6247715035252112
0.6247682664425451
0.624765075204608
0.6247619304439147
0.6247588327550159
0.6247557826901536
0.6247527807546535
0.624749827402238
0.6247469230300611
0.6247440679736356
0.6247412625015897
0.6247385068105108
0.6247358010209413
0.6247331451895403
0.6247305396804472
0.624727985516378
0.6247254856131562
0.6247232122986225
0.6247211801629408
0.6247187315094616
0.6247162708053677
0.6247138988026826
0.6247116084257704
0.6247093865021361
0.6247072235790823
0.6247051130442491
0.624703049971819
0.6247010304194633
0.6246990510205658
0.6246971087393027
0.6246952007171134
0.6246933241732328
0.624691476338969
