0.18095238095238095
0.11904761904761904
0.09523809523809523
0.09523809523809523
0.1
0.09523809523809523
0.08095238095238096
0.0761904761904762
0.0761904761904762
0.06666666666666667
0.0761904761904762
0.07142857142857142
0.06666666666666667
0.07142857142857142
0.07142857142857142
0.07142857142857142
0.0761904761904762
0.07142857142857142
0.06666666666666667
0.0761904761904762
0.0761904761904762
0.07142857142857142
0.08571428571428572
0.09047619047619047
0.0761904761904762
0.0761904761904762
0.07142857142857142
0.07142857142857142
0.07142857142857142
0.06190476190476191
0.06666666666666667
0.07142857142857142
0.06190476190476191
0.0761904761904762
0.06190476190476191
0.06190476190476191
0.06666666666666667
0.06666666666666667
0.06666666666666667
0.06190476190476191
0.06666666666666667
0.06190476190476191
0.08095238095238096
0.06190476190476191
0.06190476190476191
0.06190476190476191
0.06666666666666667
0.05714285714285714
0.05714285714285714
0.06190476190476191
