0.13416815742397137
0.1252236135957066
0.11449016100178891
0.12880143112701253
0.1037567084078712
0.10196779964221825
0.1073345259391771
0.10196779964221825
0.11270125223613596
0.10196779964221825
0.1037567084078712
0.1001788908765653
0.10196779964221825
0.1001788908765653
0.09123434704830054
0.1037567084078712
0.10196779964221825
0.09838998211091235
0.09660107334525939
0.09838998211091235
0.09838998211091235
0.09660107334525939
0.09838998211091235
0.09660107334525939
0.09660107334525939
0.09660107334525939
0.09481216457960644
0.08765652951699464
0.08407871198568873
0.09660107334525939
0.09302325581395349
0.09481216457960644
0.09481216457960644
0.09481216457960644
0.09838998211091235
0.09481216457960644
0.09302325581395349
0.09481216457960644
0.09302325581395349
0.09302325581395349
0.09302325581395349
0.09302325581395349
0.09123434704830054
0.09302325581395349
0.09302325581395349
0.08407871198568873
0.09481216457960644
0.08228980322003578
0.09481216457960644
0.09481216457960644
