0.8479427549194991
0.8282647584973166
0.8998211091234347
0.924865831842576
0.9284436493738819
0.9194991055456172
0.9355992844364938
0.9284436493738819
0.9391771019677997
0.9302325581395349
0.9409660107334525
0.9355992844364938
0.9409660107334525
0.9338103756708408
0.9409660107334525
0.9373881932021467
0.9338103756708408
0.9338103756708408
0.9355992844364938
0.9355992844364938
0.9338103756708408
0.9320214669051878
0.9373881932021467
0.9391771019677997
0.9355992844364938
0.9427549194991055
0.9409660107334525
0.9409660107334525
0.9355992844364938
0.9409660107334525
0.9355992844364938
0.9355992844364938
0.9373881932021467
0.9373881932021467
0.9391771019677997
0.9338103756708408
0.9373881932021467
0.9409660107334525
0.9409660107334525
0.9409660107334525
0.9391771019677997
0.9391771019677997
0.9391771019677997
0.9373881932021467
0.9391771019677997
0.9391771019677997
0.9373881932021467
0.9373881932021467
0.9391771019677997
0.9409660107334525
