0.5134168157423972
0.3828264758497317
0.46153846153846156
0.4776386404293381
0.4865831842576029
0.4937388193202147
0.5152057245080501
0.5420393559928444
0.552772808586762
0.5581395348837209
0.5617173524150268
0.5652951699463328
0.5402504472271914
0.5366726296958855
0.5688729874776386
0.5706618962432916
0.5366726296958855
0.5706618962432916
0.5330948121645797
0.5706618962432916
0.5438282647584973
0.5635062611806798
0.552772808586762
0.552772808586762
0.5474060822898033
0.552772808586762
0.552772808586762
0.5348837209302325
0.5330948121645797
0.5366726296958855
0.5384615384615384
0.5438282647584973
0.5330948121645797
0.5402504472271914
0.5402504472271914
0.5474060822898033
0.5688729874776386
0.5420393559928444
0.5581395348837209
0.5652951699463328
0.5402504472271914
0.5402504472271914
0.5313059033989267
0.5384615384615384
0.5652951699463328
0.5491949910554562
0.5617173524150268
0.552772808586762
0.5456171735241503
0.5402504472271914
