0.6583184257602862
0.6636851520572451
0.6833631484794276
0.7048300536672629
0.7209302325581395
0.7262969588550984
0.7298747763864043
0.740608228980322
0.7459749552772809
0.7513416815742398
0.7549194991055456
0.7620751341681574
0.7656529516994633
0.7692307692307693
0.7728085867620751
0.7710196779964222
0.7728085867620751
0.7728085867620751
0.7728085867620751
0.774597495527728
0.774597495527728
0.774597495527728
0.774597495527728
0.778175313059034
0.778175313059034
0.776386404293381
0.778175313059034
0.778175313059034
0.778175313059034
0.7799642218246869
0.7799642218246869
0.7835420393559929
0.7853309481216458
0.7835420393559929
0.7835420393559929
0.7835420393559929
0.7835420393559929
0.7835420393559929
0.7835420393559929
0.7835420393559929
0.7835420393559929
0.7853309481216458
0.7853309481216458
0.7835420393559929
0.7835420393559929
0.7835420393559929
0.7835420393559929
0.7853309481216458
0.7853309481216458
0.7853309481216458
