0.9588550983899821
0.9588550983899821
0.960644007155635
0.962432915921288
0.962432915921288
0.962432915921288
0.962432915921288
0.962432915921288
0.962432915921288
0.962432915921288
0.962432915921288
0.962432915921288
0.962432915921288
0.962432915921288
0.962432915921288
0.962432915921288
0.962432915921288
0.962432915921288
0.962432915921288
0.962432915921288
0.962432915921288
0.962432915921288
0.962432915921288
0.962432915921288
0.962432915921288
0.962432915921288
0.962432915921288
0.962432915921288
0.962432915921288
0.962432915921288
0.962432915921288
0.962432915921288
0.962432915921288
0.962432915921288
0.962432915921288
0.962432915921288
0.962432915921288
0.962432915921288
0.962432915921288
0.962432915921288
0.962432915921288
0.962432915921288
0.962432915921288
0.962432915921288
0.962432915921288
0.962432915921288
0.962432915921288
0.962432915921288
0.962432915921288
0.962432915921288
