1.3667262969588552
1.3452593917710196
1.2665474060822899
1.180679785330948
1.1162790697674418
1.0948121645796065
1.0805008944543828
1.037567084078712
1.0161001788908766
0.9946332737030411
0.9803220035778175
0.9516994633273703
0.9373881932021467
0.9230769230769231
0.9087656529516994
0.9159212880143113
0.9087656529516994
0.9087656529516994
0.9087656529516994
0.9016100178890877
0.9016100178890877
0.9016100178890877
0.9016100178890877
0.8872987477638641
0.8872987477638641
0.8944543828264758
0.8872987477638641
0.8872987477638641
0.8872987477638641
0.8801431127012522
0.8801431127012522
0.8658318425760286
0.8586762075134168
0.8658318425760286
0.8658318425760286
0.8658318425760286
0.8658318425760286
0.8658318425760286
0.8658318425760286
0.8658318425760286
0.8658318425760286
0.8586762075134168
0.8586762075134168
0.8658318425760286
0.8658318425760286
0.8658318425760286
0.8658318425760286
0.8586762075134168
0.8586762075134168
0.8586762075134168
