0.8032200357781754
0.7352415026833632
0.7370304114490162
0.6994633273703041
0.7066189624329159
0.7101967799642218
0.6940966010733453
0.7101967799642218
0.7155635062611807
0.7316636851520573
0.7173524150268337
0.7298747763864043
0.6905187835420393
0.6887298747763864
0.7262969588550984
0.740608228980322
0.6994633273703041
0.7459749552772809
0.7030411449016101
0.740608228980322
0.6976744186046512
0.7101967799642218
0.6940966010733453
0.6994633273703041
0.7048300536672629
0.6994633273703041
0.6994633273703041
0.7012522361359571
0.6923076923076923
0.6887298747763864
0.6869409660107334
0.6869409660107334
0.6976744186046512
0.6905187835420393
0.6905187835420393
0.6833631484794276
0.6887298747763864
0.6887298747763864
0.7048300536672629
0.6976744186046512
0.6905187835420393
0.6958855098389982
0.6994633273703041
0.6923076923076923
0.6976744186046512
0.7030411449016101
0.7012522361359571
0.7048300536672629
0.6905187835420393
0.6958855098389982
