0.18425760286225404
0.2146690518783542
0.13237924865831843
0.1073345259391771
0.1037567084078712
0.1073345259391771
0.09660107334525939
0.1037567084078712
0.09302325581395349
0.10196779964221825
0.09123434704830054
0.09660107334525939
0.09123434704830054
0.09302325581395349
0.09123434704830054
0.09481216457960644
0.09302325581395349
0.09302325581395349
0.09123434704830054
0.09123434704830054
0.09302325581395349
0.09481216457960644
0.09481216457960644
0.09302325581395349
0.09123434704830054
0.08944543828264759
0.09123434704830054
0.09123434704830054
0.09123434704830054
0.09123434704830054
0.09123434704830054
0.09123434704830054
0.08944543828264759
0.08944543828264759
0.09302325581395349
0.09302325581395349
0.09481216457960644
0.09123434704830054
0.09123434704830054
0.09123434704830054
0.09302325581395349
0.09302325581395349
0.09302325581395349
0.09481216457960644
0.09302325581395349
0.09302325581395349
0.08944543828264759
0.09481216457960644
0.09302325581395349
0.09123434704830054
