0.16457960644007155
0.16457960644007155
0.15742397137745975
0.15026833631484796
0.15026833631484796
0.15026833631484796
0.15026833631484796
0.15026833631484796
0.15026833631484796
0.15026833631484796
0.15026833631484796
0.15026833631484796
0.15026833631484796
0.15026833631484796
0.15026833631484796
0.15026833631484796
0.15026833631484796
0.15026833631484796
0.15026833631484796
0.15026833631484796
0.15026833631484796
0.15026833631484796
0.15026833631484796
0.15026833631484796
0.15026833631484796
0.15026833631484796
0.15026833631484796
0.15026833631484796
0.15026833631484796
0.15026833631484796
0.15026833631484796
0.15026833631484796
0.15026833631484796
0.15026833631484796
0.15026833631484796
0.15026833631484796
0.15026833631484796
0.15026833631484796
0.15026833631484796
0.15026833631484796
0.15026833631484796
0.15026833631484796
0.15026833631484796
0.15026833631484796
0.15026833631484796
0.15026833631484796
0.15026833631484796
0.15026833631484796
0.15026833631484796
0.15026833631484796
